==============================================================================
==============================================================================
Wed. Apr. 9 2014                  LANDSAT 5                       Time: 20:52
                            Image Assessment System
                            GEOMETRIC VERIFY Report
==============================================================================
Order ID: 0101404070369_00178                          Path / Row - 228 / 79
Reference Image: L51CUB1011014130100_HDF.L1G

Color mapping per rank
----------------------
Rank  1 is Green: total residual <= 0.5
Rank  2 is Cyan: 0.5 < total residual <=  1
Rank  3 is Blue:  1 < total residual <=  2
Rank  4 is Yellow:  2 < total residual <=  3
Rank  5 is Red:  3 < total residual

Percentage of residuals by rank
-------------------------------
Rank   1 -- 95.8%
Rank   2 --  4.2%
Rank   3 --  0.0%
Rank   4 --  0.0%
Rank   5 --  0.0%

       GCP    Latitude    Longitude  Sample   Line     Total    Rank
        ID                           Residual Residual Residual
              (Degree)    (Degree)   (Pixel)  (Pixel)  (Pixel)
----------------------------------------------------------------------
2280790093  -26.53661    -62.12418     0.24     -0.47     0.53     2 
2280790173  -26.56099    -61.96286     0.30     -0.13     0.33     1 
2280790240  -26.58809    -62.22049    -0.07     -0.20     0.21     1 
2280790246  -26.58690    -62.02710    -0.02      0.09     0.09     1 
2280790247  -26.58667    -61.99486     0.40     -0.12     0.41     1 
2280790248  -26.58644    -61.96263     0.06     -0.23     0.24     1 
2280790316  -26.61337    -62.18808    -0.62      0.10     0.63     2 
2280790333  -26.60919    -61.64004     0.24      0.02     0.24     1 
2280790334  -26.60887    -61.60780     0.03     -0.01     0.03     1 
2280790398  -26.63736    -61.96217     0.32     -0.26     0.41     1 
2280790402  -26.63636    -61.83319     0.11     -0.28     0.30     1 
2280790408  -26.63464    -61.63974     0.06     -0.27     0.28     1 
2280790409  -26.63433    -61.60749     0.19     -0.05     0.19     1 
2280790410  -26.63401    -61.57525     0.03     -0.04     0.05     1 
2280790411  -26.63368    -61.54301    -0.09     -0.13     0.16     1 
2280790412  -26.63335    -61.51078    -0.08      0.17     0.19     1 
2280790413  -26.63301    -61.47854    -0.04     -0.09     0.10     1 
2280790415  -26.63230    -61.41406     0.14      0.00     0.14     1 
2280790471  -26.66327    -62.02645    -0.09     -0.13     0.16     1 
2280790472  -26.66305    -61.99419     0.09      0.06     0.11     1 
2280790473  -26.66282    -61.96194     0.25      0.04     0.26     1 
2280790477  -26.66182    -61.83293     0.45     -0.30     0.54     2 
2280790483  -26.66009    -61.63943     0.21     -0.11     0.24     1 
2280790485  -26.65946    -61.57494    -0.10     -0.18     0.21     1 
2280790490  -26.65776    -61.41371     0.17      0.02     0.17     1 
2280790495  -26.65586    -61.25249    -0.06      0.05     0.08     1 
2280790542  -26.68956    -62.15528     0.01     -0.33     0.33     1 
2280790543  -26.68936    -62.12302     0.03     -0.22     0.23     1 
2280790544  -26.68916    -62.09075     0.06     -0.48     0.48     1 
2280790552  -26.68727    -61.83267     0.10     -0.06     0.11     1 
2280790557  -26.68586    -61.67139     0.17     -0.03     0.17     1 
2280790558  -26.68555    -61.63913     0.19      0.04     0.19     1 
2280790559  -26.68524    -61.60688     0.43      0.02     0.43     1 
2280790560  -26.68492    -61.57462    -0.09     -0.13     0.16     1 
2280790563  -26.68391    -61.47786     0.02     -0.07     0.08     1 
2280790566  -26.68284    -61.38110     0.04      0.03     0.05     1 
2280790568  -26.68209    -61.31660     0.13      0.18     0.22     1 
2280790569  -26.68171    -61.28435     0.05      0.09     0.10     1 
2280790571  -26.68091    -61.21986     0.27      0.10     0.28     1 
2280790573  -26.68009    -61.15536    -0.20      0.00     0.20     1 
2280790624  -26.71349    -61.92921     0.04     -0.13     0.14     1 
2280790631  -26.71161    -61.70336     0.15     -0.35     0.38     1 
2280790632  -26.71131    -61.67109     0.03      0.03     0.05     1 
2280790634  -26.71069    -61.60657    -0.09     -0.04     0.10     1 
2280790635  -26.71037    -61.57431    -0.08     -0.15     0.17     1 
2280790636  -26.71004    -61.54204     0.17      0.07     0.19     1 
2280790640  -26.70866    -61.41300    -0.06      0.05     0.08     1 
2280790641  -26.70829    -61.38074     0.00     -0.14     0.14     1 
2280790642  -26.70792    -61.34849     0.05      0.09     0.11     1 
2280790645  -26.70676    -61.25172     0.26      0.14     0.29     1 
2280790646  -26.70636    -61.21946    -0.03     -0.09     0.09     1 
2280790648  -26.70554    -61.15495    -0.04      0.11     0.12     1 
2280790649  -26.70511    -61.12270     0.19      0.14     0.23     1 
2280790651  -26.70425    -61.05820    -0.13      0.05     0.14     1 
2280790653  -26.70335    -60.99370     0.02     -0.01     0.03     1 
2280790655  -26.70242    -60.92920     0.07      0.03     0.08     1 
2280790700  -26.73870    -61.89670     0.09      0.19     0.20     1 
2280790701  -26.73845    -61.86443     0.23     -0.19     0.30     1 
2280790702  -26.73819    -61.83215    -0.01      0.05     0.05     1 
2280790703  -26.73792    -61.79988    -0.13     -0.08     0.16     1 
2280790706  -26.73706    -61.70307     0.11     -0.28     0.30     1 
2280790707  -26.73676    -61.67080     0.11     -0.15     0.19     1 
2280790708  -26.73646    -61.63853     0.04     -0.02     0.04     1 
2280790709  -26.73615    -61.60626    -0.01      0.26     0.26     1 
2280790710  -26.73582    -61.57399     0.15     -0.05     0.16     1 
2280790713  -26.73482    -61.47718    -0.05      0.06     0.08     1 
2280790715  -26.73411    -61.41265     0.17      0.01     0.17     1 
2280790716  -26.73375    -61.38038     0.45     -0.11     0.46     1 
2280790717  -26.73337    -61.34812     0.13     -0.06     0.14     1 
2280790719  -26.73261    -61.28359     0.09     -0.06     0.11     1 
2280790723  -26.73099    -61.15454     0.03     -0.05     0.06     1 
2280790727  -26.72925    -61.02551     0.11      0.20     0.23     1 
2280790731  -26.72739    -60.89648     0.05      0.16     0.17     1 
2280790734  -26.72593    -60.79972     0.17      0.06     0.18     1 
2280790735  -26.72542    -60.76747     0.01     -0.25     0.25     1 
2280790777  -26.76364    -61.83189     0.06     -0.04     0.08     1 
2280790778  -26.76337    -61.79961     0.14      0.10     0.17     1 
2280790782  -26.76222    -61.67050    -0.19     -0.03     0.19     1 
2280790783  -26.76191    -61.63822     0.43      0.03     0.43     1 
2280790784  -26.76160    -61.60595    -0.17     -0.11     0.20     1 
2280790785  -26.76128    -61.57367     0.05     -0.17     0.18     1 
2280790791  -26.75920    -61.38002     0.04      0.11     0.12     1 
2280790792  -26.75882    -61.34775    -0.01      0.14     0.14     1 
2280790794  -26.75806    -61.28321    -0.07     -0.02     0.07     1 
2280790796  -26.75726    -61.21867     0.08     -0.23     0.24     1 
2280790797  -26.75685    -61.18640     0.10      0.18     0.21     1 
2280790799  -26.75601    -61.12186     0.03     -0.10     0.11     1 
2280790800  -26.75558    -61.08960     0.00     -0.55     0.55     2 
2280790806  -26.75284    -60.89601    -0.00      0.09     0.09     1 
2280790807  -26.75236    -60.86375    -0.09      0.32     0.33     1 
2280790809  -26.75137    -60.79923    -0.00      0.04     0.04     1 
2280790812  -26.74983    -60.70246     0.30      0.10     0.32     1 
2280790813  -26.74930    -60.67020    -0.20      0.19     0.28     1 
2280790814  -26.74877    -60.63795     0.20      0.12     0.23     1 
2280790815  -26.74823    -60.60569    -0.11     -0.03     0.11     1 
2280790846  -26.79056    -62.02536     0.09     -0.07     0.12     1 
2280790849  -26.78986    -61.92850    -0.00     -0.13     0.13     1 
2280790853  -26.78883    -61.79935     0.25     -0.07     0.26     1 
2280790856  -26.78797    -61.70249     0.12     -0.09     0.15     1 
2280790857  -26.78767    -61.67020     0.04      0.06     0.08     1 
2280790859  -26.78705    -61.60563     0.12     -0.02     0.12     1 
2280790860  -26.78673    -61.57335     0.04      0.16     0.16     1 
2280790864  -26.78537    -61.44422     0.10     -0.19     0.21     1 
2280790865  -26.78501    -61.41194     0.29      0.14     0.32     1 
2280790866  -26.78465    -61.37966    -0.22     -0.30     0.37     1 
2280790872  -26.78230    -61.18600     0.05     -0.03     0.06     1 
2280790873  -26.78188    -61.15372     0.24      0.11     0.26     1 
2280790874  -26.78146    -61.12145     0.08     -0.20     0.21     1 
2280790877  -26.78014    -61.02463     0.05      0.23     0.24     1 
2280790880  -26.77876    -60.92781     0.12      0.06     0.13     1 
2280790882  -26.77780    -60.86328    -0.01      0.19     0.19     1 
2280790883  -26.77731    -60.83101     0.04     -0.19     0.19     1 
2280790884  -26.77681    -60.79874     0.31      0.04     0.32     1 
2280790888  -26.77475    -60.66968    -0.04     -0.02     0.04     1 
2280790889  -26.77421    -60.63742    -0.03      0.02     0.03     1 
2280790890  -26.77367    -60.60516     0.15      0.03     0.15     1 
2280790891  -26.77312    -60.57290     0.29     -0.06     0.30     1 
2280790893  -26.77200    -60.50838    -0.02     -0.20     0.20     1 
2280790894  -26.77143    -60.47612    -0.08     -0.03     0.08     1 
2280790895  -26.77085    -60.44386     0.05      0.02     0.05     1 
2280790921  -26.81602    -62.02515    -0.04     -0.15     0.15     1 
2280790924  -26.81532    -61.92826    -0.25     -0.00     0.25     1 
2280790927  -26.81455    -61.83137    -0.06      0.01     0.06     1 
2280790928  -26.81428    -61.79908    -0.04     -0.04     0.06     1 
2280790929  -26.81401    -61.76678     0.28     -0.36     0.46     1 
2280790930  -26.81372    -61.73449    -0.05      0.01     0.06     1 
2280790932  -26.81313    -61.66991    -0.09     -0.14     0.17     1 
2280790934  -26.81251    -61.60532    -0.15     -0.22     0.27     1 
2280790937  -26.81152    -61.50845     0.08     -0.02     0.08     1 
2280790939  -26.81082    -61.44388    -0.22      0.14     0.26     1 
2280790940  -26.81047    -61.41159     0.19     -0.04     0.20     1 
2280790941  -26.81010    -61.37930     0.36      0.14     0.39     1 
2280790945  -26.80856    -61.25016     0.11      0.04     0.11     1 
2280790956  -26.80373    -60.89507    -0.39      0.32     0.51     2 
2280790958  -26.80275    -60.83052    -0.03      0.13     0.13     1 
2280790959  -26.80225    -60.79825    -0.08      0.00     0.08     1 
2280790960  -26.80175    -60.76598     0.06      0.51     0.51     2 
2280790961  -26.80123    -60.73371    -0.04     -0.12     0.13     1 
2280790962  -26.80071    -60.70143     0.28     -0.06     0.29     1 
2280790963  -26.80019    -60.66916    -0.05     -0.48     0.48     1 
2280790964  -26.79965    -60.63689    -0.07      0.01     0.07     1 
2280790965  -26.79911    -60.60462    -0.14     -0.17     0.23     1 
2280790966  -26.79856    -60.57236     0.06     -0.06     0.08     1 
2280790967  -26.79800    -60.54009     0.07      0.14     0.16     1 
2280790968  -26.79744    -60.50782     0.00      0.14     0.14     1 
2280790969  -26.79687    -60.47556    -0.05     -0.07     0.09     1 
2280790970  -26.79629    -60.44329     0.02      0.03     0.04     1 
2280790971  -26.79570    -60.41103     0.11     -0.13     0.18     1 
2280790988  -26.84302    -62.28337     0.28     -0.46     0.54     2 
2280790997  -26.84125    -61.99262     0.18     -0.29     0.34     1 
2280790998  -26.84102    -61.96032     0.03     -0.23     0.23     1 
2280791001  -26.84027    -61.86341    -0.14     -0.15     0.20     1 
2280791003  -26.83974    -61.79881     0.12     -0.08     0.14     1 
2280791004  -26.83946    -61.76651    -0.17     -0.03     0.17     1 
2280791009  -26.83796    -61.60501     0.01      0.07     0.07     1 
2280791010  -26.83764    -61.57271     0.21     -0.05     0.21     1 
2280791011  -26.83731    -61.54042     0.08      0.15     0.17     1 
2280791012  -26.83697    -61.50812     0.14      0.02     0.14     1 
2280791013  -26.83663    -61.47582     0.26      0.58     0.63     2 
2280791014  -26.83628    -61.44353     0.08     -0.22     0.23     1 
2280791017  -26.83518    -61.34665    -0.03     -0.14     0.15     1 
2280791019  -26.83441    -61.28206    -0.00     -0.10     0.10     1 
2280791025  -26.83192    -61.08832    -0.16     -0.02     0.16     1 
2280791026  -26.83148    -61.05603     0.12     -0.06     0.14     1 
2280791028  -26.83058    -60.99146    -0.04      0.05     0.06     1 
2280791030  -26.82965    -60.92689     0.11      0.13     0.18     1 
2280791032  -26.82869    -60.86232     0.41     -0.24     0.48     1 
2280791036  -26.82668    -60.73320    -0.02      0.07     0.08     1 
2280791037  -26.82615    -60.70092     0.21      0.15     0.26     1 
2280791038  -26.82563    -60.66864    -0.14      0.02     0.14     1 
2280791039  -26.82509    -60.63636     0.13     -0.10     0.17     1 
2280791040  -26.82455    -60.60409     0.13     -0.03     0.13     1 
2280791041  -26.82400    -60.57181     0.07      0.04     0.08     1 
2280791042  -26.82344    -60.53954     0.10     -0.03     0.10     1 
2280791044  -26.82230    -60.47499     0.11     -0.02     0.11     1 
2280791046  -26.82113    -60.41045    -0.07     -0.01     0.07     1 
2280791064  -26.86832    -62.25090     0.09     -0.46     0.47     1 
2280791066  -26.86796    -62.18627    -0.09     -0.26     0.28     1 
2280791069  -26.86737    -62.08933    -0.07     -0.34     0.34     1 
2280791071  -26.86694    -62.02471     0.07     -0.23     0.24     1 
2280791075  -26.86598    -61.89547    -0.03     -0.14     0.15     1 
2280791076  -26.86573    -61.86316    -0.13     -0.04     0.13     1 
2280791077  -26.86547    -61.83085    -0.13     -0.21     0.25     1 
2280791078  -26.86519    -61.79854     0.13     -0.12     0.18     1 
2280791081  -26.86434    -61.70162     0.09      0.14     0.16     1 
2280791082  -26.86404    -61.66931    -0.11     -0.20     0.23     1 
2280791083  -26.86373    -61.63701     0.05     -0.12     0.13     1 
2280791088  -26.86208    -61.47548    -0.07     -0.04     0.08     1 
2280791091  -26.86100    -61.37858    -0.10      0.10     0.14     1 
2280791092  -26.86063    -61.34627     0.06     -0.09     0.11     1 
2280791093  -26.86024    -61.31397     0.05     -0.01     0.05     1 
2280791094  -26.85986    -61.28167    -0.02     -0.08     0.09     1 
2280791095  -26.85946    -61.24938    -0.08      0.01     0.08     1 
2280791096  -26.85906    -61.21708    -0.06     -0.02     0.06     1 
2280791097  -26.85864    -61.18478     0.21      0.00     0.21     1 
2280791098  -26.85823    -61.15248    -0.02     -0.11     0.11     1 
2280791103  -26.85602    -60.99101    -0.03      0.02     0.03     1 
2280791109  -26.85314    -60.79727    -0.23      0.04     0.24     1 
2280791111  -26.85212    -60.73269     0.29     -0.04     0.29     1 
2280791112  -26.85159    -60.70041     0.11      0.02     0.12     1 
2280791113  -26.85107    -60.66812     0.10      0.03     0.11     1 
2280791114  -26.85053    -60.63584     0.20     -0.00     0.20     1 
2280791115  -26.84999    -60.60355    -0.09     -0.08     0.12     1 
2280791117  -26.84888    -60.53899    -0.20      0.03     0.20     1 
2280791118  -26.84831    -60.50671    -0.07      0.06     0.09     1 
2280791145  -26.89261    -62.05681     0.19     -0.31     0.37     1 
2280791147  -26.89217    -61.99217     0.16     -0.14     0.21     1 
2280791148  -26.89193    -61.95985    -0.02     -0.16     0.16     1 
2280791149  -26.89169    -61.92754    -0.10     -0.01     0.10     1 
2280791150  -26.89144    -61.89522     0.12     -0.19     0.22     1 
2280791154  -26.89037    -61.76596     0.06      0.15     0.16     1 
2280791156  -26.88979    -61.70133     0.25     -0.00     0.25     1 
2280791158  -26.88918    -61.63670    -0.07     -0.21     0.22     1 
2280791159  -26.88887    -61.60439    -0.36     -0.29     0.46     1 
2280791160  -26.88855    -61.57207     0.19     -0.19     0.27     1 
2280791161  -26.88821    -61.53976    -0.12     -0.01     0.12     1 
2280791163  -26.88753    -61.47514     0.37      0.09     0.38     1 
2280791164  -26.88718    -61.44283     0.36     -0.01     0.36     1 
2280791166  -26.88645    -61.37821     0.33      0.03     0.33     1 
2280791167  -26.88608    -61.34591     0.00     -0.10     0.10     1 
2280791168  -26.88569    -61.31360     0.11     -0.02     0.11     1 
2280791169  -26.88531    -61.28129     0.17      0.12     0.21     1 
2280791170  -26.88491    -61.24898    -0.17      0.12     0.21     1 
2280791171  -26.88451    -61.21668     0.04     -0.11     0.11     1 
2280791173  -26.88368    -61.15207    -0.02      0.02     0.03     1 
2280791178  -26.88147    -60.99056    -0.32      0.04     0.32     1 
2280791180  -26.88054    -60.92596     0.15      0.25     0.29     1 
2280791181  -26.88006    -60.89366     0.11      0.28     0.30     1 
2280791182  -26.87957    -60.86136    -0.02      0.25     0.26     1 
2280791183  -26.87908    -60.82907    -0.01     -0.03     0.03     1 
2280791186  -26.87756    -60.73218     0.57     -0.10     0.58     2 
2280791187  -26.87703    -60.69989     0.00      0.20     0.20     1 
2280791188  -26.87651    -60.66760     0.30     -0.19     0.36     1 
2280791190  -26.87542    -60.60302    -0.58      0.20     0.61     2 
2280791191  -26.87487    -60.57073    -0.04     -0.19     0.20     1 
2280791193  -26.87375    -60.50615    -0.15      0.41     0.44     1 
2280791195  -26.87259    -60.44158    -0.33      0.18     0.38     1 
2280791196  -26.87200    -60.40929    -0.10     -0.32     0.34     1 
2280791216  -26.91888    -62.18591     0.10     -0.53     0.54     2 
2280791219  -26.91828    -62.08893    -0.42      0.12     0.44     1 
2280791220  -26.91807    -62.05660     0.36     -0.13     0.39     1 
2280791224  -26.91715    -61.92730    -0.00     -0.07     0.07     1 
2280791225  -26.91690    -61.89497    -0.03     -0.19     0.20     1 
2280791226  -26.91664    -61.86265     0.13     -0.25     0.28     1 
2280791227  -26.91638    -61.83033    -0.30     -0.44     0.53     2 
2280791229  -26.91583    -61.76568    -0.15     -0.28     0.31     1 
2280791230  -26.91554    -61.73336    -0.20     -0.15     0.25     1 
2280791232  -26.91495    -61.66871     0.09      0.02     0.09     1 
2280791233  -26.91464    -61.63639    -0.18      0.01     0.18     1 
2280791235  -26.91400    -61.57176     0.03     -0.17     0.17     1 
2280791236  -26.91367    -61.53944     0.01     -0.08     0.08     1 
2280791237  -26.91333    -61.50712     0.05      0.07     0.09     1 
2280791239  -26.91263    -61.44248     0.05     -0.20     0.21     1 
2280791240  -26.91227    -61.41016     0.02     -0.09     0.09     1 
2280791241  -26.91190    -61.37785     0.19     -0.11     0.22     1 
2280791242  -26.91153    -61.34553    -0.22      0.03     0.22     1 
2280791244  -26.91076    -61.28090    -0.07      0.03     0.08     1 
2280791245  -26.91036    -61.24859    -0.02     -0.10     0.11     1 
2280791247  -26.90954    -61.18397     0.08      0.17     0.19     1 
2280791250  -26.90826    -61.08703    -0.39      0.08     0.40     1 
2280791253  -26.90692    -60.99011     0.12     -0.16     0.20     1 
2280791254  -26.90645    -60.95780     0.10      0.13     0.17     1 
2280791257  -26.90502    -60.86089     0.20      0.23     0.31     1 
2280791258  -26.90452    -60.82858    -0.02     -0.07     0.07     1 
2280791260  -26.90351    -60.76398    -0.06     -0.15     0.17     1 
2280791262  -26.90248    -60.69938     0.05     -0.35     0.35     1 
2280791266  -26.90031    -60.57018    -0.33     -0.28     0.44     1 
2280791267  -26.89975    -60.53789    -0.32     -0.19     0.37     1 
2280791269  -26.89861    -60.47330    -0.16     -0.04     0.16     1 
2280791270  -26.89803    -60.44100     0.08     -0.06     0.10     1 
2280791292  -26.94414    -62.15339    -0.09     -0.14     0.17     1 
2280791295  -26.94353    -62.05639    -0.44     -0.23     0.49     1 
2280791299  -26.94260    -61.92706     0.19      0.06     0.20     1 
2280791300  -26.94235    -61.89473     0.10     -0.04     0.11     1 
2280791305  -26.94100    -61.73307     0.05     -0.11     0.13     1 
2280791306  -26.94070    -61.70074     0.24     -0.13     0.27     1 
2280791313  -26.93844    -61.47446    -0.02      0.12     0.12     1 
2280791315  -26.93772    -61.40981     0.04     -0.23     0.23     1 
2280791316  -26.93735    -61.37749    -0.02     -0.03     0.04     1 
2280791318  -26.93660    -61.31284    -0.01     -0.22     0.22     1 
2280791319  -26.93621    -61.28052     0.21     -0.08     0.23     1 
2280791320  -26.93581    -61.24820    -0.05     -0.15     0.16     1 
2280791321  -26.93540    -61.21588    -0.10     -0.10     0.14     1 
2280791325  -26.93371    -61.08660    -0.12     -0.17     0.21     1 
2280791329  -26.93190    -60.95734    -0.12      0.09     0.15     1 
2280791330  -26.93142    -60.92503     0.18      0.48     0.51     2 
2280791331  -26.93095    -60.89272    -0.10     -0.00     0.10     1 
2280791332  -26.93046    -60.86041    -0.48      0.02     0.48     1 
2280791333  -26.92996    -60.82809    -0.02     -0.17     0.17     1 
2280791334  -26.92946    -60.79579     0.08     -0.18     0.20     1 
2280791337  -26.92792    -60.69886    -0.22     -0.06     0.23     1 
2280791338  -26.92739    -60.66655     0.12     -0.16     0.21     1 
2280791342  -26.92519    -60.53733    -0.08     -0.11     0.13     1 
2280791344  -26.92405    -60.47273    -0.02      0.11     0.11     1 
2280791345  -26.92346    -60.44043     0.17     -0.18     0.25     1 
2280791364  -26.97015    -62.25023    -0.31     -0.36     0.47     1 
2280791367  -26.96960    -62.15320    -0.10     -0.35     0.37     1 
2280791376  -26.96755    -61.86214    -0.28     -0.37     0.47     1 
2280791377  -26.96729    -61.82980     0.04      0.06     0.08     1 
2280791380  -26.96645    -61.73279     0.18      0.13     0.22     1 
2280791381  -26.96616    -61.70045    -0.01     -0.04     0.04     1 
2280791385  -26.96490    -61.57111    -0.05      0.09     0.11     1 
2280791386  -26.96457    -61.53878    -0.21     -0.25     0.32     1 
2280791387  -26.96423    -61.50645     0.33     -0.34     0.47     1 
2280791389  -26.96353    -61.44178     0.10     -0.02     0.11     1 
2280791391  -26.96280    -61.37712    -0.22      0.07     0.23     1 
2280791392  -26.96243    -61.34479     0.04     -0.03     0.05     1 
2280791393  -26.96204    -61.31246     0.01      0.04     0.04     1 
2280791394  -26.96165    -61.28013    -0.05     -0.02     0.05     1 
2280791396  -26.96085    -61.21548     0.10      0.14     0.17     1 
2280791398  -26.96002    -61.15082    -0.10     -0.26     0.28     1 
2280791399  -26.95959    -61.11850     0.06     -0.06     0.09     1 
2280791400  -26.95915    -61.08617    -0.24     -0.25     0.35     1 
2280791403  -26.95781    -60.98921    -0.01     -0.03     0.04     1 
2280791404  -26.95734    -60.95688     0.04     -0.13     0.13     1 
2280791406  -26.95639    -60.89224     0.04     -0.22     0.23     1 
2280791408  -26.95541    -60.82761     0.15      0.16     0.22     1 
2280791409  -26.95491    -60.79529    -0.01     -0.03     0.03     1 
2280791411  -26.95388    -60.73066    -0.18      0.26     0.31     1 
2280791412  -26.95336    -60.69834    -0.37      0.07     0.37     1 
2280791413  -26.95283    -60.66603     0.24      0.13     0.27     1 
2280791416  -26.95119    -60.56909     0.06     -0.14     0.15     1 
2280791418  -26.95006    -60.50447    -0.18      0.18     0.26     1 
2280791420  -26.94890    -60.43986    -0.01     -0.07     0.07     1 
2280791438  -26.99578    -62.28241     0.12     -0.42     0.44     1 
2280791440  -26.99543    -62.21771     0.07     -0.55     0.56     2 
2280791441  -26.99525    -62.18536    -0.04     -0.53     0.54     2 
2280791443  -26.99486    -62.12066     0.08     -0.10     0.13     1 
2280791449  -26.99352    -61.92657     0.20     -0.19     0.28     1 
2280791455  -26.99190    -61.73250     0.00     -0.08     0.08     1 
2280791459  -26.99068    -61.60313    -0.09      0.05     0.11     1 
2280791460  -26.99036    -61.57079     0.16     -0.17     0.24     1 
2280791461  -26.99002    -61.53845    -0.06     -0.01     0.06     1 
2280791462  -26.98969    -61.50611    -0.04      0.54     0.54     2 
2280791464  -26.98898    -61.44143     0.16     -0.04     0.17     1 
2280791465  -26.98862    -61.40909     0.31     -0.05     0.31     1 
2280791466  -26.98825    -61.37676    -0.13      0.13     0.18     1 
2280791469  -26.98710    -61.27975     0.01     -0.14     0.14     1 
2280791470  -26.98671    -61.24741     0.17     -0.22     0.28     1 
2280791471  -26.98630    -61.21508    -0.04     -0.06     0.07     1 
2280791472  -26.98589    -61.18274    -0.00     -0.19     0.19     1 
2280791473  -26.98547    -61.15041     0.46     -0.06     0.47     1 
2280791474  -26.98504    -61.11808    -0.23      0.04     0.24     1 
2280791475  -26.98460    -61.08575    -0.09      0.19     0.21     1 
2280791477  -26.98371    -61.02108    -0.01     -0.28     0.28     1 
2280791478  -26.98325    -60.98875     0.11      0.04     0.11     1 
2280791480  -26.98231    -60.92410    -0.08      0.26     0.27     1 
2280791485  -26.97984    -60.76247    -0.02     -0.03     0.03     1 
2280791487  -26.97880    -60.69783     0.26     -0.06     0.26     1 
2280791490  -26.97718    -60.60086     0.14      0.36     0.38     1 
2280791491  -26.97662    -60.56855    -0.33      0.31     0.45     1 
2280791492  -26.97606    -60.53623    -0.46     -0.42     0.62     2 
2280791493  -26.97549    -60.50391    -0.05     -0.05     0.07     1 
2280791494  -26.97492    -60.47160    -0.22     -0.15     0.27     1 
2280791495  -26.97433    -60.43928     0.08     -0.27     0.28     1 
2280791515  -27.02089    -62.21753     0.03     -0.24     0.24     1 
2280791516  -27.02071    -62.18517     0.10     -0.23     0.25     1 
2280791517  -27.02052    -62.15282    -0.11     -0.26     0.29     1 
2280791518  -27.02032    -62.12046    -0.03     -0.31     0.31     1 
2280791521  -27.01968    -62.02340    -0.16     -0.35     0.38     1 
2280791530  -27.01736    -61.73222     0.10      0.20     0.23     1 
2280791531  -27.01706    -61.69987     0.05     -0.09     0.11     1 
2280791532  -27.01676    -61.66752     0.00     -0.08     0.08     1 
2280791538  -27.01479    -61.47343    -0.24     -0.09     0.25     1 
2280791539  -27.01444    -61.44108    -0.03     -0.05     0.06     1 
2280791540  -27.01407    -61.40874    -0.00     -0.30     0.30     1 
2280791541  -27.01371    -61.37639    -0.33      0.05     0.33     1 
2280791542  -27.01333    -61.34405    -0.03     -0.19     0.19     1 
2280791543  -27.01294    -61.31170    -0.15     -0.30     0.33     1 
2280791544  -27.01255    -61.27936    -0.14     -0.28     0.31     1 
2280791545  -27.01215    -61.24702     0.02     -0.22     0.22     1 
2280791546  -27.01175    -61.21467     0.22     -0.10     0.24     1 
2280791547  -27.01133    -61.18233    -0.24      0.12     0.27     1 
2280791548  -27.01091    -61.14999     0.06     -0.05     0.08     1 
2280791553  -27.00869    -60.98830     0.13     -0.16     0.21     1 
2280791554  -27.00823    -60.95596    -0.20      0.22     0.30     1 
2280791558  -27.00629    -60.82663    -0.19      0.03     0.20     1 
2280791559  -27.00579    -60.79430    -0.13      0.00     0.13     1 
2280791560  -27.00528    -60.76197    -0.06     -0.00     0.06     1 
2280791564  -27.00316    -60.63265     0.38     -0.46     0.60     2 
2280791565  -27.00262    -60.60032    -0.06     -0.08     0.10     1 
2280791567  -27.00150    -60.53567    -0.05     -0.02     0.05     1 
2280791569  -27.00035    -60.47103    -0.05     -0.16     0.17     1 
2280791596  -27.04514    -62.02317     0.28      0.18     0.33     1 
2280791597  -27.04491    -61.99081     0.08     -0.05     0.09     1 
2280791598  -27.04467    -61.95845     0.02     -0.09     0.09     1 
2280791606  -27.04252    -61.69957    -0.02     -0.00     0.02     1 
2280791609  -27.04159    -61.60250     0.06     -0.04     0.07     1 
2280791613  -27.04024    -61.47308     0.03     -0.02     0.04     1 
2280791614  -27.03989    -61.44073    -0.13     -0.01     0.13     1 
2280791615  -27.03953    -61.40838    -0.24     -0.13     0.27     1 
2280791618  -27.03839    -61.31132    -0.13     -0.13     0.18     1 
2280791621  -27.03720    -61.21427     0.33     -0.15     0.36     1 
2280791624  -27.03593    -61.11723     0.10     -0.15     0.18     1 
2280791625  -27.03549    -61.08488    -0.24     -0.24     0.34     1 
2280791628  -27.03414    -60.98785    -0.12     -0.02     0.12     1 
2280791633  -27.03173    -60.82614    -0.02      0.09     0.09     1 
2280791635  -27.03072    -60.76146    -0.11     -0.09     0.14     1 
2280791639  -27.02860    -60.63212    -0.39     -0.17     0.42     1 
2280791640  -27.02805    -60.59978    -0.21     -0.06     0.22     1 
2280791641  -27.02750    -60.56745    -0.04      0.00     0.04     1 
2280791644  -27.02579    -60.47046     0.01     -0.17     0.17     1 
2280791674  -27.06988    -61.92585    -0.07     -0.22     0.23     1 
2280791681  -27.06797    -61.69928    -0.29      0.11     0.31     1 
2280791683  -27.06736    -61.63455    -0.08     -0.05     0.10     1 
2280791689  -27.06534    -61.44038     0.04     -0.08     0.09     1 
2280791690  -27.06498    -61.40802    -0.13      0.05     0.14     1 
2280791691  -27.06461    -61.37566    -0.17      0.10     0.19     1 
2280791693  -27.06384    -61.31094     0.14     -0.32     0.35     1 
2280791694  -27.06345    -61.27858     0.28     -0.03     0.28     1 
2280791695  -27.06305    -61.24623     0.20      0.04     0.20     1 
2280791697  -27.06223    -61.18151    -0.17     -0.11     0.20     1 
2280791699  -27.06138    -61.11680    -0.24      0.02     0.24     1 
2280791702  -27.06004    -61.01975    -0.21     -0.02     0.21     1 
2280791704  -27.05912    -60.95504    -0.08     -0.18     0.19     1 
2280791705  -27.05864    -60.92269    -0.08     -0.03     0.09     1 
2280791707  -27.05767    -60.85800     0.04     -0.15     0.15     1 
2280791711  -27.05564    -60.72861    -0.15     -0.39     0.41     1 
2280791712  -27.05512    -60.69627     0.10      0.15     0.18     1 
2280791713  -27.05458    -60.66392    -0.17     -0.05     0.17     1 
2280791715  -27.05349    -60.59924     0.16     -0.02     0.16     1 
2280791718  -27.05180    -60.50222     0.21     -0.20     0.29     1 
2280791719  -27.05122    -60.46989    -0.07     -0.30     0.31     1 
2280791747  -27.09582    -61.99036     0.02     -0.47     0.47     1 
2280791749  -27.09534    -61.92560    -0.07     -0.22     0.23     1 
2280791753  -27.09429    -61.79611     0.34     -0.27     0.43     1 
2280791757  -27.09312    -61.66661     0.11     -0.28     0.30     1 
2280791760  -27.09217    -61.56950    -0.31     -0.10     0.32     1 
2280791761  -27.09183    -61.53713    -0.05      0.00     0.05     1 
2280791762  -27.09149    -61.50476    -0.10     -0.21     0.23     1 
2280791764  -27.09079    -61.44002     0.29      0.16     0.33     1 
2280791765  -27.09043    -61.40766     0.07     -0.00     0.07     1 
2280791767  -27.08968    -61.34292     0.06     -0.14     0.15     1 
2280791769  -27.08890    -61.27819    -0.19     -0.06     0.19     1 
2280791772  -27.08768    -61.18110    -0.11     -0.10     0.15     1 
2280791775  -27.08639    -61.08402    -0.01     -0.12     0.12     1 
2280791778  -27.08503    -60.98694    -0.05      0.04     0.06     1 
2280791779  -27.08456    -60.95458    -0.09     -0.38     0.39     1 
2280791782  -27.08311    -60.85751    -0.49      0.14     0.51     2 
2280791783  -27.08262    -60.82516     0.13     -0.34     0.37     1 
2280791784  -27.08211    -60.79280     0.09     -0.17     0.19     1 
2280791785  -27.08160    -60.76045     0.02     -0.06     0.07     1 
2280791786  -27.08108    -60.72810    -0.09     -0.21     0.23     1 
2280791787  -27.08056    -60.69575    -0.05     -0.38     0.38     1 
2280791790  -27.07893    -60.59870    -0.05     -0.12     0.13     1 
2280791791  -27.07838    -60.56635     0.09     -0.13     0.16     1 
2280791792  -27.07781    -60.53401    -0.05     -0.03     0.05     1 
2280791793  -27.07724    -60.50166    -0.29     -0.08     0.30     1 
2280791794  -27.07666    -60.46932     0.01     -0.33     0.33     1 
2280791834  -27.11794    -61.60155    -0.11     -0.06     0.12     1 
2280791840  -27.11588    -61.40730    -0.03     -0.36     0.36     1 
2280791842  -27.11513    -61.34255    -0.53     -0.07     0.53     2 
2280791843  -27.11474    -61.31018    -0.21      0.16     0.27     1 
2280791846  -27.11354    -61.21306     0.14      0.14     0.20     1 
2280791847  -27.11312    -61.18069     0.02     -0.18     0.18     1 
2280791851  -27.11139    -61.05122     0.26      0.43     0.50     1 
2280791855  -27.10953    -60.92175     0.08     -0.29     0.30     1 
2280791856  -27.10905    -60.88939    -0.08     -0.11     0.13     1 
2280791860  -27.10704    -60.75995    -0.10      0.04     0.10     1 
2280791865  -27.10437    -60.59816    -0.06     -0.19     0.20     1 
2280791868  -27.10268    -60.50109    -0.10     -0.38     0.39     1 
2280791869  -27.10210    -60.46874    -0.10     -0.18     0.20     1 
2280791909  -27.14340    -61.60124    -0.01     -0.05     0.05     1 
2280791910  -27.14307    -61.56885    -0.01     -0.19     0.19     1 
2280791915  -27.14133    -61.40694    -0.04      0.05     0.07     1 
2280791916  -27.14096    -61.37456    -0.33     -0.31     0.46     1 
2280791923  -27.13815    -61.14790    -0.27     -0.11     0.30     1 
2280791929  -27.13545    -60.95365    -0.00     -0.12     0.12     1 
2280791931  -27.13449    -60.88891    -0.20     -0.16     0.26     1 
2280791939  -27.13036    -60.62998    -0.07     -0.02     0.08     1 
2280791943  -27.12811    -60.50053    -0.05     -0.22     0.23     1 
2280791985  -27.16852    -61.56853     0.08      0.49     0.49     1 
2280791986  -27.16819    -61.53614     0.10     -0.09     0.14     1 
2280791991  -27.16641    -61.37419    -0.11      0.05     0.12     1 
2280791992  -27.16603    -61.34180    -0.11     -0.22     0.25     1 
2280791993  -27.16564    -61.30941    -0.01     -0.13     0.13     1 
2280791995  -27.16484    -61.24464    -0.29      0.13     0.32     1 
2280791997  -27.16402    -61.17987    -0.08      0.10     0.13     1 
2280792000  -27.16272    -61.08272    -0.08     -0.19     0.21     1 
2280792003  -27.16136    -60.98557     0.06      0.04     0.07     1 
2280792004  -27.16089    -60.95319     0.14     -0.32     0.35     1 
2280792005  -27.16042    -60.92081    -0.07     -0.21     0.22     1 
2280792006  -27.15993    -60.88843    -0.18     -0.09     0.20     1 
2280792008  -27.15894    -60.82368    -0.20      0.25     0.32     1 
2280792015  -27.15524    -60.59707    -0.27     -0.13     0.30     1 
2280792016  -27.15469    -60.56470    -0.32     -0.36     0.48     1 
2280792017  -27.15412    -60.53233    -0.17     -0.08     0.19     1 
2280792062  -27.19330    -61.50341    -0.04     -0.08     0.09     1 
2280792063  -27.19295    -61.47101     0.06      0.10     0.11     1 
2280792064  -27.19259    -61.43861     0.17      0.58     0.60     2 
2280792065  -27.19223    -61.40621    -0.17     -0.55     0.58     2 
2280792067  -27.19148    -61.34142     0.01     -0.11     0.11     1 
2280792068  -27.19109    -61.30903    -0.11     -0.17     0.20     1 
2280792077  -27.18727    -61.01750    -0.25     -0.37     0.45     1 
2280792078  -27.18681    -60.98511     0.19     -0.15     0.24     1 
2280792079  -27.18634    -60.95273     0.20     -0.31     0.37     1 
2280792080  -27.18586    -60.92034    -0.56      0.14     0.58     2 
2280792081  -27.18538    -60.88795    -0.02     -0.28     0.28     1 
2280792082  -27.18488    -60.85557    -0.20     -0.25     0.32     1 
2280792083  -27.18438    -60.82319    -0.27      0.07     0.28     1 
2280792084  -27.18388    -60.79080     0.12     -0.32     0.34     1 
2280792090  -27.18068    -60.59652    -0.13     -0.25     0.28     1 
2280792091  -27.18012    -60.56415     0.20     -0.06     0.21     1 
2280792092  -27.17956    -60.53177    -0.29     -0.31     0.43     1 
2280792093  -27.17898    -60.49940    -0.04     -0.34     0.35     1 
2280792113  -27.22490    -62.28094     0.51      0.09     0.51     2 
2280792136  -27.21909    -61.53547     0.05     -0.17     0.17     1 
2280792138  -27.21840    -61.47066     0.02     -0.01     0.02     1 
2280792139  -27.21804    -61.43826    -0.14     -0.12     0.18     1 
2280792145  -27.21574    -61.24384    -0.02     -0.27     0.27     1 
2280792147  -27.21491    -61.17904    -0.09     -0.15     0.17     1 
2280792151  -27.21317    -61.04945     0.22     -0.10     0.24     1 
2280792154  -27.21178    -60.95226    -0.13     -0.01     0.13     1 
2280792161  -27.20828    -60.72552    -0.24     -0.55     0.60     2 
2280792163  -27.20722    -60.66075    -0.22     -0.40     0.46     1 
2280792165  -27.20612    -60.59598     0.09     -0.38     0.39     1 
2280792166  -27.20556    -60.56359    -0.50     -0.18     0.53     2 
2280792168  -27.20442    -60.49883    -0.31     -0.33     0.46     1 
2280792189  -27.25019    -62.24836    -0.20      0.01     0.20     1 
2280792214  -27.24349    -61.43790     0.01     -0.15     0.15     1 
2280792215  -27.24313    -61.40549     0.15     -0.01     0.15     1 
2280792218  -27.24199    -61.30826     0.06     -0.04     0.07     1 
2280792219  -27.24159    -61.27585    -0.15     -0.01     0.15     1 
2280792228  -27.23769    -60.98420    -0.16     -0.12     0.20     1 
2280792240  -27.23156    -60.59543    -0.11     -0.20     0.23     1 
2280792243  -27.22985    -60.49826    -0.12     -0.25     0.27     1 
2280792283  -27.27098    -61.63207    -0.03     -0.00     0.03     1 
2280792284  -27.27066    -61.59965    -0.04      0.10     0.10     1 
2280792285  -27.27033    -61.56723    -0.09      0.10     0.14     1 
2280792287  -27.26965    -61.50238    -0.12     -0.03     0.12     1 
2280792291  -27.26820    -61.37271    -0.05     -0.24     0.24     1 
2280792292  -27.26782    -61.34029     0.09      0.20     0.22     1 
2280792293  -27.26743    -61.30787     0.34     -0.13     0.36     1 
2280792294  -27.26704    -61.27546     0.10     -0.17     0.19     1 
2280792295  -27.26664    -61.24304    -0.52      0.03     0.52     2 
2280792297  -27.26581    -61.17821     0.07      0.31     0.32     1 
2280792302  -27.26360    -61.01615    -0.19     -0.03     0.19     1 
2280792303  -27.26314    -60.98374    -0.16     -0.24     0.29     1 
2280792306  -27.26170    -60.88651    -0.08     -0.28     0.29     1 
2280792308  -27.26071    -60.82170     0.11     -0.17     0.20     1 
2280792309  -27.26020    -60.78930    -0.10     -0.08     0.13     1 
2280792310  -27.25969    -60.75689    -0.01     -0.21     0.21     1 
2280792360  -27.29578    -61.56690     0.07      0.28     0.28     1 
2280792361  -27.29545    -61.53447    -0.03     -0.13     0.14     1 
2280792365  -27.29403    -61.40476     0.04      0.14     0.14     1 
2280792369  -27.29249    -61.27506    -0.18     -0.25     0.31     1 
2280792373  -27.29083    -61.14537     0.19     -0.29     0.35     1 
2280792377  -27.28905    -61.01570    -0.15      0.09     0.17     1 
2280792378  -27.28858    -60.98328    -0.08     -0.12     0.15     1 
2280792380  -27.28763    -60.91845    -0.17     -0.33     0.37     1 
2280792381  -27.28715    -60.88603    -0.34     -0.12     0.36     1 
2280792383  -27.28615    -60.82120    -0.06     -0.07     0.09     1 
2280792388  -27.28353    -60.65915    -0.02     -0.21     0.21     1 
2280792390  -27.28243    -60.59434    -0.00     -0.17     0.17     1 
2280792391  -27.28187    -60.56193     0.07     -0.32     0.33     1 
2280792392  -27.28130    -60.52952    -0.21     -0.24     0.32     1 
2280792432  -27.32220    -61.66389     0.03     -0.33     0.34     1 
2280792438  -27.32020    -61.46927    -0.36      0.12     0.38     1 
2280792442  -27.31872    -61.33953    -0.07     -0.04     0.08     1 
2280792443  -27.31833    -61.30710    -0.16      0.11     0.19     1 
2280792445  -27.31753    -61.24224     0.09      0.11     0.14     1 
2280792446  -27.31712    -61.20981     0.14     -0.00     0.14     1 
2280792452  -27.31449    -61.01525     0.37     -0.28     0.46     1 
2280792454  -27.31355    -60.95040    -0.03     -0.30     0.30     1 
2280792456  -27.31259    -60.88555    -0.04      0.02     0.04     1 
2280792458  -27.31159    -60.82071    -0.01      0.14     0.14     1 
2280792460  -27.31057    -60.75587    -0.04     -0.24     0.25     1 
2280792461  -27.31004    -60.72345    -0.28     -0.05     0.29     1 
2280792465  -27.30787    -60.59379    -0.02     -0.31     0.31     1 
2280792506  -27.34796    -61.69602     0.04     -0.07     0.08     1 
2280792507  -27.34765    -61.66358     0.10      0.06     0.12     1 
2280792509  -27.34701    -61.59869     0.26      0.02     0.26     1 
2280792511  -27.34635    -61.53380     0.01      0.06     0.06     1 
2280792513  -27.34565    -61.46892    -0.16      0.30     0.34     1 
2280792516  -27.34455    -61.37159    -0.06      0.04     0.07     1 
2280792518  -27.34378    -61.30671    -0.01     -0.14     0.14     1 
2280792521  -27.34257    -61.20940    -0.17     -0.13     0.21     1 
2280792522  -27.34215    -61.17696    -0.38      0.27     0.47     1 
2280792523  -27.34172    -61.14453     0.39      0.16     0.42     1 
2280792528  -27.33947    -60.98236    -0.15     -0.00     0.15     1 
2280792529  -27.33900    -60.94993    -0.25     -0.06     0.26     1 
2280792530  -27.33852    -60.91750    -0.09     -0.04     0.10     1 
2280792531  -27.33803    -60.88507     0.06     -0.27     0.28     1 
2280792532  -27.33753    -60.85264     0.13      0.05     0.14     1 
2280792533  -27.33703    -60.82021    -0.16     -0.47     0.50     1 
2280792534  -27.33652    -60.78778    -0.04     -0.10     0.11     1 
2280792535  -27.33601    -60.75536    -0.03      0.05     0.06     1 
2280792536  -27.33548    -60.72293    -0.18     -0.18     0.26     1 
2280792537  -27.33495    -60.69051    -0.37     -0.11     0.39     1 
2280792538  -27.33441    -60.65808     0.02     -0.19     0.19     1 
2280792539  -27.33386    -60.62566    -0.03     -0.25     0.26     1 
2280792540  -27.33330    -60.59324    -0.03     -0.27     0.27     1 
2280792580  -27.37371    -61.72818    -0.19     -0.04     0.20     1 
2280792595  -27.36842    -61.24144    -0.00      0.03     0.03     1 
2280792597  -27.36759    -61.17655     0.14     -0.33     0.36     1 
2280792603  -27.36491    -60.98190    -0.24      0.01     0.24     1 
2280792604  -27.36444    -60.94946     0.04     -0.02     0.05     1 
2280792606  -27.36347    -60.88458    -0.07      0.09     0.12     1 
2280792607  -27.36298    -60.85215    -0.10     -0.16     0.19     1 
2280792608  -27.36247    -60.81971    -0.23     -0.04     0.23     1 
2280792609  -27.36196    -60.78728     0.07      0.08     0.11     1 
2280792610  -27.36144    -60.75484     0.06     -0.18     0.19     1 
2280792611  -27.36092    -60.72241     0.17     -0.17     0.24     1 
2280792612  -27.36039    -60.68998     0.01     -0.20     0.20     1 
2280792615  -27.35874    -60.59269    -0.08     -0.24     0.25     1 
2280792616  -27.35818    -60.56026    -0.03     -0.16     0.17     1 
2280792654  -27.39945    -61.76035    -0.24      0.50     0.55     2 
2280792670  -27.39387    -61.24103     0.11     -0.11     0.16     1 
2280792671  -27.39346    -61.20858     0.02      0.04     0.04     1 
2280792672  -27.39304    -61.17613    -0.18      0.15     0.24     1 
2280792673  -27.39261    -61.14368    -0.07     -0.06     0.09     1 
2280792678  -27.39036    -60.98144    -0.32      0.03     0.32     1 
2280792679  -27.38988    -60.94899     0.08     -0.09     0.12     1 
2280792680  -27.38940    -60.91654    -0.09     -0.13     0.16     1 
2280792681  -27.38891    -60.88410    -0.03     -0.03     0.04     1 
2280792684  -27.38740    -60.78677     0.04      0.13     0.14     1 
2280792685  -27.38688    -60.75433    -0.06     -0.06     0.09     1 
2280792686  -27.38636    -60.72189    -0.20     -0.21     0.29     1 
2280792687  -27.38583    -60.68945    -0.13      0.03     0.13     1 
2280792689  -27.38473    -60.62458    -0.03     -0.41     0.41     1 
2280792690  -27.38418    -60.59214     0.08     -0.11     0.14     1 
2280792732  -27.42401    -61.66266    -0.10      0.18     0.21     1 
2280792733  -27.42369    -61.63019     0.09     -0.04     0.10     1 
2280792748  -27.41806    -61.14325     0.09      0.17     0.19     1 
2280792749  -27.41762    -61.11080    -0.00     -0.02     0.02     1 
2280792750  -27.41718    -61.07834    -0.03      0.12     0.12     1 
2280792754  -27.41533    -60.94852     0.10     -0.15     0.18     1 
2280792757  -27.41386    -60.85116     0.04     -0.06     0.07     1 
2280792758  -27.41335    -60.81871    -0.05     -0.06     0.08     1 
2280792759  -27.41284    -60.78627    -0.27      0.09     0.28     1 
2280792760  -27.41232    -60.75382    -0.03     -0.08     0.08     1 
2280792761  -27.41180    -60.72137    -0.13     -0.18     0.22     1 
2280792762  -27.41126    -60.68892     0.06     -0.37     0.38     1 
2280792764  -27.41017    -60.62403    -0.15     -0.18     0.23     1 
2280792766  -27.40905    -60.55914    -0.14     -0.35     0.38     1 
2280792783  -27.45476    -62.44188     0.05      0.52     0.52     2 
2280792807  -27.44946    -61.66235    -0.02      0.31     0.31     1 
2280792808  -27.44914    -61.62988     0.01      0.04     0.04     1 
2280792811  -27.44815    -61.53246     0.01      0.14     0.14     1 
2280792814  -27.44709    -61.43504    -0.29      0.14     0.32     1 
2280792816  -27.44635    -61.37010    -0.04      0.13     0.14     1 
2280792818  -27.44557    -61.30516    -0.04      0.26     0.26     1 
2280792829  -27.44077    -60.94805     0.04      0.26     0.27     1 
2280792830  -27.44029    -60.91559    -0.18      0.05     0.19     1 
2280792831  -27.43980    -60.88313    -0.06      0.14     0.16     1 
2280792832  -27.43930    -60.85067     0.10      0.14     0.17     1 
2280792835  -27.43776    -60.75330     0.03     -0.07     0.07     1 
2280792838  -27.43616    -60.65594    -0.04     -0.21     0.21     1 
2280792841  -27.43449    -60.55858     0.03     -0.19     0.20     1 
2280792884  -27.47427    -61.59708    -0.08      0.18     0.19     1 
2280792887  -27.47326    -61.49964    -0.05      0.25     0.25     1 
2280792889  -27.47254    -61.43468     0.18      0.15     0.24     1 
2280792891  -27.47180    -61.36973    -0.01      0.19     0.19     1 
2280792895  -27.47021    -61.23982    -0.13      0.05     0.14     1 
2280792896  -27.46980    -61.20735    -0.12      0.21     0.25     1 
2280792899  -27.46851    -61.10993    -0.07      0.20     0.21     1 
2280792905  -27.46573    -60.91511     0.11     -0.09     0.14     1 
2280792906  -27.46524    -60.88264     0.00     -0.14     0.14     1 
2280792907  -27.46474    -60.85018     0.11     -0.09     0.14     1 
2280792908  -27.46424    -60.81771     0.14     -0.18     0.23     1 
2280792910  -27.46320    -60.75279    -0.05     -0.14     0.15     1 
2280792912  -27.46214    -60.68786    -0.04      0.01     0.04     1 
2280792913  -27.46160    -60.65540    -0.09     -0.05     0.10     1 
2280792914  -27.46105    -60.62294    -0.03     -0.29     0.29     1 
2280792915  -27.46049    -60.59048    -0.07     -0.08     0.11     1 
2280792916  -27.45992    -60.55802    -0.07     -0.21     0.22     1 
2280792955  -27.50097    -61.72672    -0.14      0.34     0.37     1 
2280792956  -27.50067    -61.69423    -0.02     -0.31     0.31     1 
2280792957  -27.50036    -61.66174    -0.03     -0.25     0.25     1 
2280792960  -27.49939    -61.56427     0.09      0.40     0.41     1 
2280792965  -27.49762    -61.40184    -0.02      0.17     0.17     1 
2280792967  -27.49686    -61.33687    -0.23      0.22     0.32     1 
2280792973  -27.49439    -61.14197     0.16      0.23     0.28     1 
2280792978  -27.49213    -60.97958    -0.19      0.21     0.28     1 
2280792979  -27.49165    -60.94711    -0.07     -0.16     0.18     1 
2280792980  -27.49117    -60.91463     0.02      0.20     0.20     1 
2280792984  -27.48916    -60.78474     0.05     -0.18     0.18     1 
2280792987  -27.48758    -60.68733    -0.04     -0.14     0.15     1 
2280792988  -27.48703    -60.65486    -0.03     -0.21     0.21     1 
2280792989  -27.48648    -60.62239    -0.01     -0.16     0.16     1 
2280792990  -27.48593    -60.58993    -0.15     -0.25     0.29     1 
2280792991  -27.48536    -60.55746     0.02     -0.29     0.29     1 
2280793009  -27.53100    -62.40899    -0.37      0.31     0.48     1 
2280793036  -27.52450    -61.53144    -0.10     -0.04     0.11     1 
2280793041  -27.52269    -61.36898    -0.05     -0.07     0.08     1 
2280793042  -27.52231    -61.33648     0.11      0.18     0.21     1 
2280793048  -27.51984    -61.14155     0.09     -0.08     0.12     1 
2280793050  -27.51895    -61.07657    -0.12      0.05     0.13     1 
2280793051  -27.51850    -61.04409    -0.11      0.10     0.15     1 
2280793052  -27.51804    -61.01160     0.07      0.05     0.09     1 
2280793053  -27.51757    -60.97912     0.15     -0.06     0.17     1 
2280793054  -27.51710    -60.94663    -0.39      0.21     0.45     1 
2280793056  -27.51612    -60.88167     0.06     -0.05     0.08     1 
2280793060  -27.51408    -60.75175     0.02      0.08     0.08     1 
2280793062  -27.51302    -60.68680    -0.06      0.09     0.11     1 
2280793063  -27.51247    -60.65432    -0.05     -0.04     0.06     1 
2280793064  -27.51192    -60.62185    -0.09     -0.25     0.27     1 
2280793065  -27.51136    -60.58937    -0.07     -0.29     0.30     1 
2280793089  -27.55567    -62.24629     0.08      0.12     0.14     1 
2280793092  -27.55511    -62.14875     0.12      0.20     0.23     1 
2280793113  -27.54925    -61.46610     0.11      0.20     0.22     1 
2280793114  -27.54889    -61.43360    -0.01     -0.08     0.08     1 
2280793115  -27.54852    -61.40110    -0.09      0.24     0.26     1 
2280793116  -27.54814    -61.36860     0.06      0.28     0.29     1 
2280793119  -27.54696    -61.27110     0.11      0.06     0.13     1 
2280793124  -27.54484    -61.10862    -0.02      0.11     0.11     1 
2280793125  -27.54440    -61.07613    -0.09      0.25     0.27     1 
2280793126  -27.54395    -61.04364    -0.15     -0.02     0.15     1 
2280793128  -27.54302    -60.97865    -0.02      0.29     0.29     1 
2280793129  -27.54254    -60.94616    -0.02     -0.01     0.03     1 
2280793130  -27.54205    -60.91367    -0.09     -0.04     0.10     1 
2280793131  -27.54156    -60.88118    -0.16     -0.04     0.17     1 
2280793135  -27.53952    -60.75123    -0.09     -0.01     0.09     1 
2280793138  -27.53791    -60.65378    -0.05     -0.20     0.21     1 
2280793139  -27.53736    -60.62130     0.04     -0.30     0.30     1 
2280793163  -27.58130    -62.27863     0.06      0.18     0.19     1 
2280793164  -27.58113    -62.24611     0.23      0.10     0.25     1 
2280793167  -27.58056    -62.14855    -0.01     -0.24     0.24     1 
2280793170  -27.57993    -62.05100    -0.05      0.17     0.18     1 
2280793180  -27.57733    -61.72584     0.25      0.49     0.55     2 
2280793181  -27.57703    -61.69333     0.05      0.40     0.40     1 
2280793187  -27.57506    -61.49826    -0.06      0.17     0.18     1 
2280793191  -27.57359    -61.36822     0.05      0.29     0.30     1 
2280793192  -27.57320    -61.33572    -0.04      0.51     0.51     2 
2280793196  -27.57158    -61.20570     0.19      0.18     0.26     1 
2280793199  -27.57029    -61.10819     0.35      0.13     0.38     1 
2280793201  -27.56939    -61.04319    -0.33     -0.02     0.33     1 
2280793203  -27.56846    -60.97819    -0.03      0.09     0.10     1 
2280793204  -27.56798    -60.94569    -0.07     -0.22     0.23     1 
2280793205  -27.56750    -60.91319    -0.02      0.16     0.16     1 
2280793206  -27.56700    -60.88069     0.16      0.23     0.28     1 
2280793209  -27.56548    -60.78321     0.03     -0.08     0.09     1 
2280793211  -27.56443    -60.71822    -0.06     -0.06     0.08     1 
2280793212  -27.56389    -60.68573     0.01      0.03     0.03     1 
2280793213  -27.56335    -60.65324     0.01     -0.12     0.12     1 
2280793214  -27.56279    -60.62075    -0.06     -0.16     0.17     1 
2280793233  -27.60751    -62.44111    -0.06      0.43     0.43     1 
2280793235  -27.60723    -62.37605     0.01      0.21     0.21     1 
2280793236  -27.60708    -62.34352     0.02      0.23     0.23     1 
2280793243  -27.60582    -62.11583     0.38      0.02     0.38     1 
2280793256  -27.60248    -61.69302     0.04      0.22     0.22     1 
2280793258  -27.60185    -61.62799    -0.12     -0.03     0.13     1 
2280793260  -27.60119    -61.56295    -0.00      0.37     0.37     1 
2280793262  -27.60050    -61.49791    -0.12      0.24     0.27     1 
2280793267  -27.59865    -61.33533     0.04      0.24     0.24     1 
2280793269  -27.59785    -61.27031    -0.41      0.11     0.43     1 
2280793273  -27.59617    -61.14026     0.08     -0.07     0.10     1 
2280793275  -27.59529    -61.07524    -0.05      0.41     0.41     1 
2280793276  -27.59483    -61.04273    -0.19      0.24     0.30     1 
2280793277  -27.59437    -61.01023    -0.01      0.08     0.08     1 
2280793278  -27.59390    -60.97772     0.05      0.14     0.15     1 
2280793279  -27.59342    -60.94521     0.08      0.03     0.08     1 
2280793280  -27.59294    -60.91271    -0.07      0.08     0.11     1 
2280793283  -27.59144    -60.81520    -0.02      0.13     0.14     1 
2280793284  -27.59092    -60.78270     0.07      0.09     0.12     1 
2280793285  -27.59040    -60.75020    -0.10      0.19     0.22     1 
2280793286  -27.58987    -60.71770     0.08      0.04     0.10     1 
2280793287  -27.58933    -60.68520    -0.15     -0.20     0.25     1 
2280793308  -27.63297    -62.44098     0.16      0.08     0.17     1 
2280793309  -27.63283    -62.40844     0.32      0.28     0.43     1 
2280793310  -27.63269    -62.37591     0.15      0.20     0.25     1 
2280793319  -27.63106    -62.08309     0.14      0.01     0.14     1 
2280793331  -27.62793    -61.69272    -0.38      0.24     0.45     1 
2280793332  -27.62762    -61.66020     0.06      0.41     0.41     1 
2280793335  -27.62664    -61.56262     0.26      0.55     0.61     2 
2280793336  -27.62630    -61.53009    -0.09      0.08     0.12     1 
2280793337  -27.62596    -61.49756     0.14      0.28     0.32     1 
2280793342  -27.62410    -61.33495     0.06      0.22     0.23     1 
2280793348  -27.62162    -61.13983     0.25      0.18     0.31     1 
2280793350  -27.62073    -61.07480    -0.04      0.14     0.14     1 
2280793351  -27.62028    -61.04228    -0.27      0.18     0.33     1 
2280793352  -27.61981    -61.00977     0.15      0.21     0.26     1 
2280793353  -27.61934    -60.97725    -0.08      0.12     0.14     1 
2280793354  -27.61886    -60.94474     0.04      0.10     0.11     1 
2280793355  -27.61838    -60.91223     0.00      0.27     0.27     1 
2280793358  -27.61688    -60.81469    -0.07      0.04     0.08     1 
2280793359  -27.61636    -60.78218     0.01      0.01     0.01     1 
2280793360  -27.61584    -60.74968     0.08     -0.05     0.09     1 
2280793361  -27.61531    -60.71717     0.06     -0.01     0.06     1 
2280793382  -27.65855    -62.47339    -0.17      0.08     0.18     1 
2280793384  -27.65829    -62.40830     0.01     -0.10     0.10     1 
2280793386  -27.65799    -62.34322     0.32     -0.20     0.37     1 
2280793388  -27.65767    -62.27813    -0.08      0.07     0.11     1 
2280793392  -27.65693    -62.14796     0.04      0.08     0.09     1 
2280793393  -27.65673    -62.11542     0.04      0.13     0.14     1 
2280793395  -27.65630    -62.05034    -0.41      0.09     0.42     1 
2280793405  -27.65369    -61.72496    -0.03      0.22     0.23     1 
2280793406  -27.65338    -61.69242     0.17      0.43     0.46     1 
2280793413  -27.65105    -61.46468     0.06      0.23     0.24     1 
2280793415  -27.65031    -61.39962     0.05      0.23     0.24     1 
2280793418  -27.64915    -61.30203     0.15      0.33     0.36     1 
2280793423  -27.64706    -61.13940    -0.15      0.16     0.21     1 
2280793424  -27.64662    -61.10688     0.12      0.01     0.12     1 
2280793425  -27.64617    -61.07435     0.03      0.08     0.09     1 
2280793426  -27.64572    -61.04183     0.10      0.03     0.11     1 
2280793427  -27.64526    -61.00931    -0.20      0.09     0.21     1 
2280793428  -27.64478    -60.97678    -0.06      0.12     0.14     1 
2280793430  -27.64382    -60.91174    -0.08      0.19     0.21     1 
2280793434  -27.64180    -60.78167     0.16      0.08     0.18     1 
2280793435  -27.64128    -60.74916     0.05     -0.16     0.17     1 
2280793436  -27.64074    -60.71664     0.03     -0.04     0.05     1 
2280793439  -27.63910    -60.61910    -0.02     -0.21     0.21     1 
2280793467  -27.68239    -62.14777     0.00      0.07     0.07     1 
2280793469  -27.68197    -62.08267    -0.03     -0.13     0.14     1 
2280793488  -27.67650    -61.46433    -0.06      0.26     0.27     1 
2280793492  -27.67499    -61.33418     0.04      0.17     0.17     1 
2280793493  -27.67460    -61.30164     0.20      0.16     0.25     1 
2280793494  -27.67420    -61.26910     0.02      0.04     0.04     1 
2280793497  -27.67294    -61.17150     0.14      0.33     0.36     1 
2280793498  -27.67251    -61.13897     0.05      0.31     0.31     1 
2280793499  -27.67207    -61.10644    -0.02      0.11     0.11     1 
2280793503  -27.67023    -60.97631    -0.19     -0.01     0.19     1 
2280793504  -27.66975    -60.94379     0.10      0.01     0.10     1 
2280793505  -27.66926    -60.91126     0.09      0.01     0.09     1 
2280793506  -27.66877    -60.87873    -0.15      0.02     0.15     1 
2280793509  -27.66724    -60.78116    -0.04     -0.03     0.05     1 
2280793510  -27.66671    -60.74863    -0.31      0.41     0.51     2 
2280793512  -27.66564    -60.68359     0.09     -0.03     0.10     1 
2280793514  -27.66454    -60.61855    -0.11      0.01     0.11     1 
2280793532  -27.70947    -62.47315     0.09      0.13     0.16     1 
2280793533  -27.70934    -62.44059    -0.09     -0.04     0.10     1 
2280793542  -27.70784    -62.14757     0.02      0.10     0.10     1 
2280793543  -27.70764    -62.11501     0.16      0.08     0.17     1 
2280793544  -27.70743    -62.08246    -0.02     -0.13     0.13     1 
2280793545  -27.70721    -62.04990     0.02     -0.05     0.06     1 
2280793554  -27.70489    -61.75692     0.01      0.27     0.27     1 
2280793559  -27.70333    -61.59416     0.16      0.27     0.32     1 
2280793567  -27.70044    -61.33379     0.01      0.20     0.20     1 
2280793572  -27.69839    -61.17108     0.35     -0.09     0.36     1 
2280793574  -27.69751    -61.10600     0.06      0.13     0.15     1 
2280793576  -27.69661    -61.04092    -0.11      0.25     0.27     1 
2280793577  -27.69614    -61.00838     0.09      0.21     0.22     1 
2280793578  -27.69567    -60.97585     0.25      0.16     0.30     1 
2280793580  -27.69470    -60.91078     0.25      0.44     0.51     2 
2280793582  -27.69371    -60.84571     0.01      0.03     0.03     1 
2280793585  -27.69215    -60.74811     0.15     -0.14     0.20     1 
2280793589  -27.68998    -60.61800     0.05     -0.02     0.05     1 
2280793606  -27.73504    -62.50559     0.02      0.11     0.11     1 
2280793607  -27.73492    -62.47303    -0.14     -0.06     0.15     1 
2280793608  -27.73479    -62.44046     0.01      0.02     0.02     1 
2280793614  -27.73387    -62.24506    -0.18     -0.33     0.37     1 
2280793615  -27.73368    -62.21250    -0.27     -0.40     0.48     1 
2280793616  -27.73350    -62.17993     0.14      0.05     0.15     1 
2280793617  -27.73330    -62.14737    -0.02      0.24     0.24     1 
2280793618  -27.73309    -62.11481     0.01      0.05     0.05     1 
2280793620  -27.73266    -62.04968     0.16     -0.15     0.22     1 
2280793626  -27.73118    -61.85431     0.24      0.10     0.26     1 
2280793627  -27.73091    -61.82175    -0.01      0.17     0.18     1 
2280793628  -27.73063    -61.78919     0.02      0.38     0.38     1 
2280793629  -27.73034    -61.75663    -0.15     -0.15     0.22     1 
2280793631  -27.72974    -61.69151     0.24      0.53     0.59     2 
2280793635  -27.72845    -61.56128     0.08      0.33     0.34     1 
2280793641  -27.72628    -61.36595     0.08      0.49     0.49     1 
2280793642  -27.72589    -61.33340     0.03      0.20     0.20     1 
2280793644  -27.72509    -61.26830     0.18      0.27     0.32     1 
2280793647  -27.72383    -61.17065     0.23      0.29     0.37     1 
2280793649  -27.72295    -61.10556     0.11      0.03     0.12     1 
2280793650  -27.72251    -61.07301    -0.12      0.26     0.29     1 
2280793652  -27.72158    -61.00792     0.03      0.19     0.19     1 
2280793653  -27.72111    -60.97538    -0.18      0.50     0.53     2 
2280793656  -27.71965    -60.87775     0.05      0.16     0.17     1 
2280793657  -27.71915    -60.84521     0.20     -0.26     0.33     1 
2280793658  -27.71863    -60.81267     0.17     -0.18     0.24     1 
2280793659  -27.71812    -60.78013     0.16      0.27     0.31     1 
2280793683  -27.76025    -62.44033     0.16      0.41     0.44     1 
2280793689  -27.75932    -62.24489     0.08     -0.20     0.22     1 
2280793693  -27.75855    -62.11460    -0.06      0.05     0.08     1 
2280793694  -27.75834    -62.08203    -0.23     -0.14     0.27     1 
2280793702  -27.75636    -61.82147     0.10      0.02     0.11     1 
2280793711  -27.75355    -61.52838     0.12     -0.10     0.16     1 
2280793716  -27.75172    -61.36558     0.01      0.21     0.21     1 
2280793717  -27.75134    -61.33302     0.31     -0.20     0.37     1 
2280793718  -27.75094    -61.30046     0.31      0.12     0.33     1 
2280793719  -27.75053    -61.26790    -0.08      0.33     0.34     1 
2280793720  -27.75012    -61.23534     0.13     -0.02     0.13     1 
2280793723  -27.74884    -61.13767     0.10      0.16     0.19     1 
2280793724  -27.74840    -61.10512    -0.09      0.08     0.12     1 
2280793727  -27.74703    -61.00746     0.07      0.15     0.17     1 
2280793728  -27.74655    -60.97491    -0.02      0.23     0.23     1 
2280793732  -27.74459    -60.84471     0.02      0.07     0.08     1 
2280793733  -27.74407    -60.81216     0.16      0.06     0.18     1 
2280793757  -27.78583    -62.47278     0.52     -0.03     0.52     2 
2280793758  -27.78571    -62.44020     0.03      0.05     0.06     1 
2280793762  -27.78512    -62.30987     0.02     -0.11     0.11     1 
2280793767  -27.78421    -62.14697    -0.06      0.54     0.55     2 
2280793768  -27.78400    -62.11439    -0.23      0.07     0.23     1 
2280793769  -27.78379    -62.08181     0.46      0.04     0.46     1 
2280793770  -27.78357    -62.04924    -0.34     -0.00     0.34     1 
2280793774  -27.78261    -61.91893    -0.06      0.05     0.08     1 
2280793776  -27.78209    -61.85377     0.45      0.21     0.50     1 
2280793782  -27.78033    -61.65833     0.04      0.17     0.17     1 
2280793793  -27.77639    -61.30006    -0.03     -0.02     0.04     1 
2280793795  -27.77557    -61.23493    -0.25      0.18     0.31     1 
2280793797  -27.77472    -61.16980    -0.05      0.12     0.13     1 
2280793798  -27.77429    -61.13724     0.02     -0.11     0.11     1 
2280793799  -27.77384    -61.10468     0.12      0.02     0.12     1 
2280793802  -27.77247    -61.00699    -0.09      0.13     0.16     1 
2280793804  -27.77151    -60.94188     0.06      0.03     0.07     1 
2280793807  -27.77003    -60.84421     0.15      0.05     0.16     1 
2280793808  -27.76951    -60.81165     0.01     -0.04     0.04     1 
2280793810  -27.76847    -60.74654     0.37     -0.11     0.39     1 
2280793832  -27.81129    -62.47266     0.32      0.09     0.33     1 
2280793837  -27.81057    -62.30971     0.06      0.14     0.15     1 
2280793842  -27.80966    -62.14677     0.07     -0.25     0.26     1 
2280793843  -27.80946    -62.11419     0.21      0.11     0.23     1 
2280793844  -27.80925    -62.08160    -0.11     -0.08     0.14     1 
2280793848  -27.80832    -61.95126    -0.16      0.18     0.24     1 
2280793850  -27.80781    -61.88609     0.11      0.06     0.13     1 
2280793852  -27.80727    -61.82092     0.07     -0.01     0.07     1 
2280793856  -27.80609    -61.69060     0.12      0.03     0.13     1 
2280793869  -27.80143    -61.26709    -0.01      0.03     0.04     1 
2280793870  -27.80101    -61.23452    -0.32      0.21     0.38     1 
2280793872  -27.80017    -61.16938     0.15      0.24     0.28     1 
2280793873  -27.79973    -61.13681     0.23      0.02     0.23     1 
2280793874  -27.79929    -61.10424     0.13     -0.00     0.13     1 
2280793875  -27.79884    -61.07167    -0.18      0.17     0.25     1 
2280793888  -27.79228    -60.64834     0.02     -0.02     0.03     1 
2280793909  -27.83648    -62.40734    -0.13     -0.06     0.14     1 
2280793910  -27.83634    -62.37474     0.01      0.02     0.02     1 
2280793911  -27.83619    -62.34215     0.06      0.11     0.13     1 
2280793914  -27.83569    -62.24436     0.30     -0.44     0.54     2 
2280793925  -27.83326    -61.88583    -0.14     -0.01     0.14     1 
2280793931  -27.83154    -61.69029     0.09      0.01     0.09     1 
2280793932  -27.83123    -61.65770    -0.26      0.06     0.27     1 
2280793952  -27.82335    -61.00606    -0.41     -0.09     0.41     1 
2280793954  -27.82240    -60.94092     0.08      0.20     0.21     1 
2280793955  -27.82191    -60.90834     0.21     -0.05     0.22     1 
2280793957  -27.82090    -60.84320     0.11     -0.19     0.22     1 
2280793959  -27.81987    -60.77806     0.16     -0.09     0.19     1 
2280793961  -27.81881    -60.71292     0.09     -0.02     0.09     1 
2280793962  -27.81826    -60.68036     0.15     -0.02     0.15     1 
2280793963  -27.81771    -60.64779    -0.06     -0.07     0.09     1 
2280793986  -27.86164    -62.34199    -0.02     -0.03     0.04     1 
2280793987  -27.86148    -62.30939    -0.06     -0.31     0.31     1 
2280793990  -27.86096    -62.21158    -0.11      0.21     0.24     1 
2280793994  -27.86015    -62.08117     0.18     -0.01     0.18     1 
2280793996  -27.85970    -62.01597     0.10      0.25     0.27     1 
2280794000  -27.85871    -61.88557    -0.00      0.18     0.18     1 
2280794004  -27.85760    -61.75518     0.11      0.14     0.18     1 
2280794006  -27.85699    -61.68999    -0.23     -0.01     0.23     1 
2280794016  -27.85351    -61.36405     0.24      0.07     0.25     1 
2280794017  -27.85312    -61.33146    -0.01     -0.26     0.26     1 
2280794023  -27.85062    -61.13594     0.14      0.02     0.14     1 
2280794024  -27.85017    -61.10335    -0.08      0.00     0.08     1 
2280794026  -27.84926    -61.03818    -0.19     -0.01     0.19     1 
2280794029  -27.84784    -60.94044     0.05      0.03     0.06     1 
2280794056  -27.88778    -62.50490    -0.15     -0.09     0.18     1 
2280794061  -27.88710    -62.34184    -0.05     -0.12     0.13     1 
2280794070  -27.88539    -62.04835    -0.07     -0.11     0.13     1 
2280794082  -27.88213    -61.65707    -0.06      0.44     0.45     1 
2280794100  -27.87516    -61.07032     0.20     -0.05     0.21     1 
2280794132  -27.91312    -62.47217    -0.24     -0.13     0.27     1 
2280794133  -27.91299    -62.43955     0.16      0.06     0.17     1 
2280794140  -27.91187    -62.21121     0.08      0.28     0.29     1 
2280794145  -27.91084    -62.04813    -0.19      0.02     0.20     1 
2280794146  -27.91061    -62.01551    -0.11     -0.33     0.35     1 
2280794152  -27.90907    -61.81982    -0.09     -0.02     0.09     1 
2280794153  -27.90879    -61.78721    -0.34      0.10     0.35     1 
2280794175  -27.90061    -61.06986     0.01     -0.04     0.04     1 
2280794187  -27.89457    -60.67873    -0.10      0.15     0.18     1 
2280794205  -27.93881    -62.53730    -0.18      0.12     0.22     1 
2280794208  -27.93845    -62.43941     0.03     -0.05     0.06     1 
2280794210  -27.93816    -62.37416     0.09      0.23     0.24     1 
2280794213  -27.93768    -62.27628     0.08     -0.20     0.21     1 
2280794215  -27.93733    -62.21103     0.06     -0.43     0.43     1 
2280794217  -27.93694    -62.14578     0.03     -0.42     0.42     1 
2280794218  -27.93673    -62.11315    -0.08     -0.06     0.10     1 
2280794220  -27.93629    -62.04790    -0.01     -0.17     0.17     1 
2280794221  -27.93606    -62.01528    -0.06     -0.04     0.07     1 
2280794226  -27.93480    -61.85217    -0.25     -0.04     0.26     1 
2280794227  -27.93453    -61.81954     0.09     -0.35     0.36     1 
2280794228  -27.93424    -61.78692    -0.26      0.14     0.29     1 
2280794232  -27.93303    -61.65645     0.20      0.12     0.24     1 
2280794283  -27.96390    -62.43928     0.02      0.03     0.04     1 
2280794284  -27.96376    -62.40665     0.01     -0.05     0.05     1 
2280794286  -27.96347    -62.34138    -0.12     -0.03     0.12     1 
2280794288  -27.96314    -62.27611    -0.20     -0.09     0.22     1 
2280794289  -27.96296    -62.24348     0.20      0.04     0.21     1 
2280794292  -27.96239    -62.14558    -0.16     -0.01     0.16     1 
2280794293  -27.96218    -62.11294    -0.19     -0.00     0.19     1 
2280794295  -27.96175    -62.04768     0.06     -0.15     0.16     1 
2280794298  -27.96103    -61.94979    -0.25      0.23     0.34     1 
2280794300  -27.96052    -61.88453     0.00      0.04     0.04     1 
2280794303  -27.95969    -61.78664    -0.18     -0.06     0.19     1 
2280794304  -27.95940    -61.75401     0.07     -0.08     0.11     1 
2280794306  -27.95880    -61.68876    -0.00     -0.08     0.08     1 
2280794307  -27.95848    -61.65613    -0.11     -0.05     0.12     1 
2280794308  -27.95816    -61.62351     0.01      0.03     0.03     1 
2280794354  -27.98983    -62.56972    -0.23     -0.34     0.41     1 
2280794356  -27.98961    -62.50444    -0.10     -0.24     0.26     1 
2280794357  -27.98949    -62.47179    -0.12     -0.09     0.14     1 
2280794359  -27.98922    -62.40651    -0.26     -0.18     0.32     1 
2280794360  -27.98907    -62.37387     0.10     -0.18     0.21     1 
2280794361  -27.98892    -62.34122     0.06     -0.12     0.14     1 
2280794368  -27.98764    -62.11274    -0.23     -0.32     0.40     1 
2280794369  -27.98742    -62.08010    -0.02     -0.09     0.10     1 
2280794376  -27.98570    -61.85163    -0.19     -0.11     0.22     1 
2280794378  -27.98514    -61.78636    -0.07     -0.07     0.10     1 
2280794379  -27.98485    -61.75372    -0.07     -0.12     0.14     1 
2280794380  -27.98455    -61.72109    -0.18     -0.35     0.39     1 
2280794386  -27.98259    -61.52528    -0.13     -0.02     0.13     1 
2280794388  -27.98188    -61.46002     0.26     -0.13     0.29     1 
2280794393  -27.97995    -61.29688    -0.06     -0.13     0.15     1 
2280794431  -28.01506    -62.50432    -0.03      0.06     0.07     1 
2280794432  -28.01494    -62.47167    -0.17      0.07     0.18     1 
2280794433  -28.01481    -62.43902    -0.13     -0.13     0.18     1 
2280794436  -28.01438    -62.34107     0.06      0.08     0.10     1 
2280794437  -28.01422    -62.30842    -0.19     -0.05     0.20     1 
2280794438  -28.01405    -62.27577    -0.17     -0.15     0.23     1 
2280794439  -28.01387    -62.24312     0.01     -0.18     0.18     1 
2280794441  -28.01350    -62.17782    -0.10     -0.49     0.50     2 
2280794442  -28.01330    -62.14518    -0.11     -0.37     0.38     1 
2280794448  -28.01194    -61.94929    -0.30      0.17     0.35     1 
2280794449  -28.01169    -61.91665     0.08      0.01     0.08     1 
2280794450  -28.01143    -61.88400    -0.20     -0.21     0.29     1 
2280794454  -28.01030    -61.75343    -0.19     -0.12     0.22     1 
2280794455  -28.01000    -61.72078    -0.07     -0.33     0.33     1 
2280794462  -28.00769    -61.49230    -0.17      0.05     0.18     1 
2280794504  -28.04074    -62.56952    -0.12      0.02     0.12     1 
2280794505  -28.04063    -62.53686    -0.21     -0.25     0.32     1 
2280794506  -28.04052    -62.50420    -0.43     -0.18     0.47     1 
2280794509  -28.04013    -62.40623     0.33      0.18     0.37     1 
2280794513  -28.03950    -62.27560    -0.11      0.06     0.13     1 
2280794514  -28.03933    -62.24294    -0.09     -0.20     0.22     1 
2280794516  -28.03895    -62.17763     0.20     -0.14     0.24     1 
2280794521  -28.03788    -62.01435    -0.28      0.08     0.29     1 
2280794522  -28.03764    -61.98170     0.13      0.15     0.20     1 
2280794525  -28.03688    -61.88374    -0.09      0.13     0.15     1 
2280794527  -28.03633    -61.81844    -0.10      0.05     0.11     1 
2280794529  -28.03576    -61.75313     0.11     -0.16     0.19     1 
2280794530  -28.03545    -61.72048     0.01     -0.09     0.09     1 
2280794543  -28.03085    -61.29608     0.25     -0.25     0.35     1 
2280794578  -28.06629    -62.60209     0.05     -0.02     0.06     1 
2280794580  -28.06609    -62.53675    -0.16     -0.07     0.17     1 
2280794581  -28.06598    -62.50409    -0.11     -0.10     0.15     1 
2280794582  -28.06585    -62.47142    -0.03     -0.56     0.56     2 
2280794588  -28.06496    -62.27543    -0.05      0.23     0.23     1 
2280794593  -28.06400    -62.11211     0.12     -0.13     0.18     1 
2280794653  -28.09175    -62.60199    -0.39     -0.12     0.41     1 
2280794654  -28.09165    -62.56932    -0.28     -0.22     0.36     1 
2280794656  -28.09143    -62.50397    -0.32     -0.18     0.37     1 
2280794665  -28.09005    -62.20991    -0.28     -0.30     0.40     1 
2280794667  -28.08966    -62.14457    -0.47      0.37     0.60     2 
2280794670  -28.08901    -62.04656     0.04     -0.33     0.33     1 
2280794672  -28.08854    -61.98122     0.03     -0.24     0.24     1 
2280794681  -28.08605    -61.68722    -0.07     -0.13     0.14     1 
2280794685  -28.08473    -61.55656    -0.12     -0.20     0.23     1 
2280794697  -28.08005    -61.16465     0.09     -0.22     0.23     1 
2280794735  -28.11635    -62.37313    -0.38     -0.25     0.45     1 
2280794736  -28.11620    -62.34045     0.16      0.14     0.22     1 
2280794744  -28.11469    -62.07901     0.03     -0.39     0.39     1 
2280794764  -28.10874    -61.42554    -0.19     -0.37     0.41     1 
2280794772  -28.10550    -61.16422    -0.19     -0.35     0.39     1 
2280794813  -28.14132    -62.27492    -0.32     -0.16     0.36     1 
2280794821  -28.13969    -62.01342    -0.40     -0.21     0.45     1 
2280794829  -28.13756    -61.75196    -0.23     -0.29     0.36     1 
2280794894  -28.16560    -62.07858    -0.23     -0.13     0.26     1 
2280794896  -28.16514    -62.01319    -0.32     -0.23     0.40     1 
2280794897  -28.16490    -61.98050    -0.07     -0.18     0.19     1 
2280794903  -28.16330    -61.78435    -0.18     -0.20     0.27     1 
2280794904  -28.16301    -61.75166    -0.05      0.01     0.05     1 
2280794910  -28.16108    -61.55554    -0.50      0.06     0.51     2 
2280794975  -28.18959    -61.88216    -0.14     -0.09     0.17     1 
2280794976  -28.18932    -61.84946    -0.03     -0.17     0.17     1 
2280794978  -28.18875    -61.78406    -0.01     -0.22     0.22     1 
2280794979  -28.18846    -61.75137    -0.05     -0.33     0.34     1 
2280794980  -28.18816    -61.71867    -0.13     -0.28     0.31     1 
2280794983  -28.18720    -61.62058    -0.02     -0.25     0.25     1 
2280794984  -28.18687    -61.58789    -0.18     -0.22     0.28     1 
2280795053  -28.21420    -61.78377    -0.01     -0.26     0.26     1 
2280795055  -28.21361    -61.71837    -0.19     -0.14     0.23     1 
2280795058  -28.21265    -61.62026    -0.17     -0.06     0.18     1 
2280795060  -28.21198    -61.55485     0.01     -0.33     0.33     1 
2280795133  -28.23810    -61.61993    -0.51     -0.31     0.60     2 
2280795135  -28.23742    -61.55451    -0.14     -0.36     0.38     1 
2280795216  -28.26065    -61.35787    -0.35     -0.23     0.42     1 
2280795306  -28.27931    -60.86675    -0.47     -0.08     0.48     1 
2280795459  -28.32862    -60.76756     0.22     -0.53     0.58     2 
----------------------------------------------------------------------
---------------------------------------------------
Total correlated GCPs in Upper Left Quadrant: 228

GCP statistics this quadrant only (in Pixels)
Line residual statistics:
  Mean: 0.038
  Median: 0.036
  Standard Deviation: 0.168

Sample residual statistics:
  Mean: -0.084
  Median: -0.073
  Standard Deviation: 0.174

Quadrant RMSE: 0.259

---------------------------------------------------
Total correlated GCPs in Upper Right Quadrant: 445

GCP statistics this quadrant only (in Pixels)
Line residual statistics:
  Mean: -0.033
  Median: -0.030
  Standard Deviation: 0.163

Sample residual statistics:
  Mean: -0.061
  Median: -0.062
  Standard Deviation: 0.174

Quadrant RMSE: 0.248

---------------------------------------------------
Total correlated GCPs in Lower Left Quadrant: 217

GCP statistics this quadrant only (in Pixels)
Line residual statistics:
  Mean: -0.034
  Median: -0.022
  Standard Deviation: 0.171

Sample residual statistics:
  Mean: -0.002
  Median: -0.013
  Standard Deviation: 0.215

Quadrant RMSE: 0.277

---------------------------------------------------
Total correlated GCPs in Lower Right Quadrant: 188

GCP statistics this quadrant only (in Pixels)
Line residual statistics:
  Mean: 0.004
  Median: 0.013
  Standard Deviation: 0.160

Sample residual statistics:
  Mean: 0.064
  Median: 0.068
  Standard Deviation: 0.176

Quadrant RMSE: 0.246

---------------------------------------------------
---------------------------------------------------
Total correlated GCPs in scene: 1078

GCP statistics entire scene (in Pixels)
Line residual statistics:
  Mean: -0.012
  Median: -0.012
  Standard Deviation: 0.168

Sample residual statistics:
  Mean: -0.032
  Median: -0.034
  Standard Deviation: 0.191

Scene RMSE: 0.256

