==============================================================================
==============================================================================
Wed. Nov. 4 2015                  LANDSAT 5                       Time: 01:25
                            Image Assessment System
                            GEOMETRIC VERIFY Report
==============================================================================
Order ID: 0601511035998_00062                          Path / Row - 228 / 79
Reference Image: L51CUB1088287130100_HDF.L1G

Color mapping per rank
----------------------
Rank  1 is Green: total residual <= 0.5
Rank  2 is Cyan: 0.5 < total residual <=  1
Rank  3 is Blue:  1 < total residual <=  2
Rank  4 is Yellow:  2 < total residual <=  3
Rank  5 is Red:  3 < total residual

Percentage of residuals by rank
-------------------------------
Rank   1 -- 95.7%
Rank   2 --  4.3%
Rank   3 --  0.0%
Rank   4 --  0.0%
Rank   5 --  0.0%

       GCP    Latitude    Longitude  Sample   Line     Total    Rank
        ID                           Residual Residual Residual
              (Degree)    (Degree)   (Pixel)  (Pixel)  (Pixel)
----------------------------------------------------------------------
2280790094  -26.53077    -62.05828    -0.09      0.28     0.30     1 
2280790172  -26.55557    -61.96321     0.54     -0.18     0.57     2 
2280790251  -26.58005    -61.83647    -0.08      0.37     0.38     1 
2280790316  -26.60774    -62.15257    -0.11      0.21     0.24     1 
2280790334  -26.60321    -61.58317     0.12      0.29     0.32     1 
2280790393  -26.63281    -62.08909     0.02      0.25     0.25     1 
2280790394  -26.63261    -62.05745    -0.05      0.15     0.16     1 
2280790405  -26.62987    -61.70940    -0.06      0.26     0.27     1 
2280790407  -26.62928    -61.64613     0.22     -0.02     0.23     1 
2280790408  -26.62898    -61.61449    -0.11      0.21     0.23     1 
2280790415  -26.62665    -61.39305     0.04      0.25     0.25     1 
2280790416  -26.62629    -61.36141    -0.06      0.02     0.07     1 
2280790470  -26.65785    -62.02559    -0.01      0.11     0.11     1 
2280790475  -26.65668    -61.86735     0.19      0.39     0.44     1 
2280790476  -26.65642    -61.83570    -0.30      0.12     0.32     1 
2280790477  -26.65616    -61.80405    -0.33      0.13     0.36     1 
2280790478  -26.65589    -61.77241     0.15      0.12     0.20     1 
2280790479  -26.65561    -61.74076    -0.10      0.08     0.13     1 
2280790482  -26.65474    -61.64583    -0.12      0.43     0.45     1 
2280790483  -26.65443    -61.61418     0.03      0.12     0.12     1 
2280790493  -26.65100    -61.29777    -0.08      0.14     0.16     1 
2280790494  -26.65061    -61.26613     0.01      0.15     0.15     1 
2280790495  -26.65022    -61.23450    -0.04      0.24     0.24     1 
2280790496  -26.64983    -61.20286     0.08      0.20     0.22     1 
2280790539  -26.68449    -62.21532    -0.10      0.31     0.33     1 
2280790540  -26.68431    -62.18366    -0.16      0.25     0.30     1 
2280790541  -26.68412    -62.15200    -0.13      0.04     0.13     1 
2280790550  -26.68213    -61.86710    -0.14      0.03     0.15     1 
2280790552  -26.68162    -61.80379     0.07      0.33     0.34     1 
2280790556  -26.68049    -61.67718    -0.38      0.45     0.59     2 
2280790560  -26.67926    -61.55058    -0.08      0.24     0.25     1 
2280790561  -26.67893    -61.51893    -0.06      0.23     0.24     1 
2280790564  -26.67791    -61.42398     0.01     -0.49     0.49     1 
2280790565  -26.67755    -61.39233    -0.06      0.09     0.11     1 
2280790566  -26.67719    -61.36069    -0.00      0.03     0.03     1 
2280790570  -26.67567    -61.23411    -0.01     -0.03     0.03     1 
2280790575  -26.67362    -61.07590     0.06      0.05     0.08     1 
2280790614  -26.70995    -62.21514    -0.05      0.14     0.15     1 
2280790619  -26.70898    -62.05682     0.13      0.23     0.26     1 
2280790622  -26.70832    -61.96183    -0.27      0.16     0.31     1 
2280790626  -26.70734    -61.83518    -0.46      0.03     0.46     1 
2280790635  -26.70471    -61.55025     0.02     -0.02     0.03     1 
2280790640  -26.70301    -61.39198    -0.14      0.12     0.18     1 
2280790641  -26.70264    -61.36032     0.14      0.13     0.19     1 
2280790644  -26.70152    -61.26537     0.09      0.12     0.15     1 
2280790647  -26.70032    -61.17041     0.09     -0.05     0.10     1 
2280790649  -26.69949    -61.10712    -0.16     -0.35     0.38     1 
2280790654  -26.69729    -60.94888     0.15     -0.12     0.19     1 
2280790655  -26.69683    -60.91724     0.08      0.05     0.09     1 
2280790656  -26.69637    -60.88560     0.05      0.05     0.07     1 
2280790689  -26.73540    -62.21497    -0.10      0.22     0.24     1 
2280790693  -26.73465    -62.08828    -0.12      0.11     0.16     1 
2280790700  -26.73305    -61.86659    -0.36      0.08     0.37     1 
2280790704  -26.73198    -61.73992    -0.19      0.15     0.24     1 
2280790709  -26.73048    -61.58159    -0.01      0.08     0.08     1 
2280790712  -26.72950    -61.48660    -0.18      0.15     0.24     1 
2280790713  -26.72916    -61.45494     0.18      0.29     0.34     1 
2280790714  -26.72881    -61.42328     0.03      0.15     0.15     1 
2280790716  -26.72809    -61.35996     0.25      0.53     0.59     2 
2280790722  -26.72577    -61.17001     0.18      0.03     0.18     1 
2280790730  -26.72228    -60.91678    -0.08      0.10     0.12     1 
2280790731  -26.72181    -60.88513     0.14     -0.04     0.15     1 
2280790733  -26.72085    -60.82183     0.39     -0.08     0.40     1 
2280790734  -26.72036    -60.79018    -0.11     -0.08     0.14     1 
2280790736  -26.71936    -60.72689     0.27      0.21     0.34     1 
2280790737  -26.71885    -60.69524     0.06      0.27     0.27     1 
2280790763  -26.76103    -62.24647    -0.17     -0.00     0.17     1 
2280790764  -26.76086    -62.21479    -0.06     -0.00     0.06     1 
2280790765  -26.76068    -62.18311    -0.23      0.20     0.30     1 
2280790766  -26.76050    -62.15143    -0.14      0.03     0.14     1 
2280790779  -26.75744    -61.73964    -0.22      0.18     0.29     1 
2280790783  -26.75625    -61.61295     0.02     -0.27     0.27     1 
2280790788  -26.75461    -61.45460     0.07      0.23     0.24     1 
2280790791  -26.75355    -61.35959     0.02      0.02     0.03     1 
2280790797  -26.75122    -61.16960    -0.06     -0.05     0.08     1 
2280790800  -26.74996    -61.07461     0.01      0.00     0.01     1 
2280790802  -26.74909    -61.01129     0.44     -0.20     0.48     1 
2280790804  -26.74818    -60.94797     0.09     -0.08     0.12     1 
2280790805  -26.74772    -60.91631     0.19      0.07     0.21     1 
2280790806  -26.74725    -60.88466     0.03      0.25     0.25     1 
2280790808  -26.74629    -60.82134    -0.49     -0.30     0.57     2 
2280790811  -26.74480    -60.72638    -0.14     -0.01     0.14     1 
2280790812  -26.74429    -60.69473    -0.14     -0.01     0.14     1 
2280790813  -26.74377    -60.66308     0.11      0.05     0.12     1 
2280790814  -26.74325    -60.63143    -0.02      0.03     0.04     1 
2280790815  -26.74272    -60.59978     0.15      0.20     0.25     1 
2280790816  -26.74218    -60.56813    -0.14      0.51     0.53     2 
2280790817  -26.74163    -60.53648     0.12      0.20     0.23     1 
2280790839  -26.78632    -62.21462     0.14      0.01     0.14     1 
2280790841  -26.78596    -62.15125    -0.17      0.14     0.22     1 
2280790843  -26.78556    -62.08787    -0.13      0.06     0.15     1 
2280790851  -26.78370    -61.83440     0.10      0.03     0.11     1 
2280790854  -26.78289    -61.73936     0.06      0.11     0.13     1 
2280790857  -26.78201    -61.64432     0.12     -0.02     0.12     1 
2280790860  -26.78107    -61.54928     0.13      0.28     0.31     1 
2280790863  -26.78007    -61.45425    -0.02      0.01     0.02     1 
2280790866  -26.77900    -61.35923     0.01      0.09     0.09     1 
2280790868  -26.77825    -61.29588     0.07      0.08     0.10     1 
2280790869  -26.77786    -61.26421     0.07      0.16     0.18     1 
2280790870  -26.77747    -61.23253     0.04      0.22     0.22     1 
2280790876  -26.77497    -61.04252     0.09      0.07     0.12     1 
2280790877  -26.77453    -61.01085     0.04     -0.00     0.04     1 
2280790880  -26.77317    -60.91585     0.09      0.15     0.17     1 
2280790881  -26.77270    -60.88419    -0.11      0.26     0.28     1 
2280790882  -26.77222    -60.85252    -0.11      0.07     0.13     1 
2280790883  -26.77174    -60.82086     0.13      0.22     0.26     1 
2280790886  -26.77024    -60.72588     0.13     -0.01     0.13     1 
2280790887  -26.76973    -60.69421    -0.26      0.24     0.36     1 
2280790888  -26.76921    -60.66256    -0.09      0.07     0.11     1 
2280790889  -26.76869    -60.63090    -0.06      0.03     0.07     1 
2280790890  -26.76815    -60.59924     0.05      0.12     0.12     1 
2280790891  -26.76761    -60.56759     0.26     -0.09     0.27     1 
2280790892  -26.76707    -60.53593    -0.01     -0.03     0.03     1 
2280790893  -26.76651    -60.50428     0.19      0.34     0.39     1 
2280790894  -26.76595    -60.47262    -0.10     -0.02     0.10     1 
2280790895  -26.76538    -60.44097    -0.16      0.18     0.24     1 
2280790896  -26.76481    -60.40932    -0.11      0.47     0.49     1 
2280790914  -26.81178    -62.21444     0.04      0.07     0.08     1 
2280790916  -26.81142    -62.15106    -0.35      0.11     0.37     1 
2280790919  -26.81081    -62.05598    -0.23      0.01     0.23     1 
2280790921  -26.81038    -61.99260     0.06      0.06     0.08     1 
2280790926  -26.80916    -61.83414    -0.33      0.22     0.40     1 
2280790927  -26.80890    -61.80246    -0.06      0.05     0.07     1 
2280790928  -26.80862    -61.77077    -0.18      0.11     0.21     1 
2280790929  -26.80834    -61.73908    -0.05     -0.01     0.05     1 
2280790931  -26.80777    -61.67570    -0.25      0.09     0.27     1 
2280790934  -26.80684    -61.58064     0.00      0.04     0.04     1 
2280790937  -26.80586    -61.48559    -0.24      0.42     0.48     1 
2280790938  -26.80552    -61.45391    -0.09      0.00     0.09     1 
2280790939  -26.80517    -61.42222    -0.00      0.27     0.27     1 
2280790940  -26.80481    -61.39054    -0.44      0.09     0.44     1 
2280790944  -26.80331    -61.26382    -0.01      0.08     0.08     1 
2280790945  -26.80292    -61.23214     0.07      0.10     0.12     1 
2280790946  -26.80252    -61.20046     0.06     -0.00     0.06     1 
2280790951  -26.80042    -61.04208    -0.14     -0.02     0.14     1 
2280790957  -26.79766    -60.85204     0.11      0.02     0.11     1 
2280790958  -26.79718    -60.82037    -0.12     -0.31     0.33     1 
2280790959  -26.79669    -60.78870    -0.10      0.01     0.10     1 
2280790960  -26.79619    -60.75704     0.01      0.14     0.14     1 
2280790961  -26.79569    -60.72537     0.05     -0.05     0.07     1 
2280790962  -26.79517    -60.69370     0.06     -0.20     0.21     1 
2280790963  -26.79465    -60.66204    -0.03      0.03     0.04     1 
2280790964  -26.79413    -60.63037    -0.09     -0.09     0.13     1 
2280790965  -26.79359    -60.59871    -0.11      0.06     0.13     1 
2280790966  -26.79305    -60.56704     0.25      0.04     0.25     1 
2280790989  -26.83724    -62.21427    -0.00      0.15     0.15     1 
2280790990  -26.83706    -62.18257     0.07      0.31     0.31     1 
2280790991  -26.83687    -62.15087    -0.06      0.15     0.16     1 
2280790993  -26.83648    -62.08747     0.14      0.17     0.22     1 
2280790994  -26.83627    -62.05577    -0.27      0.07     0.28     1 
2280790996  -26.83583    -61.99237    -0.13     -0.23     0.27     1 
2280790997  -26.83560    -61.96067    -0.06      0.05     0.07     1 
2280791001  -26.83462    -61.83388    -0.39      0.37     0.54     2 
2280791004  -26.83380    -61.73880     0.06      0.04     0.07     1 
2280791005  -26.83351    -61.70710    -0.01      0.14     0.14     1 
2280791013  -26.83097    -61.45356    -0.04     -0.05     0.07     1 
2280791014  -26.83062    -61.42187     0.27     -0.07     0.28     1 
2280791016  -26.82990    -61.35849     0.02      0.10     0.10     1 
2280791018  -26.82915    -61.29512    -0.05      0.54     0.55     2 
2280791019  -26.82876    -61.26343    -0.02      0.07     0.07     1 
2280791026  -26.82587    -61.04164     0.02      0.05     0.06     1 
2280791030  -26.82406    -60.91492    -0.07      0.24     0.25     1 
2280791032  -26.82311    -60.85156     0.20      0.16     0.25     1 
2280791033  -26.82262    -60.81989    -0.42      0.36     0.56     2 
2280791035  -26.82163    -60.75653    -0.10      0.38     0.39     1 
2280791036  -26.82113    -60.72486    -0.06     -0.02     0.06     1 
2280791037  -26.82061    -60.69319    -0.02     -0.30     0.30     1 
2280791039  -26.81957    -60.62984     0.03     -0.11     0.11     1 
2280791040  -26.81903    -60.59817     0.09     -0.01     0.09     1 
2280791041  -26.81849    -60.56650     0.28     -0.22     0.35     1 
2280791042  -26.81794    -60.53483    -0.04      0.00     0.04     1 
2280791044  -26.81683    -60.47149    -0.15     -0.03     0.16     1 
2280791065  -26.86252    -62.18238    -0.07      0.07     0.10     1 
2280791069  -26.86173    -62.05556    -0.05      0.31     0.31     1 
2280791072  -26.86106    -61.96044    -0.11     -0.13     0.16     1 
2280791086  -26.85710    -61.51661     0.01      0.12     0.12     1 
2280791087  -26.85676    -61.48491     0.01     -0.02     0.03     1 
2280791088  -26.85642    -61.45322     0.10      0.03     0.11     1 
2280791089  -26.85607    -61.42152    -0.06      0.00     0.06     1 
2280791090  -26.85571    -61.38982    -0.20      0.07     0.21     1 
2280791091  -26.85535    -61.35813     0.05      0.12     0.13     1 
2280791092  -26.85498    -61.32643     0.08      0.03     0.08     1 
2280791093  -26.85460    -61.29474     0.03     -0.06     0.07     1 
2280791094  -26.85421    -61.26304    -0.09      0.13     0.15     1 
2280791095  -26.85382    -61.23135    -0.16     -0.05     0.17     1 
2280791096  -26.85342    -61.19966     0.14     -0.05     0.15     1 
2280791097  -26.85301    -61.16796    -0.02      0.18     0.18     1 
2280791098  -26.85260    -61.13627     0.06      0.19     0.20     1 
2280791099  -26.85218    -61.10458     0.09     -0.06     0.11     1 
2280791100  -26.85175    -61.07289     0.09      0.20     0.22     1 
2280791102  -26.85087    -61.00951     0.08      0.21     0.22     1 
2280791104  -26.84996    -60.94614     0.36     -0.01     0.36     1 
2280791105  -26.84950    -60.91445    -0.03     -0.30     0.30     1 
2280791108  -26.84807    -60.81940     0.16      0.19     0.25     1 
2280791109  -26.84757    -60.78771    -0.09     -0.06     0.11     1 
2280791110  -26.84707    -60.75603    -0.11     -0.08     0.13     1 
2280791111  -26.84657    -60.72435    -0.05      0.32     0.32     1 
2280791112  -26.84605    -60.69267    -0.04      0.01     0.04     1 
2280791113  -26.84553    -60.66099     0.13     -0.04     0.14     1 
2280791114  -26.84501    -60.62931    -0.17     -0.08     0.19     1 
2280791115  -26.84447    -60.59763     0.23     -0.07     0.24     1 
2280791116  -26.84393    -60.56596     0.25      0.22     0.33     1 
2280791117  -26.84338    -60.53428     0.21     -0.01     0.21     1 
2280791118  -26.84282    -60.50260    -0.08     -0.23     0.24     1 
2280791119  -26.84226    -60.47093    -0.13     -0.00     0.13     1 
2280791120  -26.84169    -60.43926     0.21     -0.13     0.25     1 
2280791121  -26.84111    -60.40758     0.11      0.38     0.40     1 
2280791138  -26.88833    -62.24563    -0.09      0.02     0.09     1 
2280791141  -26.88779    -62.15049    -0.04      0.09     0.10     1 
2280791143  -26.88740    -62.08706    -0.16     -0.55     0.57     2 
2280791144  -26.88719    -62.05535    -0.01     -0.09     0.09     1 
2280791145  -26.88697    -62.02363    -0.20     -0.03     0.20     1 
2280791147  -26.88652    -61.96021    -0.06     -0.04     0.07     1 
2280791155  -26.88442    -61.70652    -0.11     -0.22     0.25     1 
2280791156  -26.88413    -61.67481    -0.14     -0.24     0.28     1 
2280791158  -26.88352    -61.61140    -0.04      0.04     0.06     1 
2280791160  -26.88288    -61.54799    -0.01     -0.03     0.03     1 
2280791162  -26.88222    -61.48457    -0.26     -0.07     0.27     1 
2280791163  -26.88187    -61.45287     0.13      0.16     0.20     1 
2280791165  -26.88116    -61.38946     0.00      0.14     0.14     1 
2280791166  -26.88080    -61.35776     0.01     -0.01     0.01     1 
2280791167  -26.88043    -61.32606     0.07     -0.05     0.08     1 
2280791168  -26.88005    -61.29436    -0.11      0.01     0.11     1 
2280791169  -26.87966    -61.26265     0.03      0.01     0.03     1 
2280791170  -26.87927    -61.23095     0.06     -0.19     0.20     1 
2280791172  -26.87846    -61.16755    -0.32      0.09     0.34     1 
2280791173  -26.87805    -61.13585     0.19     -0.07     0.20     1 
2280791175  -26.87720    -61.07246    -0.21      0.13     0.25     1 
2280791180  -26.87494    -60.91399     0.03      0.05     0.06     1 
2280791185  -26.87252    -60.75553     0.23      0.05     0.24     1 
2280791186  -26.87201    -60.72384    -0.04      0.06     0.07     1 
2280791187  -26.87149    -60.69215    -0.28     -0.06     0.29     1 
2280791188  -26.87097    -60.66047    -0.02      0.03     0.04     1 
2280791189  -26.87045    -60.62878     0.35      0.01     0.35     1 
2280791190  -26.86991    -60.59710    -0.03      0.10     0.11     1 
2280791191  -26.86937    -60.56541     0.12      0.29     0.31     1 
2280791192  -26.86882    -60.53373    -0.16     -0.05     0.17     1 
2280791193  -26.86826    -60.50205     0.20      0.02     0.20     1 
2280791194  -26.86770    -60.47036    -0.11     -0.03     0.12     1 
2280791195  -26.86713    -60.43868     0.05     -0.07     0.09     1 
2280791215  -26.91344    -62.18202     0.02     -0.24     0.24     1 
2280791217  -26.91305    -62.11857    -0.08      0.10     0.13     1 
2280791219  -26.91264    -62.05513     0.17     -0.53     0.56     2 
2280791222  -26.91197    -61.95997    -0.06     -0.02     0.06     1 
2280791223  -26.91174    -61.92826    -0.14     -0.07     0.16     1 
2280791224  -26.91149    -61.89654    -0.10     -0.11     0.15     1 
2280791228  -26.91044    -61.76967     0.05      0.14     0.14     1 
2280791230  -26.90988    -61.70623    -0.05      0.01     0.05     1 
2280791231  -26.90958    -61.67452    -0.29     -0.35     0.46     1 
2280791232  -26.90928    -61.64280    -0.41      0.13     0.43     1 
2280791235  -26.90834    -61.54766     0.02      0.08     0.08     1 
2280791236  -26.90801    -61.51595     0.26     -0.28     0.38     1 
2280791237  -26.90767    -61.48423     0.02      0.49     0.49     1 
2280791238  -26.90733    -61.45252    -0.08      0.04     0.09     1 
2280791239  -26.90697    -61.42081    -0.01     -0.34     0.34     1 
2280791240  -26.90662    -61.38910    -0.07     -0.00     0.07     1 
2280791241  -26.90625    -61.35739    -0.00     -0.11     0.11     1 
2280791243  -26.90550    -61.29397    -0.05      0.12     0.13     1 
2280791244  -26.90511    -61.26226    -0.02     -0.16     0.16     1 
2280791245  -26.90472    -61.23056     0.09     -0.12     0.16     1 
2280791246  -26.90432    -61.19885    -0.10      0.00     0.10     1 
2280791247  -26.90391    -61.16714     0.24      0.02     0.24     1 
2280791248  -26.90349    -61.13544    -0.24     -0.14     0.28     1 
2280791249  -26.90307    -61.10373    -0.07     -0.00     0.07     1 
2280791250  -26.90264    -61.07203    -0.25     -0.05     0.25     1 
2280791252  -26.90176    -61.00862     0.02      0.03     0.03     1 
2280791255  -26.90039    -60.91352    -0.23     -0.15     0.27     1 
2280791256  -26.89992    -60.88182    -0.09      0.13     0.16     1 
2280791257  -26.89944    -60.85012    -0.37      0.19     0.41     1 
2280791258  -26.89895    -60.81842     0.21      0.14     0.26     1 
2280791261  -26.89745    -60.72333     0.41      0.05     0.41     1 
2280791266  -26.89481    -60.56487     0.11      0.04     0.12     1 
2280791267  -26.89426    -60.53318     0.02     -0.06     0.06     1 
2280791268  -26.89370    -60.50149    -0.11     -0.08     0.14     1 
2280791269  -26.89313    -60.46980     0.09      0.21     0.23     1 
2280791270  -26.89256    -60.43811    -0.07      0.16     0.18     1 
2280791291  -26.93871    -62.15011    -0.14      0.06     0.15     1 
2280791294  -26.93810    -62.05492    -0.03      0.04     0.05     1 
2280791299  -26.93695    -61.89629    -0.11      0.00     0.11     1 
2280791302  -26.93617    -61.80111    -0.25     -0.28     0.38     1 
2280791305  -26.93533    -61.70594    -0.05     -0.07     0.08     1 
2280791307  -26.93474    -61.64250     0.06      0.33     0.33     1 
2280791310  -26.93379    -61.54733    -0.01      0.10     0.10     1 
2280791311  -26.93346    -61.51561    -0.09     -0.01     0.09     1 
2280791312  -26.93312    -61.48389    -0.04      0.11     0.12     1 
2280791313  -26.93278    -61.45218     0.04     -0.03     0.05     1 
2280791315  -26.93207    -61.38874     0.15     -0.12     0.19     1 
2280791316  -26.93170    -61.35702     0.02     -0.01     0.02     1 
2280791317  -26.93133    -61.32531     0.32     -0.05     0.32     1 
2280791318  -26.93095    -61.29359    -0.17      0.15     0.23     1 
2280791319  -26.93056    -61.26187     0.05     -0.12     0.13     1 
2280791320  -26.93017    -61.23016    -0.07      0.01     0.07     1 
2280791321  -26.92976    -61.19844     0.07      0.04     0.08     1 
2280791322  -26.92936    -61.16673     0.01     -0.11     0.11     1 
2280791324  -26.92852    -61.10331    -0.13     -0.04     0.13     1 
2280791325  -26.92809    -61.07160     0.17     -0.24     0.29     1 
2280791326  -26.92765    -61.03988     0.21     -0.05     0.22     1 
2280791329  -26.92630    -60.94476    -0.54      0.12     0.56     2 
2280791330  -26.92583    -60.91305    -0.08      0.04     0.09     1 
2280791331  -26.92536    -60.88134    -0.05     -0.05     0.07     1 
2280791334  -26.92390    -60.78623    -0.29      0.00     0.29     1 
2280791337  -26.92237    -60.69112    -0.36      0.11     0.38     1 
2280791338  -26.92185    -60.65942    -0.41      0.08     0.42     1 
2280791341  -26.92024    -60.56432     0.12     -0.05     0.13     1 
2280791342  -26.91969    -60.53262    -0.08      0.20     0.21     1 
2280791343  -26.91913    -60.50093     0.06      0.12     0.13     1 
2280791344  -26.91857    -60.46923    -0.20      0.05     0.21     1 
2280791345  -26.91800    -60.43753     0.20     -0.04     0.20     1 
2280791367  -26.96397    -62.11818    -0.26      0.16     0.31     1 
2280791369  -26.96356    -62.05471    -0.15     -0.18     0.23     1 
2280791375  -26.96215    -61.86431    -0.14     -0.02     0.14     1 
2280791380  -26.96079    -61.70565    -0.13      0.04     0.13     1 
2280791385  -26.95924    -61.54701    -0.06     -0.22     0.23     1 
2280791388  -26.95823    -61.45183     0.14      0.02     0.14     1 
2280791389  -26.95788    -61.42010     0.14      0.15     0.20     1 
2280791390  -26.95752    -61.38838     0.07      0.05     0.09     1 
2280791391  -26.95715    -61.35665    -0.07      0.09     0.11     1 
2280791393  -26.95640    -61.29321    -0.25     -0.14     0.28     1 
2280791394  -26.95601    -61.26148    -0.18      0.04     0.18     1 
2280791395  -26.95562    -61.22976     0.07     -0.10     0.12     1 
2280791396  -26.95521    -61.19804    -0.07      0.14     0.15     1 
2280791398  -26.95439    -61.13460     0.16     -0.06     0.17     1 
2280791400  -26.95353    -61.07116    -0.27     -0.17     0.32     1 
2280791402  -26.95265    -61.00773    -0.32     -0.29     0.43     1 
2280791403  -26.95220    -60.97601     0.08      0.05     0.09     1 
2280791404  -26.95174    -60.94430    -0.01     -0.16     0.16     1 
2280791405  -26.95128    -60.91258     0.03      0.13     0.13     1 
2280791406  -26.95080    -60.88087    -0.19     -0.09     0.21     1 
2280791407  -26.95032    -60.84915    -0.14     -0.07     0.15     1 
2280791408  -26.94984    -60.81744     0.06     -0.18     0.18     1 
2280791409  -26.94934    -60.78573     0.07     -0.06     0.10     1 
2280791410  -26.94884    -60.75402    -0.08     -0.10     0.13     1 
2280791411  -26.94833    -60.72231    -0.04     -0.18     0.18     1 
2280791412  -26.94781    -60.69060    -0.18     -0.12     0.22     1 
2280791413  -26.94729    -60.65889     0.21     -0.15     0.26     1 
2280791414  -26.94676    -60.62718     0.00      0.04     0.04     1 
2280791416  -26.94568    -60.56377    -0.04     -0.11     0.12     1 
2280791418  -26.94457    -60.50037     0.11      0.28     0.30     1 
2280791419  -26.94401    -60.46866    -0.13      0.08     0.15     1 
2280791420  -26.94343    -60.43696     0.13      0.10     0.17     1 
2280791437  -26.99033    -62.27670    -0.28      0.16     0.32     1 
2280791438  -26.99017    -62.24495     0.27     -0.13     0.30     1 
2280791440  -26.98981    -62.18147    -0.09     -0.25     0.27     1 
2280791441  -26.98962    -62.14972    -0.09      0.10     0.14     1 
2280791451  -26.98735    -61.83231    -0.16     -0.05     0.17     1 
2280791455  -26.98624    -61.70536     0.02     -0.00     0.02     1 
2280791456  -26.98595    -61.67362    -0.08      0.20     0.22     1 
2280791457  -26.98564    -61.64189    -0.04     -0.23     0.24     1 
2280791459  -26.98502    -61.57842     0.18     -0.17     0.24     1 
2280791461  -26.98436    -61.51495     0.06     -0.18     0.19     1 
2280791462  -26.98402    -61.48321     0.01     -0.09     0.09     1 
2280791463  -26.98368    -61.45148    -0.05     -0.06     0.08     1 
2280791464  -26.98333    -61.41975    -0.28     -0.13     0.31     1 
2280791466  -26.98260    -61.35628    -0.44     -0.14     0.46     1 
2280791467  -26.98223    -61.32455     0.08      0.07     0.10     1 
2280791468  -26.98185    -61.29282    -0.04     -0.15     0.15     1 
2280791469  -26.98146    -61.26109    -0.18      0.26     0.32     1 
2280791470  -26.98106    -61.22936     0.06     -0.04     0.07     1 
2280791471  -26.98066    -61.19763    -0.01     -0.05     0.05     1 
2280791473  -26.97984    -61.13418     0.01     -0.10     0.10     1 
2280791474  -26.97941    -61.10245     0.04     -0.01     0.04     1 
2280791475  -26.97898    -61.07073    -0.29     -0.07     0.30     1 
2280791476  -26.97854    -61.03900    -0.04      0.04     0.06     1 
2280791477  -26.97810    -61.00728    -0.10      0.13     0.17     1 
2280791478  -26.97765    -60.97556    -0.01     -0.20     0.20     1 
2280791479  -26.97719    -60.94383    -0.21     -0.03     0.21     1 
2280791480  -26.97672    -60.91211    -0.02      0.19     0.19     1 
2280791481  -26.97625    -60.88039     0.08      0.06     0.10     1 
2280791483  -26.97528    -60.81695    -0.10     -0.02     0.10     1 
2280791484  -26.97478    -60.78523    -0.52     -0.02     0.52     2 
2280791485  -26.97428    -60.75352    -0.11     -0.01     0.11     1 
2280791487  -26.97326    -60.69008    -0.28     -0.22     0.36     1 
2280791488  -26.97273    -60.65837    -0.18      0.00     0.18     1 
2280791489  -26.97220    -60.62665     0.02     -0.19     0.19     1 
2280791490  -26.97166    -60.59494     0.14     -0.11     0.18     1 
2280791491  -26.97112    -60.56323     0.03      0.02     0.04     1 
2280791492  -26.97057    -60.53151    -0.27     -0.12     0.30     1 
2280791493  -26.97001    -60.49980    -0.39     -0.19     0.43     1 
2280791494  -26.96944    -60.46809    -0.01      0.00     0.01     1 
2280791495  -26.96887    -60.43638    -0.16     -0.11     0.20     1 
2280791512  -27.01579    -62.27653    -0.13      0.30     0.32     1 
2280791514  -27.01545    -62.21303    -0.07     -0.01     0.07     1 
2280791515  -27.01527    -62.18128    -0.22      0.16     0.27     1 
2280791516  -27.01508    -62.14953    -0.10      0.09     0.14     1 
2280791517  -27.01488    -62.11778    -0.11      0.11     0.15     1 
2280791520  -27.01426    -62.02253     0.11     -0.12     0.16     1 
2280791522  -27.01380    -61.95904     0.17     -0.10     0.20     1 
2280791525  -27.01307    -61.86380     0.22      0.21     0.30     1 
2280791526  -27.01281    -61.83205     0.06      0.03     0.07     1 
2280791527  -27.01254    -61.80030    -0.13     -0.05     0.14     1 
2280791530  -27.01169    -61.70507    -0.19      0.07     0.20     1 
2280791531  -27.01140    -61.67332    -0.02     -0.07     0.07     1 
2280791532  -27.01110    -61.64158    -0.09      0.02     0.09     1 
2280791534  -27.01047    -61.57810    -0.00      0.17     0.17     1 
2280791535  -27.01015    -61.54635    -0.14      0.01     0.14     1 
2280791536  -27.00981    -61.51461    -0.20     -0.14     0.24     1 
2280791537  -27.00948    -61.48287    -0.05     -0.00     0.05     1 
2280791538  -27.00913    -61.45113    -0.07     -0.05     0.08     1 
2280791542  -27.00768    -61.32417    -0.31      0.16     0.35     1 
2280791543  -27.00730    -61.29244    -0.22     -0.35     0.41     1 
2280791544  -27.00691    -61.26070     0.01     -0.07     0.07     1 
2280791545  -27.00651    -61.22897    -0.10      0.02     0.11     1 
2280791546  -27.00611    -61.19723     0.20     -0.23     0.31     1 
2280791547  -27.00570    -61.16549     0.08      0.01     0.08     1 
2280791549  -27.00486    -61.10203     0.09      0.17     0.19     1 
2280791551  -27.00399    -61.03856    -0.02      0.06     0.07     1 
2280791552  -27.00354    -61.00683     0.09      0.15     0.17     1 
2280791554  -27.00263    -60.94337     0.08     -0.08     0.11     1 
2280791556  -27.00169    -60.87991     0.12      0.35     0.37     1 
2280791558  -27.00072    -60.81646    -0.03     -0.02     0.04     1 
2280791559  -27.00023    -60.78473    -0.16      0.04     0.16     1 
2280791560  -26.99972    -60.75301    -0.08      0.02     0.08     1 
2280791561  -26.99921    -60.72129     0.14     -0.15     0.20     1 
2280791563  -26.99817    -60.65784     0.02      0.00     0.02     1 
2280791564  -26.99764    -60.62612     0.12      0.28     0.30     1 
2280791565  -26.99710    -60.59440     0.06      0.08     0.10     1 
2280791566  -26.99656    -60.56268    -0.05     -0.19     0.20     1 
2280791567  -26.99600    -60.53096    -0.13     -0.08     0.15     1 
2280791568  -26.99544    -60.49924    -0.09     -0.16     0.18     1 
2280791569  -26.99488    -60.46752    -0.08     -0.12     0.15     1 
2280791586  -27.04141    -62.30813    -0.21      0.40     0.45     1 
2280791588  -27.04108    -62.24461     0.14      0.04     0.14     1 
2280791589  -27.04091    -62.21285    -0.04      0.05     0.06     1 
2280791590  -27.04073    -62.18110     0.08      0.01     0.08     1 
2280791592  -27.04034    -62.11758    -0.06      0.04     0.07     1 
2280791595  -27.03971    -62.02231    -0.12     -0.47     0.49     1 
2280791596  -27.03949    -61.99056    -0.25      0.17     0.30     1 
2280791598  -27.03902    -61.92705    -0.37      0.04     0.37     1 
2280791602  -27.03799    -61.80003    -0.09      0.08     0.13     1 
2280791603  -27.03772    -61.76828    -0.03      0.02     0.03     1 
2280791605  -27.03715    -61.70478     0.08      0.09     0.12     1 
2280791608  -27.03624    -61.60952     0.11     -0.18     0.21     1 
2280791614  -27.03423    -61.41904    -0.35     -0.49     0.60     2 
2280791617  -27.03313    -61.32380    -0.19     -0.06     0.20     1 
2280791618  -27.03274    -61.29205     0.16     -0.11     0.19     1 
2280791619  -27.03236    -61.26031    -0.10     -0.02     0.11     1 
2280791620  -27.03196    -61.22857    -0.09      0.05     0.11     1 
2280791622  -27.03115    -61.16508    -0.05     -0.21     0.21     1 
2280791623  -27.03073    -61.13334     0.01      0.06     0.06     1 
2280791624  -27.03030    -61.10160    -0.02     -0.24     0.24     1 
2280791625  -27.02987    -61.06986    -0.14      0.05     0.15     1 
2280791627  -27.02899    -61.00638    -0.02     -0.07     0.07     1 
2280791628  -27.02854    -60.97465    -0.08      0.06     0.10     1 
2280791629  -27.02808    -60.94291    -0.17      0.05     0.17     1 
2280791631  -27.02713    -60.87944    -0.28      0.10     0.30     1 
2280791633  -27.02616    -60.81597    -0.08     -0.00     0.08     1 
2280791634  -27.02567    -60.78424     0.21     -0.11     0.24     1 
2280791635  -27.02516    -60.75250    -0.10      0.00     0.10     1 
2280791638  -27.02361    -60.65731    -0.15     -0.22     0.27     1 
2280791639  -27.02308    -60.62558    -0.07     -0.12     0.13     1 
2280791640  -27.02254    -60.59385    -0.13     -0.23     0.26     1 
2280791641  -27.02199    -60.56213     0.06     -0.01     0.06     1 
2280791642  -27.02144    -60.53040    -0.02     -0.11     0.11     1 
2280791644  -27.02031    -60.46695    -0.03     -0.10     0.11     1 
2280791662  -27.06671    -62.27621    -0.08     -0.09     0.12     1 
2280791665  -27.06619    -62.18091    -0.14      0.04     0.15     1 
2280791666  -27.06600    -62.14915     0.06      0.10     0.11     1 
2280791669  -27.06539    -62.05386    -0.01      0.18     0.18     1 
2280791670  -27.06517    -62.02209    -0.26      0.02     0.26     1 
2280791673  -27.06448    -61.92681    -0.00      0.44     0.44     1 
2280791677  -27.06345    -61.79976    -0.09     -0.04     0.10     1 
2280791681  -27.06231    -61.67273     0.11      0.01     0.11     1 
2280791682  -27.06200    -61.64097    -0.10     -0.05     0.12     1 
2280791688  -27.06003    -61.45043    -0.08     -0.14     0.17     1 
2280791690  -27.05932    -61.38692    -0.09      0.26     0.27     1 
2280791691  -27.05895    -61.35517    -0.20      0.02     0.20     1 
2280791692  -27.05858    -61.32342    -0.06     -0.06     0.09     1 
2280791693  -27.05819    -61.29167     0.01      0.02     0.02     1 
2280791694  -27.05780    -61.25992    -0.03     -0.07     0.07     1 
2280791695  -27.05741    -61.22817    -0.03     -0.00     0.03     1 
2280791696  -27.05701    -61.19642    -0.13     -0.02     0.13     1 
2280791697  -27.05659    -61.16467    -0.25     -0.27     0.37     1 
2280791699  -27.05575    -61.10117     0.03     -0.12     0.12     1 
2280791700  -27.05532    -61.06942     0.00      0.05     0.05     1 
2280791701  -27.05488    -61.03768    -0.19     -0.03     0.19     1 
2280791703  -27.05398    -60.97419     0.02     -0.21     0.21     1 
2280791705  -27.05305    -60.91070     0.05     -0.05     0.07     1 
2280791706  -27.05258    -60.87896     0.16      0.10     0.19     1 
2280791707  -27.05209    -60.84722    -0.17     -0.09     0.19     1 
2280791709  -27.05111    -60.78374     0.00      0.07     0.07     1 
2280791710  -27.05060    -60.75200     0.03      0.22     0.22     1 
2280791713  -27.04905    -60.65678    -0.21     -0.04     0.22     1 
2280791714  -27.04852    -60.62505    -0.17     -0.07     0.19     1 
2280791715  -27.04798    -60.59331    -0.10     -0.10     0.15     1 
2280791716  -27.04743    -60.56158    -0.14     -0.23     0.27     1 
2280791717  -27.04688    -60.52985    -0.22     -0.33     0.40     1 
2280791719  -27.04575    -60.46638    -0.34     -0.09     0.35     1 
2280791737  -27.09217    -62.27604    -0.10      0.21     0.23     1 
2280791745  -27.09063    -62.02187    -0.11     -0.08     0.14     1 
2280791749  -27.08968    -61.89480    -0.13     -0.05     0.14     1 
2280791750  -27.08943    -61.86303    -0.15     -0.16     0.22     1 
2280791752  -27.08890    -61.79949    -0.02      0.13     0.13     1 
2280791755  -27.08806    -61.70419    -0.26     -0.06     0.27     1 
2280791756  -27.08776    -61.67243    -0.16      0.01     0.16     1 
2280791757  -27.08746    -61.64066    -0.10      0.03     0.10     1 
2280791758  -27.08715    -61.60890    -0.02     -0.02     0.03     1 
2280791759  -27.08683    -61.57713     0.06      0.08     0.10     1 
2280791760  -27.08650    -61.54537     0.08     -0.22     0.24     1 
2280791761  -27.08617    -61.51361     0.10     -0.20     0.22     1 
2280791762  -27.08583    -61.48184    -0.04     -0.13     0.14     1 
2280791764  -27.08513    -61.41832     0.22      0.17     0.28     1 
2280791765  -27.08477    -61.38656    -0.40      0.18     0.43     1 
2280791766  -27.08440    -61.35480    -0.08      0.01     0.08     1 
2280791768  -27.08364    -61.29128     0.18     -0.05     0.19     1 
2280791772  -27.08204    -61.16425     0.26      0.26     0.37     1 
2280791775  -27.08076    -61.06899     0.12      0.05     0.13     1 
2280791777  -27.07988    -61.00548     0.15     -0.08     0.17     1 
2280791779  -27.07896    -60.94198     0.01     -0.18     0.18     1 
2280791780  -27.07849    -60.91023    -0.02     -0.02     0.03     1 
2280791781  -27.07802    -60.87848    -0.25     -0.20     0.32     1 
2280791783  -27.07705    -60.81498     0.11      0.07     0.13     1 
2280791786  -27.07553    -60.71974    -0.20      0.41     0.46     1 
2280791787  -27.07501    -60.68800    -0.26     -0.11     0.28     1 
2280791788  -27.07449    -60.65625    -0.25      0.22     0.33     1 
2280791789  -27.07396    -60.62451    -0.07      0.04     0.08     1 
2280791790  -27.07342    -60.59277    -0.37      0.02     0.37     1 
2280791791  -27.07287    -60.56103    -0.05     -0.14     0.15     1 
2280791792  -27.07231    -60.52929    -0.14      0.01     0.14     1 
2280791793  -27.07175    -60.49755    -0.08     -0.18     0.20     1 
2280791794  -27.07118    -60.46581     0.06     -0.04     0.07     1 
2280791824  -27.11514    -61.89455    -0.00     -0.25     0.25     1 
2280791830  -27.11351    -61.70390    -0.41     -0.31     0.51     2 
2280791831  -27.11321    -61.67213    -0.19     -0.09     0.21     1 
2280791832  -27.11291    -61.64035    -0.11     -0.01     0.11     1 
2280791833  -27.11260    -61.60858    -0.01     -0.14     0.14     1 
2280791834  -27.11228    -61.57681    -0.20     -0.05     0.21     1 
2280791835  -27.11195    -61.54504    -0.22     -0.03     0.22     1 
2280791836  -27.11162    -61.51327    -0.17     -0.02     0.17     1 
2280791837  -27.11128    -61.48150    -0.04      0.01     0.04     1 
2280791838  -27.11094    -61.44973     0.00     -0.18     0.18     1 
2280791839  -27.11058    -61.41796     0.09     -0.05     0.10     1 
2280791840  -27.11022    -61.38620    -0.29      0.01     0.29     1 
2280791841  -27.10985    -61.35443    -0.14      0.00     0.14     1 
2280791843  -27.10909    -61.29089     0.01      0.15     0.15     1 
2280791844  -27.10870    -61.25913    -0.25      0.12     0.28     1 
2280791847  -27.10749    -61.16384    -0.04     -0.02     0.04     1 
2280791848  -27.10707    -61.13208     0.33     -0.07     0.34     1 
2280791849  -27.10664    -61.10031     0.04     -0.32     0.32     1 
2280791852  -27.10532    -61.00503    -0.10     -0.09     0.14     1 
2280791855  -27.10394    -60.90976    -0.33      0.25     0.42     1 
2280791856  -27.10346    -60.87800    -0.31      0.07     0.31     1 
2280791857  -27.10298    -60.84624    -0.15     -0.08     0.17     1 
2280791858  -27.10249    -60.81449    -0.07     -0.06     0.09     1 
2280791859  -27.10199    -60.78273     0.07     -0.48     0.49     1 
2280791860  -27.10149    -60.75098     0.05     -0.33     0.33     1 
2280791861  -27.10097    -60.71923    -0.13     -0.04     0.13     1 
2280791862  -27.10045    -60.68747    -0.01     -0.17     0.17     1 
2280791863  -27.09993    -60.65572    -0.11     -0.06     0.13     1 
2280791864  -27.09939    -60.62397    -0.07     -0.27     0.28     1 
2280791865  -27.09885    -60.59222     0.07     -0.25     0.26     1 
2280791866  -27.09830    -60.56048     0.03     -0.20     0.20     1 
2280791867  -27.09775    -60.52873    -0.05      0.07     0.09     1 
2280791868  -27.09719    -60.49698     0.08     -0.12     0.15     1 
2280791869  -27.09662    -60.46524    -0.07     -0.14     0.16     1 
2280791889  -27.14274    -62.21214    -0.09      0.11     0.14     1 
2280791892  -27.14217    -62.11678    -0.28     -0.45     0.53     2 
2280791900  -27.14034    -61.86251     0.16      0.01     0.16     1 
2280791901  -27.14008    -61.83073    -0.05     -0.06     0.08     1 
2280791909  -27.13773    -61.57649    -0.06     -0.25     0.26     1 
2280791912  -27.13673    -61.48116     0.12     -0.02     0.12     1 
2280791913  -27.13639    -61.44938    -0.00     -0.04     0.04     1 
2280791914  -27.13603    -61.41761    -0.02     -0.31     0.31     1 
2280791916  -27.13530    -61.35406     0.17     -0.46     0.50     1 
2280791917  -27.13492    -61.32228     0.03     -0.04     0.05     1 
2280791918  -27.13454    -61.29051     0.19     -0.18     0.26     1 
2280791919  -27.13415    -61.25874     0.23      0.02     0.23     1 
2280791920  -27.13375    -61.22696    -0.14     -0.18     0.23     1 
2280791921  -27.13335    -61.19519    -0.05     -0.03     0.06     1 
2280791922  -27.13294    -61.16342     0.05      0.22     0.23     1 
2280791923  -27.13252    -61.13165     0.02      0.03     0.03     1 
2280791924  -27.13209    -61.09988     0.05     -0.05     0.07     1 
2280791925  -27.13166    -61.06811    -0.04      0.20     0.21     1 
2280791927  -27.13077    -61.00458    -0.16     -0.03     0.16     1 
2280791928  -27.13031    -60.97281    -0.03     -0.26     0.26     1 
2280791929  -27.12985    -60.94105    -0.16     -0.23     0.28     1 
2280791930  -27.12938    -60.90928    -0.09      0.10     0.14     1 
2280791931  -27.12890    -60.87752    -0.14     -0.20     0.25     1 
2280791933  -27.12793    -60.81399     0.02     -0.06     0.06     1 
2280791934  -27.12743    -60.78223    -0.06     -0.16     0.17     1 
2280791935  -27.12692    -60.75047     0.01     -0.29     0.29     1 
2280791937  -27.12589    -60.68695     0.12      0.05     0.13     1 
2280791938  -27.12537    -60.65519    -0.25      0.19     0.32     1 
2280791939  -27.12483    -60.62344    -0.22     -0.51     0.55     2 
2280791940  -27.12429    -60.59168    -0.33      0.15     0.36     1 
2280791941  -27.12374    -60.55992     0.07     -0.19     0.20     1 
2280791942  -27.12319    -60.52817    -0.16     -0.24     0.29     1 
2280791943  -27.12262    -60.49642    -0.12     -0.18     0.22     1 
2280791964  -27.16820    -62.21196    -0.06      0.17     0.18     1 
2280791966  -27.16783    -62.14838    -0.04      0.16     0.17     1 
2280791969  -27.16721    -62.05300    -0.06     -0.22     0.23     1 
2280791974  -27.16605    -61.89404     0.13      0.20     0.24     1 
2280791975  -27.16580    -61.86225     0.16      0.15     0.22     1 
2280791978  -27.16499    -61.76689    -0.02     -0.20     0.20     1 
2280791984  -27.16318    -61.57617     0.10      0.14     0.17     1 
2280791987  -27.16219    -61.48081    -0.04      0.10     0.11     1 
2280791990  -27.16112    -61.38546    -0.15      0.20     0.24     1 
2280791992  -27.16037    -61.32190     0.00     -0.20     0.20     1 
2280791996  -27.15880    -61.19478    -0.06     -0.14     0.15     1 
2280791999  -27.15754    -61.09945    -0.09     -0.02     0.09     1 
2280792000  -27.15710    -61.06768    -0.25     -0.04     0.25     1 
2280792002  -27.15621    -61.00413    -0.02      0.05     0.05     1 
2280792003  -27.15576    -60.97235    -0.14      0.04     0.15     1 
2280792004  -27.15529    -60.94058    -0.24      0.17     0.30     1 
2280792005  -27.15482    -60.90881    -0.14     -0.02     0.14     1 
2280792006  -27.15435    -60.87704    -0.11     -0.13     0.17     1 
2280792007  -27.15386    -60.84527    -0.07     -0.00     0.07     1 
2280792008  -27.15337    -60.81350     0.21     -0.08     0.23     1 
2280792010  -27.15237    -60.74996     0.24     -0.36     0.43     1 
2280792011  -27.15185    -60.71820     0.39     -0.16     0.42     1 
2280792012  -27.15133    -60.68643    -0.10     -0.02     0.10     1 
2280792013  -27.15080    -60.65466    -0.05     -0.16     0.17     1 
2280792015  -27.14973    -60.59114    -0.36     -0.39     0.53     2 
2280792016  -27.14918    -60.55937    -0.04     -0.12     0.13     1 
2280792017  -27.14862    -60.52761     0.05     -0.27     0.27     1 
2280792018  -27.14806    -60.49585    -0.11     -0.15     0.19     1 
2280792036  -27.19416    -62.30719     0.28     -0.02     0.28     1 
2280792041  -27.19328    -62.14818     0.09      0.40     0.41     1 
2280792049  -27.19151    -61.89379    -0.19      0.15     0.24     1 
2280792050  -27.19125    -61.86200    -0.06     -0.20     0.21     1 
2280792053  -27.19045    -61.76661     0.03      0.08     0.09     1 
2280792062  -27.18764    -61.48047     0.12     -0.07     0.14     1 
2280792063  -27.18729    -61.44868    -0.22     -0.02     0.22     1 
2280792064  -27.18693    -61.41689    -0.02      0.02     0.03     1 
2280792065  -27.18657    -61.38510    -0.21     -0.05     0.22     1 
2280792067  -27.18582    -61.32152     0.14      0.11     0.18     1 
2280792068  -27.18544    -61.28973    -0.32      0.39     0.51     2 
2280792071  -27.18424    -61.19437     0.21     -0.22     0.30     1 
2280792076  -27.18211    -61.03546     0.06     -0.10     0.11     1 
2280792077  -27.18166    -61.00368    -0.26     -0.16     0.30     1 
2280792078  -27.18120    -60.97189     0.05     -0.22     0.23     1 
2280792079  -27.18074    -60.94011    -0.10     -0.06     0.12     1 
2280792081  -27.17979    -60.87656    -0.09     -0.04     0.09     1 
2280792082  -27.17930    -60.84478    -0.12     -0.20     0.23     1 
2280792083  -27.17881    -60.81300    -0.46     -0.06     0.46     1 
2280792084  -27.17831    -60.78123     0.04     -0.06     0.07     1 
2280792085  -27.17781    -60.74945    -0.05      0.05     0.07     1 
2280792088  -27.17624    -60.65413    -0.15     -0.25     0.29     1 
2280792090  -27.17517    -60.59059     0.05     -0.11     0.12     1 
2280792091  -27.17462    -60.55882    -0.38     -0.24     0.45     1 
2280792092  -27.17406    -60.52705    -0.06     -0.02     0.06     1 
2280792093  -27.17350    -60.49528     0.01     -0.22     0.22     1 
2280792121  -27.21768    -61.98896     0.07     -0.10     0.12     1 
2280792126  -27.21645    -61.82993     0.01     -0.03     0.04     1 
2280792128  -27.21590    -61.76633     0.10      0.10     0.15     1 
2280792132  -27.21472    -61.63912    -0.07      0.03     0.07     1 
2280792133  -27.21441    -61.60732    -0.07      0.05     0.09     1 
2280792135  -27.21376    -61.54372     0.00      0.06     0.06     1 
2280792137  -27.21309    -61.48012    -0.10      0.03     0.11     1 
2280792138  -27.21274    -61.44832    -0.09     -0.07     0.12     1 
2280792139  -27.21238    -61.41653     0.08      0.11     0.13     1 
2280792140  -27.21202    -61.38473    -0.21     -0.21     0.30     1 
2280792143  -27.21089    -61.28934    -0.14     -0.24     0.28     1 
2280792144  -27.21050    -61.25755     0.08      0.10     0.13     1 
2280792145  -27.21010    -61.22576    -0.24     -0.15     0.28     1 
2280792150  -27.20799    -61.06680     0.17     -0.12     0.21     1 
2280792152  -27.20710    -61.00322    -0.00     -0.11     0.11     1 
2280792154  -27.20618    -60.93965    -0.24      0.05     0.24     1 
2280792157  -27.20475    -60.84429    -0.01     -0.43     0.43     1 
2280792162  -27.20221    -60.68538     0.08      0.09     0.12     1 
2280792163  -27.20168    -60.65360     0.03     -0.27     0.27     1 
2280792164  -27.20115    -60.62182    -0.19      0.21     0.28     1 
2280792165  -27.20060    -60.59004     0.01     -0.27     0.27     1 
2280792166  -27.20005    -60.55826    -0.10     -0.02     0.10     1 
2280792167  -27.19950    -60.52649    -0.12     -0.23     0.26     1 
2280792168  -27.19893    -60.49471    -0.16     -0.27     0.32     1 
2280792191  -27.24420    -62.14780    -0.23      0.27     0.35     1 
2280792206  -27.24048    -61.67062    -0.11      0.19     0.22     1 
2280792210  -27.23921    -61.54339    -0.06      0.02     0.07     1 
2280792212  -27.23854    -61.47978     0.02      0.10     0.10     1 
2280792213  -27.23819    -61.44797     0.03     -0.00     0.03     1 
2280792214  -27.23783    -61.41617    -0.04     -0.00     0.04     1 
2280792217  -27.23672    -61.32076     0.04     -0.14     0.15     1 
2280792218  -27.23634    -61.28896    -0.31      0.15     0.34     1 
2280792219  -27.23594    -61.25715     0.10     -0.10     0.14     1 
2280792220  -27.23554    -61.22535     0.17     -0.04     0.17     1 
2280792226  -27.23300    -61.03456    -0.04     -0.23     0.23     1 
2280792227  -27.23255    -61.00277     0.05     -0.22     0.22     1 
2280792228  -27.23209    -60.97097    -0.00     -0.02     0.02     1 
2280792230  -27.23115    -60.90738    -0.05     -0.01     0.05     1 
2280792231  -27.23067    -60.87559    -0.23     -0.07     0.24     1 
2280792232  -27.23019    -60.84380     0.02     -0.14     0.14     1 
2280792233  -27.22969    -60.81201     0.04     -0.02     0.04     1 
2280792234  -27.22919    -60.78022    -0.13     -0.28     0.30     1 
2280792235  -27.22869    -60.74843     0.03     -0.06     0.07     1 
2280792236  -27.22817    -60.71664    -0.15     -0.06     0.16     1 
2280792237  -27.22765    -60.68485    -0.13      0.02     0.13     1 
2280792238  -27.22712    -60.65306     0.17     -0.10     0.20     1 
2280792240  -27.22604    -60.58949     0.02     -0.31     0.31     1 
2280792241  -27.22549    -60.55771    -0.12     -0.25     0.27     1 
2280792242  -27.22493    -60.52593    -0.10     -0.30     0.32     1 
2280792243  -27.22437    -60.49414    -0.11     -0.27     0.30     1 
2280792281  -27.26593    -61.67032    -0.14      0.11     0.17     1 
2280792284  -27.26499    -61.57487     0.12      0.01     0.12     1 
2280792290  -27.26292    -61.38400    -0.33     -0.02     0.33     1 
2280792292  -27.26217    -61.32037     0.11     -0.27     0.30     1 
2280792293  -27.26178    -61.28857    -0.00      0.00     0.00     1 
2280792294  -27.26139    -61.25676    -0.35     -0.37     0.51     2 
2280792295  -27.26099    -61.22495     0.15      0.14     0.20     1 
2280792302  -27.25799    -61.00231     0.03     -0.19     0.19     1 
2280792303  -27.25753    -60.97051     0.04     -0.25     0.26     1 
2280792304  -27.25707    -60.93871     0.04     -0.14     0.14     1 
2280792305  -27.25660    -60.90691    -0.01     -0.23     0.23     1 
2280792306  -27.25612    -60.87511     0.04     -0.13     0.14     1 
2280792307  -27.25563    -60.84331    -0.33     -0.02     0.33     1 
2280792308  -27.25514    -60.81151    -0.03     -0.09     0.09     1 
2280792310  -27.25413    -60.74792    -0.00     -0.09     0.09     1 
2280792312  -27.25309    -60.68433    -0.19      0.04     0.19     1 
2280792313  -27.25256    -60.65253     0.14     -0.11     0.18     1 
2280792316  -27.25093    -60.55715    -0.10     -0.22     0.24     1 
2280792317  -27.25037    -60.52536     0.01     -0.08     0.08     1 
2280792336  -27.29599    -62.30656    -0.27      0.52     0.59     2 
2280792358  -27.29077    -61.60637    -0.01      0.03     0.03     1 
2280792359  -27.29044    -61.57455     0.02      0.05     0.06     1 
2280792367  -27.28762    -61.31999    -0.06      0.29     0.30     1 
2280792368  -27.28723    -61.28818     0.03      0.09     0.09     1 
2280792372  -27.28562    -61.16092    -0.06     -0.00     0.06     1 
2280792375  -27.28433    -61.06548     0.02      0.34     0.34     1 
2280792376  -27.28389    -61.03367     0.09      0.05     0.10     1 
2280792377  -27.28343    -61.00186     0.32      0.12     0.34     1 
2280792378  -27.28298    -60.97005     0.04     -0.05     0.07     1 
2280792379  -27.28251    -60.93824    -0.16     -0.18     0.25     1 
2280792380  -27.28204    -60.90643     0.17     -0.25     0.30     1 
2280792381  -27.28156    -60.87462    -0.18     -0.12     0.22     1 
2280792382  -27.28107    -60.84282    -0.07     -0.20     0.21     1 
2280792383  -27.28058    -60.81101     0.03     -0.21     0.21     1 
2280792384  -27.28008    -60.77921    -0.17     -0.31     0.35     1 
2280792385  -27.27957    -60.74740    -0.06     -0.31     0.31     1 
2280792387  -27.27853    -60.68380     0.02      0.07     0.07     1 
2280792388  -27.27800    -60.65200    -0.03     -0.16     0.16     1 
2280792389  -27.27746    -60.62020    -0.02     -0.11     0.11     1 
2280792390  -27.27691    -60.58840    -0.01     -0.06     0.06     1 
2280792391  -27.27636    -60.55660    -0.30     -0.10     0.32     1 
2280792392  -27.27580    -60.52480    -0.00     -0.34     0.34     1 
2280792410  -27.32160    -62.33824     0.01      0.33     0.33     1 
2280792418  -27.32016    -62.08354     0.07      0.18     0.19     1 
2280792420  -27.31973    -62.01987    -0.06      0.04     0.07     1 
2280792441  -27.31345    -61.35143     0.13     -0.29     0.32     1 
2280792442  -27.31307    -61.31961     0.15      0.16     0.21     1 
2280792443  -27.31268    -61.28779     0.06     -0.16     0.17     1 
2280792444  -27.31229    -61.25596    -0.03     -0.17     0.18     1 
2280792446  -27.31148    -61.19232     0.11     -0.25     0.27     1 
2280792451  -27.30933    -61.03322    -0.19     -0.13     0.23     1 
2280792452  -27.30888    -61.00140    -0.10      0.10     0.14     1 
2280792453  -27.30842    -60.96959    -0.04     -0.01     0.04     1 
2280792454  -27.30795    -60.93777    -0.21     -0.18     0.28     1 
2280792455  -27.30748    -60.90595    -0.07      0.07     0.10     1 
2280792456  -27.30700    -60.87414     0.26      0.01     0.26     1 
2280792458  -27.30602    -60.81051     0.09     -0.04     0.10     1 
2280792460  -27.30501    -60.74689     0.19      0.07     0.20     1 
2280792461  -27.30449    -60.71508    -0.16     -0.21     0.26     1 
2280792462  -27.30397    -60.68327    -0.03     -0.16     0.17     1 
2280792463  -27.30344    -60.65146     0.08     -0.15     0.17     1 
2280792465  -27.30235    -60.58785    -0.10     -0.33     0.34     1 
2280792467  -27.30124    -60.52424    -0.11     -0.43     0.44     1 
2280792483  -27.34735    -62.40178    -0.11      0.57     0.58     2 
2280792486  -27.34690    -62.30624    -0.08      0.36     0.37     1 
2280792491  -27.34602    -62.14702    -0.14      0.04     0.14     1 
2280792504  -27.34288    -61.73308     0.14     -0.09     0.17     1 
2280792505  -27.34259    -61.70124     0.00     -0.15     0.15     1 
2280792506  -27.34229    -61.66941     0.33     -0.23     0.40     1 
2280792508  -27.34167    -61.60573    -0.06     -0.29     0.29     1 
2280792510  -27.34102    -61.54206    -0.03      0.09     0.10     1 
2280792514  -27.33963    -61.41472    -0.13      0.01     0.13     1 
2280792516  -27.33889    -61.35106     0.31     -0.26     0.40     1 
2280792519  -27.33773    -61.25556    -0.20      0.01     0.20     1 
2280792527  -27.33432    -61.00095    -0.21     -0.10     0.23     1 
2280792528  -27.33386    -60.96912    -0.27      0.09     0.28     1 
2280792529  -27.33340    -60.93730    -0.09     -0.07     0.11     1 
2280792530  -27.33292    -60.90548     0.01     -0.01     0.01     1 
2280792531  -27.33244    -60.87365    -0.13     -0.26     0.29     1 
2280792532  -27.33195    -60.84183     0.01     -0.07     0.07     1 
2280792533  -27.33146    -60.81001     0.04     -0.04     0.06     1 
2280792534  -27.33096    -60.77819    -0.06      0.01     0.06     1 
2280792535  -27.33045    -60.74638    -0.04      0.01     0.04     1 
2280792536  -27.32993    -60.71456     0.08     -0.07     0.11     1 
2280792537  -27.32941    -60.68274    -0.14     -0.16     0.21     1 
2280792538  -27.32887    -60.65093     0.05     -0.17     0.18     1 
2280792539  -27.32833    -60.61911     0.08     -0.17     0.19     1 
2280792540  -27.32779    -60.58730    -0.08     -0.12     0.14     1 
2280792542  -27.32668    -60.52367    -0.17     -0.38     0.42     1 
2280792570  -27.37064    -62.01942     0.01      0.09     0.09     1 
2280792573  -27.36994    -61.92388    -0.24      0.08     0.25     1 
2280792574  -27.36969    -61.89203     0.08      0.11     0.13     1 
2280792575  -27.36943    -61.86018     0.35      0.02     0.35     1 
2280792585  -27.36647    -61.54173    -0.01     -0.08     0.09     1 
2280792587  -27.36579    -61.47804     0.27      0.01     0.27     1 
2280792591  -27.36434    -61.35068     0.11     -0.07     0.13     1 
2280792593  -27.36358    -61.28700     0.18      0.11     0.21     1 
2280792595  -27.36278    -61.22333     0.05     -0.07     0.09     1 
2280792596  -27.36237    -61.19149    -0.02     -0.13     0.13     1 
2280792597  -27.36196    -61.15966    -0.15     -0.11     0.19     1 
2280792598  -27.36153    -61.12782     0.02     -0.17     0.17     1 
2280792601  -27.36022    -61.03232    -0.19      0.03     0.19     1 
2280792603  -27.35931    -60.96866    -0.15     -0.06     0.16     1 
2280792605  -27.35836    -60.90500     0.02     -0.05     0.06     1 
2280792606  -27.35788    -60.87317    -0.06     -0.01     0.06     1 
2280792607  -27.35740    -60.84134    -0.10      0.02     0.10     1 
2280792608  -27.35690    -60.80951    -0.10      0.01     0.10     1 
2280792609  -27.35640    -60.77769     0.11      0.14     0.18     1 
2280792610  -27.35589    -60.74586    -0.09     -0.08     0.13     1 
2280792612  -27.35484    -60.68221     0.16     -0.41     0.44     1 
2280792613  -27.35431    -60.65039    -0.08      0.09     0.12     1 
2280792615  -27.35322    -60.58675    -0.05     -0.06     0.08     1 
2280792616  -27.35267    -60.55492    -0.01     -0.07     0.07     1 
2280792639  -27.39731    -62.21034     0.02      0.24     0.24     1 
2280792640  -27.39713    -62.17849    -0.09      0.32     0.33     1 
2280792641  -27.39694    -62.14663    -0.05      0.40     0.40     1 
2280792642  -27.39674    -62.11477    -0.02      0.44     0.44     1 
2280792645  -27.39610    -62.01920     0.09      0.15     0.18     1 
2280792649  -27.39514    -61.89177     0.04     -0.26     0.27     1 
2280792659  -27.39225    -61.57324     0.00      0.15     0.15     1 
2280792661  -27.39158    -61.50954     0.12     -0.01     0.13     1 
2280792663  -27.39089    -61.44584     0.07      0.27     0.28     1 
2280792665  -27.39016    -61.38215    -0.21      0.10     0.23     1 
2280792666  -27.38979    -61.35030     0.33      0.08     0.34     1 
2280792668  -27.38902    -61.28661     0.24     -0.13     0.28     1 
2280792670  -27.38823    -61.22292     0.10     -0.00     0.10     1 
2280792672  -27.38740    -61.15924     0.05      0.09     0.10     1 
2280792673  -27.38698    -61.12739     0.20      0.10     0.23     1 
2280792676  -27.38566    -61.03187    -0.07     -0.25     0.26     1 
2280792677  -27.38521    -61.00003    -0.23     -0.17     0.29     1 
2280792678  -27.38475    -60.96819    -0.07     -0.04     0.08     1 
2280792679  -27.38428    -60.93635    -0.01     -0.04     0.04     1 
2280792680  -27.38381    -60.90452     0.20     -0.26     0.32     1 
2280792681  -27.38332    -60.87268    -0.23     -0.20     0.31     1 
2280792682  -27.38284    -60.84085    -0.05      0.00     0.05     1 
2280792683  -27.38234    -60.80901    -0.04      0.11     0.12     1 
2280792684  -27.38184    -60.77718     0.07      0.08     0.11     1 
2280792685  -27.38133    -60.74535     0.05     -0.07     0.09     1 
2280792686  -27.38081    -60.71351    -0.07      0.07     0.10     1 
2280792687  -27.38028    -60.68168    -0.00     -0.05     0.05     1 
2280792689  -27.37921    -60.61802    -0.19     -0.23     0.29     1 
2280792690  -27.37866    -60.58619    -0.10     -0.11     0.15     1 
2280792691  -27.37811    -60.55436    -0.21     -0.23     0.31     1 
2280792712  -27.42311    -62.27390    -0.02      0.46     0.46     1 
2280792714  -27.42277    -62.21016    -0.03      0.35     0.36     1 
2280792715  -27.42258    -62.17830    -0.06      0.25     0.26     1 
2280792716  -27.42239    -62.14643    -0.05      0.30     0.30     1 
2280792717  -27.42219    -62.11457     0.03      0.18     0.18     1 
2280792732  -27.41834    -61.63663    -0.22     -0.15     0.26     1 
2280792734  -27.41770    -61.57292     0.00      0.18     0.18     1 
2280792736  -27.41703    -61.50920     0.03      0.31     0.32     1 
2280792737  -27.41669    -61.47734     0.03      0.21     0.21     1 
2280792744  -27.41408    -61.25437    -0.40     -0.27     0.48     1 
2280792746  -27.41326    -61.19066     0.31      0.13     0.34     1 
2280792747  -27.41285    -61.15881    -0.37      0.39     0.54     2 
2280792748  -27.41242    -61.12696    -0.39      0.38     0.55     2 
2280792750  -27.41155    -61.06327    -0.01      0.17     0.17     1 
2280792753  -27.41019    -60.96773    -0.14      0.00     0.14     1 
2280792754  -27.40973    -60.93588    -0.07      0.32     0.33     1 
2280792756  -27.40877    -60.87219    -0.14     -0.11     0.18     1 
2280792757  -27.40828    -60.84035    -0.26     -0.16     0.30     1 
2280792758  -27.40778    -60.80851    -0.04     -0.17     0.17     1 
2280792759  -27.40728    -60.77667     0.13     -0.03     0.14     1 
2280792760  -27.40677    -60.74483    -0.03      0.07     0.08     1 
2280792762  -27.40572    -60.68115    -0.03      0.02     0.03     1 
2280792763  -27.40519    -60.64931    -0.08     -0.12     0.15     1 
2280792765  -27.40410    -60.58564    -0.02     -0.07     0.07     1 
2280792766  -27.40354    -60.55380    -0.08     -0.08     0.12     1 
2280792786  -27.44873    -62.30560    -0.03      0.05     0.06     1 
2280792787  -27.44857    -62.27373    -0.10      0.44     0.45     1 
2280792788  -27.44840    -62.24186    -0.05      0.47     0.47     1 
2280792789  -27.44823    -62.20998    -0.08      0.42     0.43     1 
2280792790  -27.44804    -62.17811    -0.01      0.42     0.42     1 
2280792791  -27.44785    -62.14624     0.01      0.37     0.37     1 
2280792806  -27.44410    -61.66819    -0.12      0.30     0.33     1 
2280792808  -27.44348    -61.60445     0.01      0.19     0.19     1 
2280792809  -27.44315    -61.57259    -0.07      0.20     0.21     1 
2280792813  -27.44179    -61.44513    -0.04      0.08     0.09     1 
2280792814  -27.44143    -61.41327    -0.00      0.12     0.12     1 
2280792818  -27.43992    -61.28583    -0.07      0.02     0.07     1 
2280792819  -27.43952    -61.25397     0.10      0.19     0.22     1 
2280792823  -27.43787    -61.12653     0.09      0.07     0.11     1 
2280792824  -27.43744    -61.09468     0.22      0.08     0.23     1 
2280792825  -27.43700    -61.06282     0.35      0.36     0.50     2 
2280792827  -27.43610    -60.99911     0.09     -0.05     0.11     1 
2280792828  -27.43564    -60.96726     0.12     -0.03     0.12     1 
2280792829  -27.43517    -60.93541     0.13     -0.05     0.14     1 
2280792830  -27.43469    -60.90356     0.10     -0.13     0.17     1 
2280792831  -27.43421    -60.87171    -0.12     -0.00     0.12     1 
2280792832  -27.43372    -60.83986    -0.45     -0.11     0.46     1 
2280792834  -27.43272    -60.77616     0.04     -0.06     0.07     1 
2280792835  -27.43220    -60.74431    -0.01     -0.16     0.16     1 
2280792836  -27.43169    -60.71247    -0.14     -0.28     0.31     1 
2280792837  -27.43116    -60.68062    -0.19     -0.18     0.27     1 
2280792838  -27.43062    -60.64877    -0.20     -0.25     0.32     1 
2280792839  -27.43008    -60.61693    -0.14      0.02     0.14     1 
2280792840  -27.42954    -60.58509    -0.07     -0.11     0.14     1 
2280792841  -27.42898    -60.55324    -0.06     -0.03     0.06     1 
2280792862  -27.47403    -62.27356    -0.32      0.41     0.52     2 
2280792863  -27.47386    -62.24168     0.37      0.32     0.49     1 
2280792864  -27.47368    -62.20980    -0.05      0.30     0.30     1 
2280792866  -27.47330    -62.14604     0.26      0.43     0.51     2 
2280792869  -27.47269    -62.05040     0.06      0.28     0.29     1 
2280792877  -27.47071    -61.79538    -0.19      0.00     0.19     1 
2280792879  -27.47015    -61.73163    -0.03      0.20     0.21     1 
2280792882  -27.46924    -61.63601     0.13      0.03     0.13     1 
2280792883  -27.46893    -61.60413     0.00      0.37     0.37     1 
2280792889  -27.46688    -61.41291     0.03     -0.06     0.07     1 
2280792891  -27.46614    -61.34917    -0.10     -0.14     0.18     1 
2280792894  -27.46497    -61.25357     0.09      0.13     0.16     1 
2280792895  -27.46457    -61.22170    -0.21      0.53     0.57     2 
2280792898  -27.46331    -61.12610    -0.04      0.20     0.20     1 
2280792899  -27.46288    -61.09424     0.26      0.03     0.26     1 
2280792901  -27.46199    -61.03052     0.04      0.05     0.07     1 
2280792902  -27.46154    -60.99865     0.09     -0.06     0.10     1 
2280792903  -27.46108    -60.96679    -0.00      0.04     0.04     1 
2280792904  -27.46061    -60.93494    -0.05      0.05     0.07     1 
2280792905  -27.46013    -60.90308     0.21     -0.12     0.25     1 
2280792906  -27.45965    -60.87122    -0.08      0.01     0.08     1 
2280792907  -27.45916    -60.83936    -0.02     -0.00     0.02     1 
2280792908  -27.45866    -60.80750    -0.13     -0.09     0.16     1 
2280792909  -27.45816    -60.77565    -0.19      0.14     0.23     1 
2280792910  -27.45764    -60.74379    -0.04      0.03     0.05     1 
2280792912  -27.45660    -60.68009    -0.07     -0.09     0.12     1 
2280792913  -27.45606    -60.64823    -0.04     -0.26     0.26     1 
2280792914  -27.45552    -60.61638    -0.08     -0.16     0.18     1 
2280792915  -27.45497    -60.58453    -0.08     -0.06     0.10     1 
2280792916  -27.45442    -60.55268    -0.09     -0.23     0.25     1 
2280792932  -27.50023    -62.43284    -0.06      0.57     0.57     2 
2280792933  -27.50009    -62.40095     0.00      0.40     0.40     1 
2280792942  -27.49856    -62.11396    -0.18      0.34     0.38     1 
2280792946  -27.49769    -61.98641    -0.05      0.28     0.29     1 
2280792966  -27.49159    -61.34879     0.04      0.30     0.30     1 
2280792968  -27.49081    -61.28504    -0.08      0.09     0.13     1 
2280792970  -27.49001    -61.22129     0.46     -0.07     0.47     1 
2280792973  -27.48876    -61.12567     0.15     -0.09     0.18     1 
2280792975  -27.48789    -61.06193     0.30     -0.04     0.30     1 
2280792978  -27.48652    -60.96633    -0.21      0.32     0.38     1 
2280792979  -27.48605    -60.93446    -0.13      0.04     0.13     1 
2280792980  -27.48558    -60.90259     0.08     -0.07     0.11     1 
2280792982  -27.48460    -60.83886     0.04     -0.15     0.16     1 
2280792984  -27.48360    -60.77514    -0.03     -0.05     0.06     1 
2280792985  -27.48308    -60.74327    -0.03     -0.04     0.05     1 
2280792986  -27.48256    -60.71141    -0.02      0.21     0.22     1 
2280792987  -27.48203    -60.67955     0.01     -0.10     0.10     1 
2280792988  -27.48150    -60.64769    -0.07     -0.04     0.08     1 
2280792989  -27.48096    -60.61583     0.11     -0.01     0.11     1 
2280792990  -27.48041    -60.58398    -0.05     -0.02     0.05     1 
2280793017  -27.52402    -62.11375     0.04      0.40     0.41     1 
2280793021  -27.52315    -61.98618     0.02      0.29     0.29     1 
2280793028  -27.52134    -61.76293     0.01      0.26     0.26     1 
2280793047  -27.51463    -61.15712     0.05     -0.00     0.05     1 
2280793050  -27.51333    -61.06149    -0.02      0.07     0.08     1 
2280793052  -27.51243    -60.99773    -0.24     -0.02     0.24     1 
2280793055  -27.51102    -60.90211     0.06      0.26     0.26     1 
2280793056  -27.51053    -60.87024    -0.47      0.34     0.58     2 
2280793057  -27.51004    -60.83837    -0.03      0.19     0.19     1 
2280793058  -27.50954    -60.80650    -0.00      0.20     0.20     1 
2280793062  -27.50747    -60.67902    -0.21     -0.01     0.21     1 
2280793063  -27.50694    -60.64715    -0.07     -0.14     0.16     1 
2280793064  -27.50639    -60.61529     0.09     -0.07     0.11     1 
2280793065  -27.50584    -60.58342    -0.05     -0.07     0.09     1 
2280793085  -27.55072    -62.33687    -0.39      0.44     0.59     2 
2280793092  -27.54947    -62.11355     0.06      0.51     0.52     2 
2280793093  -27.54927    -62.08165    -0.29      0.05     0.30     1 
2280793097  -27.54836    -61.95404    -0.01      0.23     0.23     1 
2280793105  -27.54621    -61.69886    -0.17      0.11     0.20     1 
2280793113  -27.54359    -61.44370     0.02      0.11     0.11     1 
2280793115  -27.54286    -61.37992    -0.02      0.26     0.26     1 
2280793121  -27.54049    -61.18858    -0.28      0.17     0.33     1 
2280793122  -27.54008    -61.15670    -0.02      0.30     0.30     1 
2280793123  -27.53965    -61.12481     0.00      0.10     0.10     1 
2280793124  -27.53921    -61.09293    -0.12      0.05     0.13     1 
2280793125  -27.53877    -61.06104     0.05      0.10     0.11     1 
2280793127  -27.53787    -60.99727     0.05      0.19     0.20     1 
2280793128  -27.53741    -60.96539     0.02      0.03     0.04     1 
2280793131  -27.53597    -60.86975    -0.08     -0.07     0.11     1 
2280793134  -27.53447    -60.77411     0.09      0.04     0.09     1 
2280793135  -27.53396    -60.74224    -0.04     -0.02     0.04     1 
2280793137  -27.53291    -60.67849    -0.09      0.09     0.13     1 
2280793138  -27.53237    -60.64661    -0.00      0.24     0.24     1 
2280793139  -27.53183    -60.61474    -0.03      0.01     0.03     1 
2280793140  -27.53128    -60.58286    -0.06     -0.02     0.06     1 
2280793159  -27.57632    -62.36863     0.11      0.52     0.53     2 
2280793160  -27.57617    -62.33672    -0.07      0.22     0.23     1 
2280793166  -27.57513    -62.14525     0.02      0.48     0.48     1 
2280793173  -27.57357    -61.92189    -0.04      0.60     0.60     2 
2280793176  -27.57280    -61.82617     0.42     -0.14     0.44     1 
2280793180  -27.57166    -61.69856    -0.05      0.17     0.18     1 
2280793181  -27.57136    -61.66665     0.06      0.55     0.55     2 
2280793189  -27.56867    -61.41144     0.06      0.31     0.32     1 
2280793190  -27.56831    -61.37954     0.18      0.16     0.24     1 
2280793192  -27.56755    -61.31575     0.25      0.43     0.50     1 
2280793193  -27.56716    -61.28385     0.14      0.19     0.23     1 
2280793196  -27.56594    -61.18817     0.21      0.22     0.31     1 
2280793200  -27.56422    -61.06059     0.02      0.06     0.06     1 
2280793202  -27.56331    -60.99681     0.03      0.17     0.18     1 
2280793203  -27.56285    -60.96492     0.00     -0.00     0.01     1 
2280793204  -27.56238    -60.93303    -0.00      0.11     0.11     1 
2280793205  -27.56190    -60.90114    -0.00      0.18     0.18     1 
2280793206  -27.56141    -60.86926    -0.20      0.18     0.27     1 
2280793211  -27.55888    -60.70983    -0.04     -0.09     0.10     1 
2280793213  -27.55781    -60.64607    -0.00      0.02     0.02     1 
2280793214  -27.55727    -60.61419    -0.02      0.05     0.05     1 
2280793215  -27.55672    -60.58231     0.01     -0.02     0.02     1 
2280793234  -27.60178    -62.36848     0.14      0.36     0.38     1 
2280793236  -27.60148    -62.30464     0.10      0.38     0.39     1 
2280793237  -27.60131    -62.27273     0.05      0.28     0.28     1 
2280793242  -27.60038    -62.11314     0.08      0.31     0.31     1 
2280793243  -27.60018    -62.08122    -0.21      0.50     0.54     2 
2280793267  -27.59299    -61.31536    -0.05      0.16     0.17     1 
2280793275  -27.58966    -61.06015    -0.09      0.15     0.18     1 
2280793277  -27.58876    -60.99635    -0.02      0.03     0.04     1 
2280793278  -27.58829    -60.96445     0.02      0.04     0.04     1 
2280793279  -27.58782    -60.93256     0.07      0.09     0.11     1 
2280793280  -27.58734    -60.90066     0.03      0.07     0.07     1 
2280793282  -27.58636    -60.83687    -0.01      0.27     0.27     1 
2280793284  -27.58535    -60.77309     0.00      0.06     0.06     1 
2280793285  -27.58484    -60.74119     0.06      0.05     0.08     1 
2280793286  -27.58432    -60.70930    -0.02      0.00     0.02     1 
2280793287  -27.58378    -60.67741    -0.09      0.04     0.10     1 
2280793289  -27.58270    -60.61364    -0.03     -0.07     0.08     1 
2280793308  -27.62738    -62.40026    -0.14      0.22     0.26     1 
2280793309  -27.62724    -62.36834    -0.12      0.39     0.40     1 
2280793310  -27.62709    -62.33641    -0.06      0.48     0.49     1 
2280793311  -27.62693    -62.30448    -0.12      0.39     0.41     1 
2280793314  -27.62642    -62.20871     0.22      0.26     0.34     1 
2280793315  -27.62623    -62.17678     0.23      0.19     0.30     1 
2280793317  -27.62584    -62.11293    -0.38      0.42     0.57     2 
2280793321  -27.62496    -61.98524    -0.05      0.50     0.50     2 
2280793323  -27.62448    -61.92140    -0.23      0.13     0.26     1 
2280793330  -27.62257    -61.69796    -0.00      0.21     0.21     1 
2280793335  -27.62098    -61.53837     0.09      0.19     0.21     1 
2280793336  -27.62064    -61.50645     0.04      0.30     0.30     1 
2280793342  -27.61844    -61.31497     0.11      0.03     0.11     1 
2280793347  -27.61641    -61.15542     0.05      0.13     0.14     1 
2280793349  -27.61555    -61.09160    -0.12      0.06     0.14     1 
2280793350  -27.61511    -61.05970    -0.01      0.40     0.40     1 
2280793352  -27.61420    -60.99589     0.02      0.30     0.30     1 
2280793353  -27.61373    -60.96398    -0.01      0.15     0.15     1 
2280793354  -27.61326    -60.93208    -0.00      0.21     0.21     1 
2280793355  -27.61278    -60.90017     0.21      0.28     0.35     1 
2280793358  -27.61130    -60.80447     0.05      0.11     0.12     1 
2280793359  -27.61079    -60.77257     0.03     -0.15     0.15     1 
2280793360  -27.61028    -60.74067    -0.05      0.21     0.22     1 
2280793362  -27.60922    -60.67688    -0.05      0.07     0.09     1 
2280793363  -27.60869    -60.64498     0.03      0.09     0.09     1 
2280793382  -27.65297    -62.43206    -0.05      0.20     0.20     1 
2280793383  -27.65284    -62.40012     0.09     -0.17     0.19     1 
2280793384  -27.65269    -62.36819     0.15     -0.18     0.23     1 
2280793390  -27.65169    -62.17659    -0.04      0.32     0.32     1 
2280793391  -27.65150    -62.14466     0.02      0.47     0.47     1 
2280793396  -27.65042    -61.98501     0.17      0.14     0.22     1 
2280793398  -27.64994    -61.92115     0.30      0.05     0.30     1 
2280793404  -27.64831    -61.72958     0.15      0.48     0.50     2 
2280793407  -27.64740    -61.63380     0.03      0.14     0.14     1 
2280793424  -27.64099    -61.09116     0.16     -0.02     0.16     1 
2280793425  -27.64055    -61.05925    -0.02      0.05     0.05     1 
2280793426  -27.64010    -61.02734     0.28      0.21     0.35     1 
2280793427  -27.63964    -60.99542     0.24      0.05     0.24     1 
2280793428  -27.63918    -60.96351     0.22      0.32     0.39     1 
2280793432  -27.63724    -60.83587     0.14      0.09     0.17     1 
2280793434  -27.63623    -60.77206     0.05     -0.02     0.06     1 
2280793435  -27.63572    -60.74015     0.08      0.05     0.09     1 
2280793437  -27.63466    -60.67634     0.13     -0.05     0.15     1 
2280793438  -27.63412    -60.64444     0.11     -0.03     0.11     1 
2280793439  -27.63358    -60.61254    -0.02      0.01     0.02     1 
2280793457  -27.67843    -62.43192     0.19      0.21     0.28     1 
2280793464  -27.67733    -62.20834     0.08      0.05     0.09     1 
2280793465  -27.67714    -62.17640    -0.02      0.04     0.04     1 
2280793466  -27.67695    -62.14446    -0.01      0.30     0.30     1 
2280793472  -27.67563    -61.95283     0.03      0.26     0.26     1 
2280793473  -27.67539    -61.92090    -0.01      0.36     0.36     1 
2280793487  -27.67119    -61.47383    -0.11      0.26     0.28     1 
2280793490  -27.67010    -61.37805    -0.18      0.50     0.53     2 
2280793492  -27.66934    -61.31419     0.60     -0.09     0.61     2 
2280793493  -27.66894    -61.28226    -0.03      0.20     0.21     1 
2280793498  -27.66687    -61.12264     0.09      0.32     0.33     1 
2280793499  -27.66644    -61.09072     0.38      0.04     0.38     1 
2280793501  -27.66554    -61.02688     0.02      0.15     0.16     1 
2280793503  -27.66462    -60.96304     0.14      0.01     0.14     1 
2280793504  -27.66415    -60.93112     0.10      0.15     0.18     1 
2280793507  -27.66268    -60.83537     0.25      0.17     0.30     1 
2280793508  -27.66218    -60.80345     0.14      0.04     0.15     1 
2280793509  -27.66167    -60.77154     0.03      0.12     0.12     1 
2280793510  -27.66115    -60.73963    -0.07      0.03     0.07     1 
2280793512  -27.66010    -60.67580     0.11      0.01     0.11     1 
2280793513  -27.65956    -60.64389     0.13      0.08     0.15     1 
2280793514  -27.65901    -60.61198     0.07      0.07     0.10     1 
2280793540  -27.70260    -62.17621     0.00      0.17     0.17     1 
2280793541  -27.70241    -62.14426    -0.04      0.21     0.21     1 
2280793542  -27.70220    -62.11232     0.27      0.20     0.34     1 
2280793546  -27.70133    -61.98454     0.01      0.11     0.11     1 
2280793547  -27.70109    -61.95259     0.17      0.29     0.34     1 
2280793554  -27.69922    -61.72899    -0.12     -0.27     0.30     1 
2280793565  -27.69555    -61.37767     0.11      0.15     0.19     1 
2280793566  -27.69517    -61.34573     0.15      0.23     0.27     1 
2280793572  -27.69275    -61.15414    -0.13      0.32     0.34     1 
2280793573  -27.69232    -61.12221    -0.07      0.06     0.09     1 
2280793574  -27.69188    -61.09028     0.09      0.11     0.14     1 
2280793576  -27.69099    -61.02642     0.18      0.09     0.20     1 
2280793581  -27.68862    -60.86679    -0.02      0.03     0.04     1 
2280793582  -27.68812    -60.83487     0.32     -0.02     0.32     1 
2280793584  -27.68711    -60.77102     0.15      0.08     0.17     1 
2280793585  -27.68659    -60.73910     0.08      0.14     0.16     1 
2280793586  -27.68607    -60.70718     0.07      0.04     0.08     1 
2280793587  -27.68553    -60.67526     0.05      0.12     0.13     1 
2280793589  -27.68445    -60.61143     0.02      0.03     0.04     1 
2280793612  -27.72859    -62.27188     0.45      0.02     0.45     1 
2280793617  -27.72766    -62.11211    -0.02      0.23     0.23     1 
2280793618  -27.72745    -62.08016     0.02      0.24     0.24     1 
2280793622  -27.72654    -61.95235     0.03     -0.13     0.13     1 
2280793623  -27.72630    -61.92040     0.02      0.40     0.40     1 
2280793625  -27.72578    -61.85649     0.22     -0.05     0.22     1 
2280793627  -27.72524    -61.79259     0.03      0.23     0.23     1 
2280793628  -27.72496    -61.76064     0.23      0.20     0.30     1 
2280793642  -27.72023    -61.31341     0.11      0.09     0.14     1 
2280793643  -27.71984    -61.28147     0.15      0.26     0.30     1 
2280793644  -27.71944    -61.24953     0.02      0.55     0.55     2 
2280793645  -27.71903    -61.21759     0.10      0.39     0.41     1 
2280793646  -27.71861    -61.18565    -0.15      0.06     0.16     1 
2280793648  -27.71776    -61.12177     0.03      0.16     0.17     1 
2280793649  -27.71732    -61.08984     0.12      0.21     0.24     1 
2280793652  -27.71597    -60.99403    -0.15      0.50     0.52     2 
2280793653  -27.71550    -60.96209     0.28      0.12     0.31     1 
2280793655  -27.71455    -60.89823     0.08      0.01     0.09     1 
2280793656  -27.71406    -60.86630     0.11      0.16     0.19     1 
2280793658  -27.71306    -60.80244     0.03      0.00     0.03     1 
2280793659  -27.71255    -60.77051     0.04      0.00     0.04     1 
2280793660  -27.71203    -60.73858     0.22      0.05     0.22     1 
2280793662  -27.71097    -60.67473     0.12     -0.02     0.13     1 
2280793686  -27.75421    -62.30368     0.08      0.10     0.13     1 
2280793688  -27.75388    -62.23975    -0.26      0.31     0.40     1 
2280793692  -27.75312    -62.11190     0.07     -0.11     0.13     1 
2280793701  -27.75097    -61.82427     0.05      0.15     0.16     1 
2280793702  -27.75069    -61.79231    -0.18      0.14     0.23     1 
2280793703  -27.75041    -61.76036    -0.38      0.11     0.40     1 
2280793705  -27.74982    -61.69644    -0.08      0.08     0.11     1 
2280793715  -27.74644    -61.37691    -0.09      0.18     0.20     1 
2280793716  -27.74606    -61.34497     0.07     -0.18     0.19     1 
2280793718  -27.74528    -61.28107     0.38      0.21     0.43     1 
2280793719  -27.74488    -61.24912     0.01      0.04     0.04     1 
2280793722  -27.74364    -61.15328     0.14      0.14     0.20     1 
2280793723  -27.74321    -61.12134     0.10      0.45     0.46     1 
2280793724  -27.74277    -61.08939     0.07      0.38     0.39     1 
2280793728  -27.74094    -60.96162    -0.02      0.08     0.09     1 
2280793732  -27.73900    -60.83386    -0.07     -0.18     0.20     1 
2280793733  -27.73850    -60.80193     0.11      0.06     0.12     1 
2280793735  -27.73747    -60.73805     0.09     -0.05     0.10     1 
2280793736  -27.73694    -60.70612     0.22      0.00     0.22     1 
2280793759  -27.77998    -62.36745    -0.06      0.43     0.43     1 
2280793760  -27.77983    -62.33548    -0.45     -0.24     0.51     2 
2280793767  -27.77857    -62.11170    -0.07      0.11     0.13     1 
2280793768  -27.77836    -62.07973     0.21      0.38     0.43     1 
2280793776  -27.77642    -61.82400    -0.13      0.49     0.51     2 
2280793778  -27.77586    -61.76007     0.06     -0.45     0.46     1 
2280793780  -27.77527    -61.69614     0.04      0.37     0.37     1 
2280793781  -27.77497    -61.66418     0.34      0.10     0.35     1 
2280793791  -27.77151    -61.34458     0.27      0.06     0.28     1 
2280793792  -27.77112    -61.31262     0.18     -0.11     0.21     1 
2280793796  -27.76950    -61.18480     0.31      0.01     0.31     1 
2280793797  -27.76908    -61.15285    -0.02      0.28     0.28     1 
2280793798  -27.76865    -61.12090    -0.06      0.28     0.29     1 
2280793800  -27.76777    -61.05700     0.26      0.29     0.39     1 
2280793801  -27.76731    -61.02504     0.07      0.11     0.13     1 
2280793802  -27.76685    -60.99310    -0.09      0.25     0.26     1 
2280793806  -27.76494    -60.86530    -0.03      0.17     0.17     1 
2280793807  -27.76444    -60.83336     0.08     -0.03     0.09     1 
2280793811  -27.76238    -60.70558     0.27      0.07     0.28     1 
2280793813  -27.76130    -60.64170     0.25     -0.01     0.25     1 
2280793834  -27.80543    -62.36731    -0.40     -0.29     0.49     1 
2280793847  -27.80290    -61.95162     0.27      0.22     0.34     1 
2280793848  -27.80266    -61.91964     0.03     -0.03     0.04     1 
2280793849  -27.80240    -61.88767     0.22     -0.18     0.29     1 
2280793850  -27.80214    -61.85570     0.19     -0.18     0.26     1 
2280793851  -27.80187    -61.82372    -0.28     -0.16     0.32     1 
2280793868  -27.79618    -61.28027     0.15      0.06     0.16     1 
2280793874  -27.79366    -61.08850    -0.01      0.11     0.11     1 
2280793881  -27.79038    -60.86481     0.01      0.01     0.02     1 
2280793883  -27.78938    -60.80090     0.10      0.13     0.17     1 
2280793884  -27.78886    -60.76895     0.16      0.20     0.25     1 
2280793888  -27.78674    -60.64115     0.04      0.01     0.05     1 
2280793910  -27.83074    -62.33517     0.13      0.02     0.14     1 
2280793918  -27.82927    -62.07930    -0.33     -0.27     0.43     1 
2280793921  -27.82860    -61.98335    -0.09     -0.03     0.09     1 
2280793922  -27.82836    -61.95137     0.09      0.11     0.14     1 
2280793929  -27.82647    -61.72751     0.15      0.10     0.18     1 
2280793931  -27.82587    -61.66356     0.09      0.47     0.47     1 
2280793945  -27.82081    -61.21593     0.01     -0.12     0.12     1 
2280793948  -27.81954    -61.12002    -0.13      0.15     0.20     1 
2280793954  -27.81679    -60.92823     0.02      0.00     0.02     1 
2280793955  -27.81631    -60.89627     0.04      0.17     0.17     1 
2280793956  -27.81582    -60.86431    -0.20      0.01     0.20     1 
2280793957  -27.81532    -60.83235     0.12      0.26     0.29     1 
2280793959  -27.81430    -60.76843     0.03      0.21     0.22     1 
2280793960  -27.81378    -60.73647     0.01      0.06     0.06     1 
2280793961  -27.81325    -60.70452     0.10      0.28     0.30     1 
2280793963  -27.81218    -60.64061    -0.01      0.08     0.08     1 
2280793979  -27.85699    -62.52698    -0.16      0.17     0.23     1 
2280793983  -27.85649    -62.39901     0.17     -0.02     0.17     1 
2280793985  -27.85619    -62.33502    -0.13      0.09     0.15     1 
2280793991  -27.85514    -62.14307     0.36      0.03     0.37     1 
2280793993  -27.85472    -62.07908     0.04     -0.26     0.26     1 
2280794000  -27.85305    -61.85516    -0.19      0.54     0.57     2 
2280794002  -27.85250    -61.79119    -0.16     -0.54     0.56     2 
2280794012  -27.84933    -61.47134     0.22      0.22     0.31     1 
2280794019  -27.84667    -61.24749     0.44      0.28     0.52     2 
2280794021  -27.84584    -61.18353     0.27      0.01     0.27     1 
2280794026  -27.84364    -61.02366    -0.15     -0.03     0.15     1 
2280794032  -27.84076    -60.83185     0.29      0.06     0.29     1 
2280794037  -27.83816    -60.67202     0.11     -0.06     0.13     1 
2280794055  -27.88233    -62.49487     0.08     -0.00     0.08     1 
2280794060  -27.88165    -62.33486     0.09      0.42     0.43     1 
2280794062  -27.88133    -62.27086    -0.01      0.02     0.02     1 
2280794068  -27.88018    -62.07887     0.06      0.03     0.06     1 
2280794079  -27.87738    -61.72692     0.16      0.19     0.24     1 
2280794080  -27.87708    -61.69492     0.25     -0.33     0.41     1 
2280794082  -27.87646    -61.63094     0.15      0.17     0.23     1 
2280794098  -27.87043    -61.11915     0.27      0.11     0.29     1 
2280794100  -27.86954    -61.05518     0.15      0.12     0.19     1 
2280794102  -27.86862    -60.99122     0.12     -0.03     0.13     1 
2280794106  -27.86670    -60.86331     0.01      0.09     0.09     1 
2280794112  -27.86359    -60.67147     0.25      0.12     0.27     1 
2280794139  -27.90643    -62.20668     0.30     -0.05     0.30     1 
2280794146  -27.90496    -61.98264     0.22     -0.01     0.22     1 
2280794149  -27.90421    -61.88663    -0.40      0.04     0.40     1 
2280794152  -27.90340    -61.79062     0.22     -0.10     0.24     1 
2280794153  -27.90312    -61.75862     0.53     -0.12     0.54     2 
2280794154  -27.90283    -61.72662     0.05      0.04     0.06     1 
2280794162  -27.90022    -61.47063     0.61      0.08     0.61     2 
2280794186  -27.88957    -60.70291     0.05     -0.17     0.18     1 
2280794187  -27.88903    -60.67093     0.10     -0.02     0.11     1 
2280794211  -27.93240    -62.30254    -0.02     -0.26     0.26     1 
2280794212  -27.93224    -62.27052    -0.32     -0.51     0.61     2 
2280794225  -27.92940    -61.85436    -0.15      0.21     0.26     1 
2280794226  -27.92913    -61.82235     0.11     -0.22     0.24     1 
2280794227  -27.92886    -61.79034    -0.06      0.08     0.10     1 
2280794228  -27.92857    -61.75833     0.17     -0.09     0.20     1 
2280794229  -27.92828    -61.72632     0.46     -0.24     0.52     2 
2280794230  -27.92798    -61.69431     0.20     -0.07     0.21     1 
2280794255  -27.91807    -60.89431     0.47     -0.37     0.60     2 
2280794282  -27.95845    -62.43047    -0.18     -0.08     0.20     1 
2280794284  -27.95817    -62.36642    -0.10      0.00     0.10     1 
2280794285  -27.95802    -62.33440    -0.12     -0.07     0.14     1 
2280794286  -27.95786    -62.30237    -0.17     -0.18     0.25     1 
2280794287  -27.95769    -62.27035    -0.11     -0.02     0.11     1 
2280794288  -27.95752    -62.23833     0.19     -0.09     0.21     1 
2280794290  -27.95715    -62.17429     0.10     -0.16     0.19     1 
2280794294  -27.95632    -62.04620     0.36     -0.04     0.36     1 
2280794296  -27.95586    -61.98216     0.02     -0.13     0.14     1 
2280794302  -27.95431    -61.79006     0.06      0.09     0.11     1 
2280794303  -27.95402    -61.75804     0.08     -0.06     0.10     1 
2280794304  -27.95373    -61.72602     0.29     -0.09     0.31     1 
2280794305  -27.95343    -61.69401     0.13     -0.14     0.19     1 
2280794306  -27.95312    -61.66199    -0.11     -0.04     0.11     1 
2280794307  -27.95281    -61.62998     0.10     -0.26     0.28     1 
2280794357  -27.98390    -62.43033     0.44     -0.23     0.50     1 
2280794358  -27.98377    -62.39830    -0.10     -0.19     0.21     1 
2280794359  -27.98362    -62.36627    -0.04      0.12     0.12     1 
2280794360  -27.98347    -62.33424     0.05      0.05     0.07     1 
2280794362  -27.98315    -62.27018     0.05      0.39     0.40     1 
2280794376  -27.98004    -61.82180    -0.09      0.12     0.15     1 
2280794377  -27.97976    -61.78977     0.10      0.02     0.11     1 
2280794378  -27.97947    -61.75775     0.02     -0.04     0.05     1 
2280794379  -27.97918    -61.72572     0.50      0.04     0.50     1 
2280794380  -27.97888    -61.69370    -0.04     -0.29     0.29     1 
2280794431  -28.00949    -62.46224    -0.01     -0.25     0.25     1 
2280794432  -28.00936    -62.43020     0.26     -0.08     0.27     1 
2280794437  -28.00860    -62.27001    -0.08     -0.27     0.28     1 
2280794438  -28.00843    -62.23797    -0.08     -0.34     0.36     1 
2280794442  -28.00766    -62.10983    -0.00     -0.06     0.06     1 
2280794453  -28.00493    -61.75746     0.16     -0.03     0.16     1 
2280794454  -28.00463    -61.72542     0.00      0.09     0.09     1 
2280794460  -28.00271    -61.53325    -0.41      0.10     0.42     1 
2280794506  -28.03494    -62.46211    -0.03     -0.30     0.30     1 
2280794507  -28.03481    -62.43006    -0.25     -0.44     0.50     2 
2280794510  -28.03438    -62.33393     0.03      0.19     0.19     1 
2280794512  -28.03406    -62.26984    -0.13     -0.08     0.15     1 
2280794513  -28.03388    -62.23779    -0.10     -0.35     0.36     1 
2280794528  -28.03038    -61.75716     0.06     -0.03     0.06     1 
2280794579  -28.06064    -62.52609    -0.00     -0.14     0.14     1 
2280794585  -28.05984    -62.33377    -0.06     -0.24     0.25     1 
2280794587  -28.05951    -62.26967    -0.10     -0.17     0.20     1 
2280794588  -28.05934    -62.23761     0.02     -0.14     0.14     1 
2280794592  -28.05857    -62.10941    -0.15     -0.22     0.27     1 
2280794603  -28.05583    -61.75687    -0.13     -0.26     0.29     1 
2280794654  -28.08609    -62.52598     0.06     -0.07     0.09     1 
2280794661  -28.08513    -62.30155    -0.04     -0.23     0.24     1 
2280794662  -28.08497    -62.26949    -0.12     -0.16     0.20     1 
2280794732  -28.11118    -62.42966     0.10     -0.20     0.22     1 
2280794734  -28.11090    -62.36552    -0.13     -0.11     0.17     1 
2280794735  -28.11075    -62.33346    -0.20     -0.20     0.28     1 
2280794811  -28.13604    -62.30122     0.39      0.48     0.62     2 
2280794812  -28.13587    -62.26915    -0.24     -0.42     0.49     1 
2280794828  -28.13218    -61.75599     0.05     -0.27     0.27     1 
2280794829  -28.13188    -61.72392     0.05     -0.14     0.15     1 
2280794901  -28.15820    -61.81985     0.39     -0.25     0.47     1 
2280794902  -28.15792    -61.78777     0.41     -0.44     0.60     2 
2280794975  -28.18392    -61.85166    -0.22     -0.15     0.27     1 
2280794977  -28.18337    -61.78749    -0.09     -0.11     0.14     1 
2280794978  -28.18308    -61.75540     0.15     -0.28     0.32     1 
2280794979  -28.18278    -61.72332    -0.01     -0.25     0.25     1 
2280794982  -28.18185    -61.62707    -0.12     -0.28     0.31     1 
2280795052  -28.20882    -61.78720     0.02     -0.33     0.33     1 
2280795053  -28.20853    -61.75511    -0.02     -0.43     0.43     1 
2280795054  -28.20823    -61.72301     0.11     -0.35     0.37     1 
2280795055  -28.20793    -61.69092     0.09     -0.38     0.39     1 
2280795056  -28.20762    -61.65883    -0.01     -0.38     0.38     1 
2280795058  -28.20697    -61.59465     0.18     -0.36     0.40     1 
2280795060  -28.20630    -61.53048    -0.31     -0.52     0.61     2 
2280795131  -28.23307    -61.65852     0.04     -0.29     0.30     1 
2280795132  -28.23275    -61.62642     0.00     -0.31     0.31     1 
2280795135  -28.23175    -61.53013     0.13     -0.20     0.24     1 
2280795212  -28.25649    -61.46557    -0.17     -0.39     0.43     1 
----------------------------------------------------------------------
---------------------------------------------------
Total correlated GCPs in Upper Left Quadrant: 284

GCP statistics this quadrant only (in Pixels)
Line residual statistics:
  Mean: -0.045
  Median: -0.053
  Standard Deviation: 0.145

Sample residual statistics:
  Mean: 0.036
  Median: 0.036
  Standard Deviation: 0.177

Quadrant RMSE: 0.236

---------------------------------------------------
Total correlated GCPs in Upper Right Quadrant: 618

GCP statistics this quadrant only (in Pixels)
Line residual statistics:
  Mean: -0.033
  Median: -0.033
  Standard Deviation: 0.154

Sample residual statistics:
  Mean: -0.028
  Median: -0.034
  Standard Deviation: 0.160

Quadrant RMSE: 0.226

---------------------------------------------------
Total correlated GCPs in Lower Left Quadrant: 221

GCP statistics this quadrant only (in Pixels)
Line residual statistics:
  Mean: 0.015
  Median: 0.010
  Standard Deviation: 0.174

Sample residual statistics:
  Mean: 0.081
  Median: 0.088
  Standard Deviation: 0.261

Quadrant RMSE: 0.324

---------------------------------------------------
Total correlated GCPs in Lower Right Quadrant: 182

GCP statistics this quadrant only (in Pixels)
Line residual statistics:
  Mean: 0.063
  Median: 0.046
  Standard Deviation: 0.146

Sample residual statistics:
  Mean: 0.084
  Median: 0.078
  Standard Deviation: 0.164

Quadrant RMSE: 0.244

---------------------------------------------------
---------------------------------------------------
Total correlated GCPs in scene: 1305

GCP statistics entire scene (in Pixels)
Line residual statistics:
  Mean: -0.014
  Median: -0.015
  Standard Deviation: 0.159

Sample residual statistics:
  Mean: 0.020
  Median: 0.013
  Standard Deviation: 0.191

Scene RMSE: 0.250

