ENVI ASCII Plot File [Thu Mar 10 17:40:15 2016]
Column 1: Wavelength
Column 2: Min: Lote_desnudo~~2##255,0,0
Column 3: Min-StdDev: Lote_desnudo~~21##0,200,0
Column 4: Mean: Lote_desnudo~~0##0,0,0
Column 5: Min+StdDev: Lote_desnudo~~21##0,200,0
Column 6: Max: Lote_desnudo~~2##255,0,0
   426.820007    107.000000   302.670225   385.158088   467.645951    596.000000
   436.989990    176.000000   294.746976   353.444853   412.142730    533.000000
   447.170013     90.000000   205.538413   268.044118   330.549822    698.000000
   457.339996    158.000000   152.930645   313.329044   473.727444   3846.000000
   467.519989    190.000000   309.825347   353.898897   397.972447    476.000000
   477.690002    291.000000   364.623149   401.426471   438.229792    486.000000
   487.869995    303.000000   377.775358   420.062500   462.349642    790.000000
   498.040009    332.000000   418.761619   458.420956   498.080293    576.000000
   508.220001    403.000000   471.642870   510.264706   548.886542    620.000000
   518.390015    467.000000   531.297902   571.468750   611.639598    695.000000
   528.570007    490.000000   577.863466   617.312500   656.761534    712.000000
   538.739990    543.000000   623.599499   667.003676   710.407854    767.000000
   548.919983    569.000000   669.082449   711.365809   753.649169    816.000000
   559.090027    622.000000   698.379443   736.354779   774.330116    838.000000
   569.270020    651.000000   726.162892   762.985294   799.807696   1064.000000
   579.450012    640.000000   725.725424   767.985294   810.245165    856.000000
   589.619995    640.000000   748.742400   804.937500   861.132600    935.000000
   599.799988    665.000000   785.898904   857.485294   929.071684   1206.000000
   609.969971    667.000000   802.868740   886.663603   970.458466   1094.000000
   620.150024    658.000000   806.926247   901.650735   996.375223   1141.000000
   630.320007    646.000000   809.240088   908.652574  1008.065059   1152.000000
   640.500000    659.000000   827.041806   935.961397  1044.880988   1211.000000
   650.669983    648.000000   842.411692   962.378676  1082.345661   1243.000000
   660.849976    649.000000   860.743824   994.652574  1128.561323   1309.000000
   671.020020    637.000000   866.448329  1011.437500  1156.426671   1386.000000
   681.200012    646.000000   891.618920  1042.318015  1193.017110   1412.000000
   691.369995    715.000000   954.437277  1098.340074  1242.242870   1439.000000
   701.549988    980.000000  1157.688809  1271.020221  1384.351632   1540.000000
   711.719971   1316.000000  1425.458523  1486.575368  1547.692212   1649.000000
   721.900024   1438.000000  1595.392308  1698.404412  1801.416516   2005.000000
   732.070007   1570.000000  1734.133270  1881.319853  2028.506436   2452.000000
   742.250000   1545.000000  1738.296904  1901.352941  2064.408978   2592.000000
   752.429993   1536.000000  1738.613907  1910.053309  2081.492711   2591.000000
   762.599976   1633.000000  1837.631104  2019.091912  2200.552719   2806.000000
   772.780029   1700.000000  1952.300740  2145.240809  2338.180877   2984.000000
   782.950012   1680.000000  1936.228353  2127.207721  2318.187088   2929.000000
   793.130005   1709.000000  1982.414156  2177.641544  2372.868932   2987.000000
   803.299988   1712.000000  2031.703064  2232.547794  2433.392524   3039.000000
   813.479980   1695.000000  2035.491454  2238.792279  2442.093105   3004.000000
   823.650024   1782.000000  2186.885820  2405.615809  2624.345797   3236.000000
   833.830017   1825.000000  2226.936187  2449.670956  2672.405725   3334.000000
   844.000000   1815.000000  2224.841837  2441.551471  2658.261105   3233.000000
   854.179993   1859.000000  2246.639098  2461.759191  2676.879285   3244.000000
   864.349976   1856.000000  2257.844396  2481.226103  2704.607810   3528.000000
   874.530029   1881.000000  2283.887419  2504.979779  2726.072140   3261.000000
   884.700012   1868.000000  2337.237256  2563.854779  2790.472303   3294.000000
   894.880005   1860.000000  2326.776913  2557.477941  2788.178970   3307.000000
   905.049988   1923.000000  2420.521266  2672.705882  2924.890499   3430.000000
   915.229980   1981.000000  2264.176989  2715.976103  3167.775217  10232.000000
   925.409973   1929.000000  2481.283002  2755.650735  3030.018469   3484.000000
   912.450012   1512.000000  2359.273455  2759.849265  3160.425074   4134.000000
   922.539978   1757.000000  2461.585019  2821.757353  3181.929687   4980.000000
   932.640015   1003.000000  2081.049116  2704.593750  3328.138384   5017.000000
   942.729980    905.000000  1761.005313  2926.790441  4092.575569  24359.000000
   952.820007   1610.000000  2406.421343  2929.305147  3452.188951   5256.000000
   962.909973   2062.000000  2643.243038  2963.121324  3282.999610   4024.000000
   972.989990   2199.000000  2801.076879  3067.514706  3333.952533   3789.000000
   983.080017   2298.000000  2872.985093  3127.724265  3382.463436   3802.000000
   993.169983   2223.000000  2774.541001  3003.663603  3232.786205   3497.000000
  1003.299988   2203.000000  2742.286582  2987.397059  3232.507536   4834.000000
  1013.299988   2195.000000  2761.281246  3005.023897  3248.766548   4935.000000
  1023.400024   2204.000000  2816.529399  3044.264706  3272.000013   3537.000000
  1033.489990   2317.000000  2847.288453  3074.672794  3302.057135   3539.000000
  1043.589966   2335.000000  2856.889004  3085.990809  3315.092614   3573.000000
  1053.689941   2223.000000  2832.621391  3071.334559  3310.047726   3563.000000
  1063.790039   2175.000000  2802.992653  3056.095588  3309.198523   4920.000000
  1073.890015   2144.000000  2749.015419  2987.626838  3226.238257   3484.000000
  1083.989990   2124.000000  2705.980961  2955.332721  3204.684480   3484.000000
  1094.089966   2108.000000  2741.527498  3003.009191  3264.490884   3488.000000
  1104.189941   2039.000000  2693.735468  2971.058824  3248.382179   3489.000000
  1114.189941   1640.000000  2624.495514  2966.814338  3309.133162   3924.000000
  1124.280029  -1125.000000  1046.238077  2400.490809  3754.743540   5749.000000
  1134.380005   1545.000000  2374.119985  2959.174632  3544.229279   5107.000000
  1144.479980   1519.000000  2385.592545  2910.286765  3434.980985   4633.000000
  1154.579956   2045.000000  2728.555230  3093.663603  3458.771976   3939.000000
  1164.680054   2159.000000  2780.782433  3040.768382  3300.754332   3980.000000
  1174.770020   2166.000000  2832.515959  3045.544118  3258.572276   3508.000000
  1184.869995   2072.000000  2812.029500  3035.998162  3259.966823   3445.000000
  1194.969971   2185.000000  2832.904155  3074.612132  3316.320109   5482.000000
  1205.069946   2237.000000  2881.982110  3093.731618  3305.481126   3470.000000
  1215.170044   2186.000000  2881.080217  3114.174632  3347.269047   3671.000000
  1225.170044   2186.000000  2927.096042  3166.275735  3405.455429   3651.000000
  1235.270020   2205.000000  2977.564666  3226.380515  3475.196363   3667.000000
  1245.359985   2217.000000  3005.138239  3261.525735  3517.913231   3731.000000
  1255.459961   2210.000000  3070.946233  3339.273897  3607.601561   3741.000000
  1265.560059   2164.000000  3068.804881  3337.652574  3606.500266   3777.000000
  1275.660034   2258.000000  3084.395900  3357.220588  3630.045276   4777.000000
  1285.760010   2252.000000  3072.916241  3342.224265  3611.532288   3847.000000
  1295.859985   2219.000000  3094.215818  3397.213235  3700.210653   5656.000000
  1305.959961   2258.000000  3228.964162  3544.049632  3859.135103   4157.000000
  1316.050049   2374.000000  3301.062813  3635.202206  3969.341599   4251.000000
  1326.050049   2305.000000  3300.028120  3657.404412  4014.780704   4456.000000
  1336.150024   2055.000000  3300.720580  3876.751838  4452.783096   7063.000000
  1346.250000    710.000000  2850.397745  3895.875000  4941.352255   6716.000000
  1356.349976      0.000000     0.000000     0.000000     0.000000      0.000000
  1366.449951      0.000000     0.000000     0.000000     0.000000      0.000000
  1376.550049      0.000000     0.000000     0.000000     0.000000      0.000000
  1386.650024      0.000000     0.000000     0.000000     0.000000      0.000000
  1396.739990      0.000000     0.000000     0.000000     0.000000      0.000000
  1406.839966      0.000000     0.000000     0.000000     0.000000      0.000000
  1416.939941      0.000000     0.000000     0.000000     0.000000      0.000000
  1426.939941      0.000000     0.000000     0.000000     0.000000      0.000000
  1437.040039      0.000000     0.000000     0.000000     0.000000      0.000000
  1447.140015      0.000000     0.000000     0.000000     0.000000      0.000000
  1457.229980   -525.000000   924.579260  2334.216912  3743.854564   6707.000000
  1467.329956   -695.000000   271.067068  2185.123162  4099.179256   8262.000000
  1477.430054    838.000000  1233.131531  2667.428309  4101.725087  30790.000000
  1487.530029   1540.000000  2083.958913  2518.733456  2953.507999   8222.000000
  1497.630005   1635.000000  2099.670039  2411.305147  2722.940255   5842.000000
  1507.729980   1843.000000  2220.583045  2458.362132  2696.141220   3203.000000
  1517.829956   1984.000000  2398.760694  2634.878676  2870.996659   3151.000000
  1527.920044   1970.000000  2389.265859  2617.840074  2846.414288   3094.000000
  1537.920044   2021.000000  2402.628929  2612.619485  2822.610041   3525.000000
  1548.020020   1999.000000  2432.142719  2639.847426  2847.552134   3061.000000
  1558.119995   2010.000000  2459.036808  2670.729779  2882.422750   4599.000000
  1568.219971   1948.000000  2503.486099  2719.886029  2936.285960   4833.000000
  1578.319946   2060.000000  2558.545337  2741.520221  2924.495104   3149.000000
  1588.420044   2043.000000  2592.786929  2779.836397  2966.885865   3174.000000
  1598.510010   2094.000000  2614.198115  2818.435662  3022.673209   3278.000000
  1608.609985   2134.000000  2660.000144  2866.623162  3073.246179   3287.000000
  1618.709961   2084.000000  2642.138737  2850.492647  3058.846557   3357.000000
  1628.810059   2048.000000  2664.596342  2872.867647  3081.138952   3432.000000
  1638.810059   2097.000000  2705.327107  2918.273897  3131.220687   3375.000000
  1648.900024   2076.000000  2703.400582  2910.768382  3118.136183   3393.000000
  1659.000000   2165.000000  2701.433473  2904.121324  3106.809174   4302.000000
  1669.099976   2188.000000  2680.400292  2870.126838  3059.853385   3315.000000
  1679.199951   2078.000000  2652.632827  2855.954044  3059.275261   3298.000000
  1689.300049   2044.000000  2605.577389  2812.457721  3019.338052   3314.000000
  1699.400024   2097.000000  2605.888630  2795.318015  2984.747399   3240.000000
  1709.500000   2081.000000  2571.590114  2756.924632  2942.259151   3196.000000
  1719.599976   2000.000000  2523.014845  2704.240809  2885.466772   3145.000000
  1729.699951   2023.000000  2470.960492  2651.227941  2831.495390   3076.000000
  1739.699951   1993.000000  2468.744210  2670.998162  2873.252114   3142.000000
  1749.790039   1962.000000  2469.633307  2687.556985  2905.480664   3220.000000
  1759.890015   1873.000000  2419.012410  2623.711397  2828.410384   3138.000000
  1769.989990   1824.000000  2411.692034  2650.880515  2890.068995   3263.000000
  1780.089966   1810.000000  2370.823319  2658.544118  2946.264916   3468.000000
  1790.189941   1664.000000  2323.386311  2737.825368  3152.264425   3969.000000
  1800.290039      0.000000     0.000000     0.000000     0.000000      0.000000
  1810.380005      0.000000     0.000000     0.000000     0.000000      0.000000
  1820.479980      0.000000     0.000000     0.000000     0.000000      0.000000
  1830.579956      0.000000     0.000000     0.000000     0.000000      0.000000
  1840.579956      0.000000     0.000000     0.000000     0.000000      0.000000
  1850.680054      0.000000     0.000000     0.000000     0.000000      0.000000
  1860.780029      0.000000     0.000000     0.000000     0.000000      0.000000
  1870.869995      0.000000     0.000000     0.000000     0.000000      0.000000
  1880.979980      0.000000     0.000000     0.000000     0.000000      0.000000
  1891.069946      0.000000     0.000000     0.000000     0.000000      0.000000
  1901.170044      0.000000     0.000000     0.000000     0.000000      0.000000
  1911.270020      0.000000     0.000000     0.000000     0.000000      0.000000
  1921.369995      0.000000     0.000000     0.000000     0.000000      0.000000
  1931.469971      0.000000     0.000000     0.000000     0.000000      0.000000
  1941.569946      0.000000     0.000000     0.000000     0.000000      0.000000
  1951.569946      0.000000     0.000000     0.000000     0.000000      0.000000
  1961.660034   -118.000000  -156.450920   595.507353  1347.465626   3412.000000
  1971.760010    428.000000  1079.487338  1402.720588  1725.953838   2418.000000
  1981.859985    779.000000  1354.579667  1602.538603  1850.497539   2177.000000
  1991.959961    813.000000  1375.372802  1669.128676  1962.884551   4365.000000
  2002.060059    -59.000000   938.466256  1501.568015  2064.669773   3521.000000
  2012.150024    309.000000  1084.995449  1566.913603  2048.831756   2676.000000
  2022.250000   1203.000000  1545.592247  1732.055147  1918.518047   2358.000000
  2032.349976   1162.000000  1540.471230  1717.047794  1893.624359   2254.000000
  2042.449951    951.000000  1499.884293  1707.308824  1914.733354   2317.000000
  2052.449951    925.000000  1552.031580  1795.590074  2039.148567   2546.000000
  2062.550049   1298.000000  1642.228107  1842.295956  2042.363805   2473.000000
  2072.649902   1277.000000  1584.134138  1805.558824  2026.983510   4716.000000
  2082.750000   1240.000000  1542.246961  1764.400735  1986.554510   4855.000000
  2092.840088   1243.000000  1540.479817  1738.139706  1935.799595   3948.000000
  2102.939941   1211.000000  1589.954504  1756.836397  1923.718290   2193.000000
  2113.040039   1242.000000  1572.596221  1734.044118  1895.492015   2218.000000
  2123.139893   1097.000000  1500.473651  1682.319853  1864.166055   2271.000000
  2133.239990   1114.000000  1494.895569  1674.908088  1854.920608   2278.000000
  2143.340088   1276.000000  1563.905557  1730.713235  1897.520914   2293.000000
  2153.340088   1308.000000  1598.663103  1768.259191  1937.855280   2319.000000
  2163.429932   1185.000000  1553.087177  1789.327206  2025.567235   5377.000000
  2173.530029   1156.000000  1614.541443  1790.604779  1966.668116   2227.000000
  2183.629883   1373.000000  1684.575137  1836.213235  1987.851333   2280.000000
  2193.729980   1378.000000  1679.494107  1834.001838  1988.509570   2590.000000
  2203.830078   1354.000000  1642.978643  1807.494485  1972.010327   2301.000000
  2213.929932   1328.000000  1621.522593  1782.636029  1943.749466   2269.000000
  2224.030029   1313.000000  1598.081712  1746.628676  1895.175641   2286.000000
  2234.120117   1251.000000  1559.266556  1709.672794  1860.079032   2155.000000
  2244.219971   1273.000000  1527.394166  1686.077206  1844.760246   2078.000000
  2254.219971   1222.000000  1412.182116  1637.950368  1863.718619   5206.000000
  2264.320068   1117.000000  1401.348688  1558.283088  1715.217488   2058.000000
  2274.419922   1048.000000  1350.233003  1506.375000  1662.516997   1980.000000
  2284.520020    905.000000  1296.720294  1468.636029  1640.551765   1996.000000
  2294.610107    856.000000  1246.795668  1426.200368  1605.605068   1890.000000
  2304.709961    784.000000  1215.492405  1385.389706  1555.287007   1856.000000
  2314.810059    805.000000  1162.795242  1339.200368  1515.605493   1836.000000
  2324.909912    854.000000  1169.047923  1329.145221  1489.242518   1731.000000
  2335.010010    804.000000  1119.995200  1287.658088  1455.320977   1716.000000
  2345.110107    539.000000  1057.338706  1282.615809  1507.892911   1866.000000
  2355.209961    425.000000   997.279261  1262.056985  1526.834710   2132.000000
  2365.199951      4.000000   932.685797  1260.393382  1588.100967   2281.000000
  2375.300049    -26.000000   593.564457  1163.696691  1733.828925   3365.000000
  2385.399902    -24.000000   291.648081  1009.852941  1728.057802   3721.000000
  2395.500000    -21.000000   167.072829   947.740809  1728.408788   3832.000000
