ENVI ASCII Plot File [Fri Mar 11 11:18:26 2016]
Column 1: Wavelength
Column 2: Min: A11_1~~2##255,0,0
Column 3: Min-StdDev: A11_1~~21##0,200,0
Column 4: Mean: A11_1~~0##0,0,0
Column 5: Min+StdDev: A11_1~~21##0,200,0
Column 6: Max: A11_1~~2##255,0,0
   426.820007       5.000000   264.587555   348.806557   433.025559    596.000000
   436.989990       8.000000   155.168035   337.919672   520.671309   6007.000000
   447.170013     -91.000000   165.621977   239.013115   312.404252    698.000000
   457.339996      42.000000   158.796986   277.622951   396.448916   3846.000000
   467.519989     127.000000   276.697190   330.244262   383.791334    514.000000
   477.690002     233.000000   334.080377   380.872951   427.665525    541.000000
   487.869995     247.000000   347.418246   398.536066   449.653885    790.000000
   498.040009     293.000000   382.708295   437.713934   492.719573   1199.000000
   508.220001     350.000000   438.934358   489.018852   539.103347    664.000000
   518.390015     414.000000   506.575369   553.440164   600.304958    704.000000
   528.570007     469.000000   565.194929   610.908197   656.621464    764.000000
   538.739990     487.000000   614.133481   667.238525   720.343568    872.000000
   548.919983     512.000000   657.135349   712.200000   767.264651    896.000000
   559.090027     560.000000   685.307718   736.544262   787.780806    903.000000
   569.270020     627.000000   707.057186   752.990984   798.924781    996.000000
   579.450012     595.000000   696.922365   747.260656   797.598946    950.000000
   589.619995     604.000000   713.600355   776.966393   840.332432    965.000000
   599.799988     615.000000   744.442660   822.847541   901.252422   1206.000000
   609.969971     545.000000   752.637405   844.667213   936.697021   1098.000000
   620.150024     548.000000   739.618726   855.786066   971.953405   2590.000000
   630.320007     525.000000   746.738333   858.363115   969.987897   1152.000000
   640.500000     504.000000   755.167279   879.068852  1002.970426   1227.000000
   650.669983     488.000000   757.661001   898.494262  1039.327523   1677.000000
   660.849976     475.000000   761.200188   918.917213  1076.634238   1331.000000
   671.020020     465.000000   757.596070   929.065574  1100.535077   1386.000000
   681.200012     442.000000   774.035016   954.491803  1134.948591   1419.000000
   691.369995     524.000000   839.495550  1013.481148  1187.466745   1450.000000
   701.549988     819.000000  1064.328916  1199.038525  1333.748133   1560.000000
   711.719971    1242.000000  1394.584105  1494.163115  1593.742124   1829.000000
   721.900024    1373.000000  1534.425765  1754.406557  1974.387350   2634.000000
   732.070007    1431.000000  1643.301120  1977.562295  2311.823471   3395.000000
   742.250000    1427.000000  1631.347141  2025.816393  2420.285646   3830.000000
   752.429993    1436.000000  1623.241474  2055.013115  2486.784755   4070.000000
   762.599976    1454.000000  1717.230747  2155.956557  2594.682368   4233.000000
   772.780029    1550.000000  1822.212639  2289.220492  2756.228344   4485.000000
   782.950012    1567.000000  1810.095890  2273.627869  2737.159848   4483.000000
   793.130005    1570.000000  1857.854247  2322.995082  2788.135917   4524.000000
   803.299988    1623.000000  1909.889547  2379.067213  2848.244879   4571.000000
   813.479980    1616.000000  1909.568641  2392.269672  2874.970704   5056.000000
   823.650024    1677.000000  2053.096527  2547.167213  3041.237899   5319.000000
   833.830017    1718.000000  2104.707723  2583.929508  3063.151293   4784.000000
   844.000000    1695.000000  2105.424213  2574.777869  3044.131524   4740.000000
   854.179993    1713.000000  2126.896667  2591.376230  3055.855792   4749.000000
   864.349976    1695.000000  2144.695388  2607.095082  3069.494776   4752.000000
   874.530029    1729.000000  2169.901729  2631.804918  3093.708107   4686.000000
   884.700012    1787.000000  2226.151458  2695.281967  3164.412477   4784.000000
   894.880005    1755.000000  2210.752969  2694.000000  3177.247031   4972.000000
   905.049988    1856.000000  2311.721243  2799.595082  3287.468921   4943.000000
   915.229980    1771.000000  2256.027349  2819.779508  3383.531667  10232.000000
   925.409973    1831.000000  2210.484706  2866.855738  3523.226769  18923.000000
   912.450012    1449.000000  2238.173911  2826.522131  3414.870351   5933.000000
   922.539978    1671.000000  2336.165867  2903.743443  3471.321018   5553.000000
   932.640015    1003.000000  2044.620745  2912.740164  3780.859583   6364.000000
   942.729980     836.000000  2001.179865  3177.859836  4354.539807  24359.000000
   952.820007    1462.000000  2411.889509  3133.810656  3855.731802   5899.000000
   962.909973    1899.000000  2606.366206  3121.355738  3636.345270   4923.000000
   972.989990    2107.000000  2718.159975  3174.431967  3630.703959   4899.000000
   983.080017    2085.000000  2772.907996  3214.173770  3655.439545   4874.000000
   993.169983    2028.000000  2669.866476  3106.063115  3542.259754   4846.000000
  1003.299988    2019.000000  2664.738214  3108.266393  3551.794573   4834.000000
  1013.299988    2031.000000  2663.918366  3089.578689  3515.239011   4935.000000
  1023.400024    2022.000000  2716.713745  3149.086885  3581.460025   4868.000000
  1033.489990    2037.000000  2749.274489  3173.577049  3597.879609   4913.000000
  1043.589966    2045.000000  2763.419047  3184.736066  3606.053084   4841.000000
  1053.689941    2111.000000  2734.973568  3168.733607  3602.493645   4748.000000
  1063.790039    2051.000000  2710.083145  3142.618852  3575.154560   4920.000000
  1073.890015    1991.000000  2648.378694  3067.877869  3487.377044   4685.000000
  1083.989990    1940.000000  2620.753600  3043.810656  3466.867712   4668.000000
  1094.089966    1980.000000  2652.962479  3074.646721  3496.330964   4543.000000
  1104.189941    1930.000000  2518.497603  3069.088525  3619.679446  14521.000000
  1114.189941    1640.000000  2581.848280  3040.333607  3498.818934   4687.000000
  1124.280029   -1125.000000   925.990189  2447.355738  3968.721286  24602.000000
  1134.380005     456.000000  2299.555018  3000.609836  3701.664654   5626.000000
  1144.479980     701.000000  2311.687724  2936.665574  3561.643423   5110.000000
  1154.579956    1900.000000  2699.868122  3140.418033  3580.967943   4597.000000
  1164.680054    2021.000000  2742.600097  3092.277049  3441.954001   4223.000000
  1174.770020    2100.000000  2757.554701  3068.301639  3379.048577   4108.000000
  1184.869995    2064.000000  2739.046110  3045.945902  3352.845693   4077.000000
  1194.969971    2029.000000  2784.730329  3097.363115  3409.995900   5482.000000
  1205.069946    2084.000000  2790.921627  3119.710656  3448.499685   7732.000000
  1215.170044    2059.000000  2799.525111  3117.263115  3435.001119   4030.000000
  1225.170044    2028.000000  2842.255873  3169.316393  3496.376914   4130.000000
  1235.270020    2069.000000  2901.697298  3232.685246  3563.673193   4232.000000
  1245.359985    2044.000000  2933.760712  3272.985246  3612.209780   4282.000000
  1255.459961    2075.000000  2991.837991  3327.078689  3662.319386   4245.000000
  1265.560059    2089.000000  2993.167915  3326.590984  3660.014052   4391.000000
  1275.660034    2086.000000  2992.780796  3335.875410  3678.970023   4777.000000
  1285.760010    2032.000000  2975.075161  3315.350000  3655.624839   4283.000000
  1295.859985    2137.000000  3019.682970  3366.718033  3713.753095   5656.000000
  1305.959961    -175.000000  2740.882644  3435.331148  4129.779651   4429.000000
  1316.050049    2263.000000  3240.885270  3620.694262  4000.503254   4615.000000
  1326.050049    2279.000000  3246.903330  3643.264754  4039.626178   4603.000000
  1336.150024    2055.000000  3297.950949  3855.486885  4413.022822   7063.000000
  1346.250000     710.000000  2889.075249  3879.722131  4870.369013   7478.000000
  1356.349976       0.000000     0.000000     0.000000     0.000000      0.000000
  1366.449951       0.000000     0.000000     0.000000     0.000000      0.000000
  1376.550049       0.000000     0.000000     0.000000     0.000000      0.000000
  1386.650024       0.000000     0.000000     0.000000     0.000000      0.000000
  1396.739990       0.000000     0.000000     0.000000     0.000000      0.000000
  1406.839966       0.000000     0.000000     0.000000     0.000000      0.000000
  1416.939941       0.000000     0.000000     0.000000     0.000000      0.000000
  1426.939941       0.000000     0.000000     0.000000     0.000000      0.000000
  1437.040039       0.000000     0.000000     0.000000     0.000000      0.000000
  1447.140015       0.000000     0.000000     0.000000     0.000000      0.000000
  1457.229980    -558.000000  -102.224397  1374.186066  2850.596528   6707.000000
  1467.329956    -699.000000  -789.377669  1026.388525  2842.154718   8262.000000
  1477.430054     -68.000000  1072.303837  2257.080328  3441.856818  30790.000000
  1487.530029    1111.000000  1843.216931  2304.104918  2764.992905   8222.000000
  1497.630005    1467.000000  1918.885903  2254.961475  2591.037047   5842.000000
  1507.729980    1582.000000  2023.801523  2320.925410  2618.049296   3373.000000
  1517.829956    1624.000000  2173.800029  2476.453279  2779.106528   3300.000000
  1527.920044    1710.000000  2176.142096  2463.400000  2750.657904   3150.000000
  1537.920044    1764.000000  2193.694846  2462.921311  2732.147777   3525.000000
  1548.020020    1778.000000  2237.114148  2506.860656  2776.607163   4758.000000
  1558.119995    1751.000000  2300.233973  2555.966393  2811.698814   4599.000000
  1568.219971    1820.000000  2359.338547  2612.300000  2865.261453   4833.000000
  1578.319946    1787.000000  2409.083913  2641.787705  2874.491497   3227.000000
  1588.420044    1772.000000  2450.107118  2684.249180  2918.391243   3332.000000
  1598.510010    1938.000000  2476.667491  2720.131967  2963.596444   3363.000000
  1608.609985    1878.000000  2512.236155  2759.359016  3006.481878   3376.000000
  1618.709961    1846.000000  2524.984079  2764.471311  3003.958544   3494.000000
  1628.810059    1909.000000  2542.865671  2782.786885  3022.708100   3542.000000
  1638.810059    1952.000000  2581.928222  2823.273770  3064.619319   3447.000000
  1648.900024    1951.000000  2584.615789  2823.328689  3062.041588   3429.000000
  1659.000000    1881.000000  2596.451210  2828.449180  3060.447150   4302.000000
  1669.099976    1925.000000  2580.535704  2799.932787  3019.329870   3359.000000
  1679.199951    1922.000000  2556.551238  2783.160656  3009.770073   3446.000000
  1689.300049    1896.000000  2516.799764  2740.841803  2964.883843   3437.000000
  1699.400024    1826.000000  2490.589931  2710.616393  2930.642856   3250.000000
  1709.500000    1864.000000  2467.463087  2682.927049  2898.391011   3306.000000
  1719.599976    1844.000000  2417.656600  2631.603279  2845.549957   3285.000000
  1729.699951    1758.000000  2365.523136  2579.978689  2794.434241   3260.000000
  1739.699951    1777.000000  2353.604324  2580.045902  2806.487479   3214.000000
  1749.790039    1797.000000  2364.076842  2600.563115  2837.049388   3250.000000
  1759.890015    1790.000000  2313.140053  2548.147541  2783.155029   3319.000000
  1769.989990    1687.000000  2308.038315  2572.312295  2836.586275   3350.000000
  1780.089966    1718.000000  2265.969089  2579.685246  2893.401403   5104.000000
  1790.189941    1488.000000  2242.867619  2657.587705  3072.307791   3969.000000
  1800.290039       0.000000     0.000000     0.000000     0.000000      0.000000
  1810.380005       0.000000     0.000000     0.000000     0.000000      0.000000
  1820.479980       0.000000     0.000000     0.000000     0.000000      0.000000
  1830.579956       0.000000     0.000000     0.000000     0.000000      0.000000
  1840.579956       0.000000     0.000000     0.000000     0.000000      0.000000
  1850.680054       0.000000     0.000000     0.000000     0.000000      0.000000
  1860.780029       0.000000     0.000000     0.000000     0.000000      0.000000
  1870.869995       0.000000     0.000000     0.000000     0.000000      0.000000
  1880.979980       0.000000     0.000000     0.000000     0.000000      0.000000
  1891.069946       0.000000     0.000000     0.000000     0.000000      0.000000
  1901.170044       0.000000     0.000000     0.000000     0.000000      0.000000
  1911.270020       0.000000     0.000000     0.000000     0.000000      0.000000
  1921.369995       0.000000     0.000000     0.000000     0.000000      0.000000
  1931.469971       0.000000     0.000000     0.000000     0.000000      0.000000
  1941.569946       0.000000     0.000000     0.000000     0.000000      0.000000
  1951.569946       0.000000     0.000000     0.000000     0.000000      0.000000
  1961.660034    -121.000000  -259.262385   433.055738  1125.373860   3412.000000
  1971.760010     -42.000000   813.545584  1223.899180  1634.252777   2418.000000
  1981.859985     296.000000  1098.803757  1438.536885  1778.270013   2223.000000
  1991.959961     250.000000  1115.518268  1488.761475  1862.004683   4365.000000
  2002.060059     -60.000000   640.098715  1274.114754  1908.130793   3521.000000
  2012.150024     -43.000000   823.583105  1386.399180  1949.215256   3153.000000
  2022.250000     775.000000  1389.789755  1647.340164  1904.890573   2358.000000
  2032.349976     815.000000  1366.984176  1615.722951  1864.461726   2254.000000
  2042.449951     802.000000  1317.630219  1584.440984  1851.251748   2317.000000
  2052.449951     716.000000  1368.485703  1663.501639  1958.517576   2546.000000
  2062.550049     844.000000  1453.982152  1729.290164  2004.598176   4409.000000
  2072.649902     900.000000  1412.585306  1695.812295  1979.039284   5488.000000
  2082.750000     886.000000  1396.471553  1656.283607  1916.095661   4855.000000
  2092.840088     805.000000  1400.760314  1643.263934  1885.767555   3948.000000
  2102.939941    1001.000000  1448.970708  1668.754918  1888.539128   2234.000000
  2113.040039     961.000000  1439.224068  1651.401639  1863.579211   2236.000000
  2123.139893     948.000000  1362.740065  1602.386885  1842.033705   4967.000000
  2133.239990     967.000000  1375.354496  1592.301639  1809.248783   2135.000000
  2143.340088    1064.000000  1471.286752  1663.454918  1855.623084   2421.000000
  2153.340088    1089.000000  1507.566150  1702.172951  1896.779751   2382.000000
  2163.429932     953.000000  1445.503900  1698.300820  1951.097740   5377.000000
  2173.530029     991.000000  1484.786978  1708.734426  1932.681874   2249.000000
  2183.629883     -28.000000  1391.545735  1721.018033  2050.490330   2371.000000
  2193.729980    1116.000000  1561.599621  1758.228689  1954.857756   2590.000000
  2203.830078     967.000000  1503.582242  1716.975410  1930.368578   2366.000000
  2213.929932    1031.000000  1473.154983  1694.533607  1915.912231   4208.000000
  2224.030029    1111.000000  1482.195584  1672.986066  1863.776548   2281.000000
  2234.120117    1085.000000  1448.344212  1638.061475  1827.778739   2228.000000
  2244.219971     945.000000  1381.615665  1587.327049  1793.038433   2118.000000
  2254.219971     857.000000  1300.238864  1534.020492  1767.802120   5206.000000
  2264.320068     869.000000  1286.226732  1477.627049  1669.027366   2058.000000
  2274.419922     862.000000  1237.207541  1426.602459  1615.997377   1980.000000
  2284.520020     857.000000  1209.519523  1401.578689  1593.637854   1996.000000
  2294.610107     791.000000  1157.177619  1356.514754  1555.851889   1893.000000
  2304.709961     712.000000  1136.631623  1333.781148  1530.930672   1975.000000
  2314.810059     597.000000  1082.111816  1290.063115  1498.014413   1966.000000
  2324.909912     701.000000  1082.917254  1273.014754  1463.112255   1831.000000
  2335.010010     610.000000  1026.155402  1224.441803  1422.728205   1827.000000
  2345.110107     268.000000   958.974249  1213.288525  1467.602801   1942.000000
  2355.209961     147.000000   832.215758  1197.892623  1563.569487   8325.000000
  2365.199951       4.000000   858.674149  1204.481967  1550.289786   2281.000000
  2375.300049     -26.000000   517.994674  1111.804098  1705.613523   3365.000000
  2385.399902  -26618.000000  -100.755782   969.159836  2039.075454   3721.000000
  2395.500000     -23.000000   120.380788   911.005738  1701.630687   3832.000000
