ENVI ASCII Plot File [Fri Mar 11 11:18:44 2016]
Column 1: Wavelength
Column 2: Min: A11_2~~2##255,0,0
Column 3: Min-StdDev: A11_2~~21##0,200,0
Column 4: Mean: A11_2~~0##0,0,0
Column 5: Min+StdDev: A11_2~~21##0,200,0
Column 6: Max: A11_2~~2##255,0,0
   426.820007   -83.000000   144.929203   216.875780   288.822358    436.000000
   436.989990   -95.000000   129.645788   185.444444   241.243101    345.000000
   447.170013  -171.000000    19.678461    72.978152   126.277844    272.000000
   457.339996   -83.000000    47.216483    83.779650   120.342818    204.000000
   467.519989    11.000000    88.724275   143.302747   197.881219   1790.000000
   477.690002    89.000000   166.620383   197.966292   229.312201    964.000000
   487.869995   125.000000   188.915297   211.013733   233.112168    291.000000
   498.040009   156.000000   202.598826   235.780275   268.961723   1108.000000
   508.220001   199.000000   260.511942   280.604869   300.697796    344.000000
   518.390015   258.000000   316.396179   337.604245   358.812311    413.000000
   528.570007   324.000000   390.415911   413.557428   436.698945    479.000000
   538.739990   367.000000   434.163250   459.205368   484.247487    803.000000
   548.919983   402.000000   452.431725   483.294632   514.157538   1271.000000
   559.090027   410.000000   458.900071   481.524969   504.149867    555.000000
   569.270020   367.000000   422.557798   444.391386   466.224974    522.000000
   579.450012   333.000000   382.408339   403.331461   424.254582    507.000000
   589.619995   308.000000   365.191534   386.239076   407.286618    492.000000
   599.799988   296.000000   352.839354   383.555556   414.271757   1111.000000
   609.969971   299.000000   348.356668   372.235955   396.115242    689.000000
   620.150024   279.000000   318.192782   345.093009   371.993235    913.000000
   630.320007   269.000000   311.255031   333.933208   356.611386    482.000000
   640.500000   260.000000   298.072271   323.790886   349.509502    786.000000
   650.669983   235.000000   287.781965   311.098627   334.415289    491.000000
   660.849976   210.000000   253.717041   278.732834   303.748627    581.000000
   671.020020   201.000000   233.868230   260.519351   287.170472    773.000000
   681.200012   198.000000   227.849790   258.706617   289.563443    854.000000
   691.369995   226.000000   271.567059   295.591136   319.615213    508.000000
   701.549988   408.000000   441.474043   469.881398   498.288753    811.000000
   711.719971   876.000000   921.706278   973.425718  1025.145158   2246.000000
   721.900024  1323.000000  1424.322259  1485.324594  1546.326930   1754.000000
   732.070007  1831.000000  1978.914513  2068.564919  2158.215325   2340.000000
   742.250000  2077.000000  2282.756494  2397.427591  2512.098687   2776.000000
   752.429993  2225.000000  2437.608067  2569.113608  2700.619149   3010.000000
   762.599976  2368.000000  2605.715313  2743.519975  2881.324637   3239.000000
   772.780029  2477.000000  2771.688040  2922.021848  3072.355655   3495.000000
   782.950012  2496.000000  2730.139395  2887.807116  3045.474837   5019.000000
   793.130005  2491.000000  2763.278490  2912.599875  3061.921260   3388.000000
   803.299988  2546.000000  2812.925379  2963.141698  3113.358017   3444.000000
   813.479980  2466.000000  2763.681115  2914.159176  3064.637237   3401.000000
   823.650024  2669.000000  2937.806220  3091.321473  3244.836726   3884.000000
   833.830017  2713.000000  2977.252669  3131.222846  3285.193023   3623.000000
   844.000000  2712.000000  2976.607754  3133.105493  3289.603232   3622.000000
   854.179993  2729.000000  2988.266502  3145.743446  3303.220390   3633.000000
   864.349976  2712.000000  2992.528722  3150.790886  3309.053050   3693.000000
   874.530029  2723.000000  2997.012314  3155.456305  3313.900295   3726.000000
   884.700012  2742.000000  3041.534302  3203.355181  3365.176060   3783.000000
   894.880005  2648.000000  2957.611412  3120.518727  3283.426041   3890.000000
   905.049988  2719.000000  2726.351552  3159.636704  3592.921856  14290.000000
   915.229980  2512.000000  2845.637152  3052.670412  3259.703672   7537.000000
   925.409973  2351.000000  2879.264206  3088.191635  3297.119065   4766.000000
   912.450012  2077.000000  2608.357578  3056.943196  3505.528814  11981.000000
   922.539978  2261.000000  2819.012211  3122.498752  3425.985292   4091.000000
   932.640015  1344.000000  2255.130904  2920.522472  3585.914040  17485.000000
   942.729980  1097.000000  2248.445967  2875.186017  3501.926068   5385.000000
   952.820007  1696.000000  2363.879619  2859.280275  3354.680930   6229.000000
   962.909973  2299.000000  2688.336788  2950.803995  3213.271202   3862.000000
   972.989990  2582.000000  2886.430797  3063.546816  3240.662836   3784.000000
   983.080017  2673.000000  2988.567100  3146.390762  3304.214423   3790.000000
   993.169983  2643.000000  2945.844875  3092.029338  3238.213802   3677.000000
  1003.299988  2676.000000  2961.674280  3116.514981  3271.355683   3710.000000
  1013.299988  2701.000000  2989.667427  3132.151685  3274.635944   3729.000000
  1023.400024  2789.000000  3080.230768  3228.388889  3376.547009   3840.000000
  1033.489990  2851.000000  3137.102043  3287.544944  3437.987845   3924.000000
  1043.589966  2891.000000  3171.241830  3328.398252  3485.554675   4103.000000
  1053.689941  2906.000000  3172.862460  3333.983146  3495.103832   4456.000000
  1063.790039  2852.000000  3145.746006  3303.272784  3460.799562   3845.000000
  1073.890015  2833.000000  3067.119281  3216.416355  3365.713428   3815.000000
  1083.989990  2707.000000  3010.147538  3153.224095  3296.300651   3833.000000
  1094.089966  2665.000000  2958.919116  3109.367665  3259.816215   3647.000000
  1104.189941  2522.000000  2803.950644  2959.719101  3115.487559   3631.000000
  1114.189941  2028.000000  2639.571575  2864.338327  3089.105079   3619.000000
  1124.280029  -475.000000  1349.176101  2264.284020  3179.391939   5281.000000
  1134.380005   945.000000  2293.956247  2849.937578  3405.918909   4790.000000
  1144.479980  1137.000000  2111.828507  2598.726592  3085.624677   4279.000000
  1154.579956  1730.000000  2135.522072  2320.943820  2506.365569   3091.000000
  1164.680054  1957.000000  2159.799462  2274.621723  2389.443984   4054.000000
  1174.770020  2031.000000  2193.848143  2286.390137  2378.932132   2792.000000
  1184.869995  1968.000000  2146.990292  2236.868290  2326.746287   2910.000000
  1194.969971  1974.000000  2134.498461  2224.575531  2314.652600   2933.000000
  1205.069946  1972.000000  2149.926347  2242.217853  2334.509358   2823.000000
  1215.170044  1988.000000  2136.551525  2227.114856  2317.678188   3162.000000
  1225.170044  2058.000000  2214.071220  2305.111735  2396.152250   3246.000000
  1235.270020  2135.000000  2285.955337  2385.009988  2484.064638   3475.000000
  1245.359985  2167.000000  2338.423433  2436.462547  2534.501661   3229.000000
  1255.459961  2152.000000  2391.628248  2502.921973  2614.215697   4894.000000
  1265.560059  2174.000000  2401.935148  2505.911361  2609.887573   4562.000000
  1275.660034  2228.000000  2389.327498  2502.263421  2615.199344   4498.000000
  1285.760010  2191.000000  2344.527993  2438.771536  2533.015078   3197.000000
  1295.859985  2150.000000  2306.860986  2415.312734  2523.764482   4250.000000
  1305.959961  -147.000000  1873.282422  2340.541823  2807.801224   4513.000000
  1316.050049  1956.000000  2169.684327  2276.612984  2383.541641   3271.000000
  1326.050049  1738.000000  2010.560091  2133.601124  2256.642156   2714.000000
  1336.150024  1316.000000  1456.538181  1999.516854  2542.495527  19302.000000
  1346.250000  -102.000000  1389.650258  2129.423845  2869.197432   4776.000000
  1356.349976     0.000000     0.000000     0.000000     0.000000      0.000000
  1366.449951     0.000000     0.000000     0.000000     0.000000      0.000000
  1376.550049     0.000000     0.000000     0.000000     0.000000      0.000000
  1386.650024     0.000000     0.000000     0.000000     0.000000      0.000000
  1396.739990     0.000000     0.000000     0.000000     0.000000      0.000000
  1406.839966     0.000000     0.000000     0.000000     0.000000      0.000000
  1416.939941     0.000000     0.000000     0.000000     0.000000      0.000000
  1426.939941     0.000000     0.000000     0.000000     0.000000      0.000000
  1437.040039     0.000000     0.000000     0.000000     0.000000      0.000000
  1447.140015     0.000000     0.000000     0.000000     0.000000      0.000000
  1457.229980  -441.000000  -442.098502   280.121723  1002.341948   6258.000000
  1467.329956  -575.000000  -745.538516   253.581149  1252.700814  15197.000000
  1477.430054  -270.000000    74.121986   590.684769  1107.247552   7798.000000
  1487.530029   -24.000000   327.351751   513.530587   699.709423   1082.000000
  1497.630005   307.000000   437.409078   514.554931   591.700784   1651.000000
  1507.729980   414.000000   493.821581   560.053059   626.284537   1602.000000
  1517.829956   465.000000   587.997302   640.231586   692.465869   1033.000000
  1527.920044   513.000000   613.528087   664.274032   715.019978   1021.000000
  1537.920044   580.000000   645.102181   692.230337   739.358493   1047.000000
  1548.020020   606.000000   682.599693   732.968789   783.337885   1088.000000
  1558.119995   660.000000   706.213437   773.952559   841.691681   2579.000000
  1568.219971   688.000000   759.953095   815.033708   870.114321   1241.000000
  1578.319946   706.000000   756.562038   846.601124   936.640209   3548.000000
  1588.420044   722.000000   794.432660   878.787765   963.142871   3257.000000
  1598.510010   761.000000   751.860286   904.845194  1057.830101   6612.000000
  1608.609985   809.000000   881.107799   936.875156   992.642513   1314.000000
  1618.709961   845.000000   917.406953   970.445693  1023.484433   1382.000000
  1628.810059   873.000000   937.493309   993.140449  1048.787590   1695.000000
  1638.810059   871.000000   947.894905  1000.890762  1053.886618   1361.000000
  1648.900024   873.000000   956.174136  1012.201623  1068.229110   1406.000000
  1659.000000   905.000000   980.974071  1037.541199  1094.108326   1396.000000
  1669.099976   901.000000   977.055703  1037.540574  1098.025446   1577.000000
  1679.199951   888.000000   951.756641  1012.084894  1072.413147   1689.000000
  1689.300049   841.000000   929.060840   985.111111  1041.161382   1352.000000
  1699.400024   849.000000   913.222911   964.410737  1015.598562   1304.000000
  1709.500000   814.000000   886.075532   938.751561   991.427589   1286.000000
  1719.599976   778.000000   848.901502   901.270287   953.639072   1270.000000
  1729.699951   690.000000   810.303652   868.319600   926.335549   1723.000000
  1739.699951   680.000000   772.895285   847.346442   921.797599   3021.000000
  1749.790039   645.000000   699.142018   829.640449   960.138881   4369.000000
  1759.890015   609.000000   694.995675   788.744694   882.493713   3361.000000
  1769.989990   532.000000   602.313832   777.606742   952.899651   7102.000000
  1780.089966   436.000000   653.633418   771.106742   888.580065   1244.000000
  1790.189941    77.000000   597.376432   825.938826  1054.501221   1630.000000
  1800.290039     0.000000     0.000000     0.000000     0.000000      0.000000
  1810.380005     0.000000     0.000000     0.000000     0.000000      0.000000
  1820.479980     0.000000     0.000000     0.000000     0.000000      0.000000
  1830.579956     0.000000     0.000000     0.000000     0.000000      0.000000
  1840.579956     0.000000     0.000000     0.000000     0.000000      0.000000
  1850.680054     0.000000     0.000000     0.000000     0.000000      0.000000
  1860.780029     0.000000     0.000000     0.000000     0.000000      0.000000
  1870.869995     0.000000     0.000000     0.000000     0.000000      0.000000
  1880.979980     0.000000     0.000000     0.000000     0.000000      0.000000
  1891.069946     0.000000     0.000000     0.000000     0.000000      0.000000
  1901.170044     0.000000     0.000000     0.000000     0.000000      0.000000
  1911.270020     0.000000     0.000000     0.000000     0.000000      0.000000
  1921.369995     0.000000     0.000000     0.000000     0.000000      0.000000
  1931.469971     0.000000     0.000000     0.000000     0.000000      0.000000
  1941.569946     0.000000     0.000000     0.000000     0.000000      0.000000
  1951.569946     0.000000     0.000000     0.000000     0.000000      0.000000
  1961.660034  -106.000000  -280.898336    22.400749   325.699835   2410.000000
  1971.760010   -36.000000  -430.050115    35.715356   501.480827  18170.000000
  1981.859985   -25.000000   -52.386650    34.928215   122.243079   1344.000000
  1991.959961   -26.000000   -52.392101    28.156679   108.705459    519.000000
  2002.060059   -54.000000  -586.702973    13.053683   612.810338  23212.000000
  2012.150024   -39.000000  -133.975850    17.732210   169.440270   1194.000000
  2022.250000   -20.000000    45.838001   209.551810   373.265619   3460.000000
  2032.349976   -17.000000   113.244016   211.498127   309.752239   1598.000000
  2042.449951   -18.000000    36.327065   123.160424   209.993784    510.000000
  2052.449951   -21.000000   -76.554305   100.297753   277.149810   4751.000000
  2062.550049   -19.000000   182.737667   297.431336   412.125005    760.000000
  2072.649902     5.000000   173.893873   304.996879   436.099885   3701.000000
  2082.750000   -17.000000   129.542602   212.368914   295.195226    502.000000
  2092.840088   -17.000000   112.125966   213.284644   314.443323   2305.000000
  2102.939941   102.000000   220.723267   283.664794   346.606321    566.000000
  2113.040039   114.000000   225.775788   290.841448   355.907108    557.000000
  2123.139893   -16.000000    97.745411   219.333333   340.921255   3678.000000
  2133.239990    16.000000   121.568423   222.050562   322.532700   2445.000000
  2143.340088   106.000000   234.033734   347.931336   461.828937   3964.000000
  2153.340088   111.000000   279.647437   358.629838   437.612238    668.000000
  2163.429932   -16.000000   143.035025   225.678527   308.322029    507.000000
  2173.530029    -9.000000   150.883109   235.430087   319.977066    545.000000
  2183.629883   -18.000000   313.663332   396.093633   478.523934    644.000000
  2193.729980   170.000000   337.921841   405.093009   472.264176    651.000000
  2203.830078   134.000000   276.584665   351.453808   426.322951    679.000000
  2213.929932   134.000000   276.574435   348.980649   421.386863    709.000000
  2224.030029   256.000000   340.929968   398.872659   456.815350    694.000000
  2234.120117   243.000000   112.030450   398.588015   685.145580  11610.000000
  2244.219971    89.000000   259.808484   337.539326   415.270167    616.000000
  2254.219971    35.000000   226.628192   314.675406   402.722619    600.000000
  2264.320068   113.000000   249.938817   313.177903   376.416988    538.000000
  2274.419922    68.000000   226.266700   294.294632   362.322563    538.000000
  2284.520020    24.000000   218.179934   292.980649   367.781365    923.000000
  2294.610107   -16.000000   146.241618   276.398876   406.556135   3925.000000
  2304.709961    27.000000    64.512724   269.521848   474.530971   7681.000000
  2314.810059   -15.000000   118.800751   254.119850   389.438949   2786.000000
  2324.909912    13.000000   138.799903   244.620474   350.441046   2726.000000
  2335.010010   -15.000000   114.422875   228.882647   343.342418   2355.000000
  2345.110107   -17.000000    54.651497   225.071161   395.490825    783.000000
  2355.209961   -17.000000    16.304279   222.232834   428.161389    941.000000
  2365.199951   -18.000000  -268.454691   257.694757   783.844204  19152.000000
  2375.300049   -21.000000  -676.445172   353.353933  1383.153037  30789.000000
  2385.399902   -20.000000  -143.246379   386.777154   916.800686   4143.000000
  2395.500000   -21.000000  -174.360997   418.450687  1011.262370   4593.000000
