ENVI ASCII Plot File [Fri Mar 11 11:18:59 2016]
Column 1: Wavelength
Column 2: Min: A11_3~~2##255,0,0
Column 3: Min-StdDev: A11_3~~21##0,200,0
Column 4: Mean: A11_3~~0##0,0,0
Column 5: Min+StdDev: A11_3~~21##0,200,0
Column 6: Max: A11_3~~2##255,0,0
   426.820007       8.000000   136.349361   202.968370   269.587379    468.000000
   436.989990      15.000000   118.380683   167.086780   215.792877    322.000000
   447.170013    -216.000000   -14.424118    34.275750    82.975618    198.000000
   457.339996    -124.000000    -5.237550    48.910787   103.059123   1513.000000
   467.519989      17.000000    61.817912   113.897810   165.977709   1643.000000
   477.690002     124.000000   162.589712   183.997567   205.405422    430.000000
   487.869995     119.000000   160.147073   179.399027   198.650981    263.000000
   498.040009     151.000000   184.533681   202.141930   219.750180    273.000000
   508.220001     199.000000   232.081567   249.390105   266.698644    377.000000
   518.390015     247.000000   263.172047   312.943228   362.714409   1339.000000
   528.570007     339.000000   377.205269   403.596107   429.986945    990.000000
   538.739990     402.000000   445.796659   469.075426   492.354192    586.000000
   548.919983     431.000000   459.686354   505.742903   551.799453   1829.000000
   559.090027     440.000000   482.543584   509.003244   535.462904    606.000000
   569.270020     403.000000   445.935252   470.926196   495.917141    582.000000
   579.450012     349.000000   386.370107   407.370641   428.371174    484.000000
   589.619995     326.000000   363.480157   384.334955   405.189754    486.000000
   599.799988     304.000000   346.476507   369.551500   392.626494    597.000000
   609.969971     310.000000   341.116537   361.980535   382.844534    494.000000
   620.150024     283.000000   311.840234   332.781833   353.723432    475.000000
   630.320007     266.000000   297.848413   320.137064   342.425715    476.000000
   640.500000     256.000000   260.559199   300.197080   339.834961   1344.000000
   650.669983     245.000000   264.853285   288.176805   311.500324    514.000000
   660.849976     192.000000   206.978211   244.223844   281.469477   1271.000000
   671.020020     176.000000   199.154982   225.593674   252.032365    563.000000
   681.200012     183.000000   199.146526   225.214112   251.281698    500.000000
   691.369995     221.000000   233.371384   267.190592   301.009800   1057.000000
   701.549988     354.000000   405.901628   441.465531   477.029435    661.000000
   711.719971     964.000000  1048.465431  1121.520681  1194.575931   1563.000000
   721.900024    1479.000000  1631.364739  1753.326034  1875.287329   2310.000000
   732.070007    1975.000000  2268.829797  2440.019465  2611.209132   3153.000000
   742.250000    2361.000000  2780.502743  2957.072993  3133.643242   3638.000000
   752.429993    2620.000000  3138.479992  3342.678832  3546.877672   3967.000000
   762.599976    2738.000000  3273.310390  3477.939984  3682.569578   4105.000000
   772.780029    2871.000000  3454.865046  3663.218167  3871.571288   4388.000000
   782.950012    2961.000000  3503.358411  3723.468775  3943.579139   4544.000000
   793.130005    2933.000000  3534.494381  3752.733982  3970.973583   4435.000000
   803.299988    3026.000000  3592.992064  3813.581509  4034.170953   4541.000000
   813.479980    3088.000000  3630.696978  3880.832928  4130.968877   4618.000000
   823.650024    3157.000000  3667.764752  3898.927007  4130.089262   4714.000000
   833.830017    3172.000000  3705.125143  3930.781833  4156.438523   4976.000000
   844.000000    3188.000000  3739.077802  3960.584753  4182.091703   4761.000000
   854.179993    3215.000000  3774.115429  3997.561233  4221.007037   4712.000000
   864.349976    3161.000000  3785.637280  4010.175182  4234.713085   4742.000000
   874.530029    3250.000000  3800.800246  4024.305758  4247.811271   4777.000000
   884.700012    3300.000000  3853.025523  4101.697486  4350.369449   6953.000000
   894.880005    3369.000000  3897.471253  4166.904298  4436.337344   5090.000000
   905.049988    3314.000000  3807.932593  4055.550689  4303.168786   4973.000000
   915.229980    3011.000000  3577.981271  3852.869424  4127.757577   5553.000000
   925.409973    2882.000000  3629.317017  3973.841038  4318.365059   8830.000000
   912.450012    2924.000000  3592.197090  4062.039740  4531.882391   5911.000000
   922.539978    2841.000000  3467.154585  4205.555556  4943.956526  24718.000000
   932.640015    2102.000000  3344.810867  3990.747770  4636.684673   6098.000000
   942.729980    1920.000000  3222.459574  3975.327656  4728.195738   6880.000000
   952.820007    2064.000000  3109.629763  3578.317113  4047.004463   5529.000000
   962.909973    2732.000000  3359.613832  3659.297648  3958.981464   4926.000000
   972.989990    3022.000000  3424.396728  3814.400649  4204.404570  12924.000000
   983.080017    3200.000000  3639.869847  3901.783455  4163.697063   6208.000000
   993.169983    3145.000000  3682.277541  3912.980535  4143.683529   4870.000000
  1003.299988    3244.000000  3704.028222  3938.280616  4172.533011   4969.000000
  1013.299988    3251.000000  3677.394306  3905.598540  4133.802774   4818.000000
  1023.400024    3338.000000  3797.178986  4024.045418  4250.911849   5214.000000
  1033.489990    3276.000000  3861.473137  4106.817518  4352.161899   6684.000000
  1043.589966    3320.000000  3924.721350  4153.636659  4382.551967   4901.000000
  1053.689941    3427.000000  3941.442158  4186.206002  4430.969845   4971.000000
  1063.790039    3369.000000  3916.636457  4161.198702  4405.760948   4982.000000
  1073.890015    3347.000000  3811.848915  4035.382806  4258.916697   4980.000000
  1083.989990    3304.000000  3743.679896  3964.786699  4185.893502   4895.000000
  1094.089966    3242.000000  3583.168018  3928.838605  4274.509192  12730.000000
  1104.189941    3084.000000  3536.669235  3787.942417  4039.215598   4855.000000
  1114.189941    2914.000000  3458.798336  3767.622060  4076.445784   4712.000000
  1124.280029    -390.000000  2426.485736  3454.425791  4482.365845   6488.000000
  1134.380005    1807.000000  2303.422556  3176.278994  4049.135433  28668.000000
  1144.479980  -30175.000000  1761.618888  2860.599351  3959.579814  14615.000000
  1154.579956    2059.000000  2411.461274  2728.160584  3044.859894   4153.000000
  1164.680054    2267.000000  2512.327942  2752.536902  2992.745862   3702.000000
  1174.770020    2279.000000  2512.132404  2734.639092  2957.145779   4566.000000
  1184.869995    2238.000000  2449.207450  2663.541768  2877.876086   3528.000000
  1194.969971    2229.000000  2487.919106  2710.649635  2933.380164   3987.000000
  1205.069946    2260.000000  2500.570544  2718.169505  2935.768467   3716.000000
  1215.170044    2307.000000  2520.125233  2733.424169  2946.723104   3619.000000
  1225.170044    2365.000000  2612.213755  2826.744526  3041.275297   3761.000000
  1235.270020    2482.000000  2700.960451  2917.308191  3133.655932   3746.000000
  1245.359985    2535.000000  2771.212591  2990.510949  3209.809306   3861.000000
  1255.459961    2571.000000  2825.514304  3035.974858  3246.435412   3942.000000
  1265.560059    2573.000000  2821.683919  3027.919708  3234.155497   3866.000000
  1275.660034    2567.000000  2820.066488  3025.025953  3229.985418   3820.000000
  1285.760010    2494.000000  2752.731747  2961.018654  3169.305560   3830.000000
  1295.859985    2466.000000  2720.397450  2925.623682  3130.849914   3756.000000
  1305.959961    2447.000000  2708.648286  2938.368208  3168.088130   4810.000000
  1316.050049    2257.000000  2467.608798  2750.707218  3033.805638   7385.000000
  1326.050049    2017.000000  2255.447427  2569.201946  2882.956466   8318.000000
  1336.150024    1487.000000  2018.054390  2405.058394  2792.062398   4126.000000
  1346.250000    -297.000000  1293.150392  2329.944039  3366.737686  25119.000000
  1356.349976       0.000000     0.000000     0.000000     0.000000      0.000000
  1366.449951       0.000000     0.000000     0.000000     0.000000      0.000000
  1376.550049       0.000000     0.000000     0.000000     0.000000      0.000000
  1386.650024       0.000000     0.000000     0.000000     0.000000      0.000000
  1396.739990       0.000000     0.000000     0.000000     0.000000      0.000000
  1406.839966       0.000000     0.000000     0.000000     0.000000      0.000000
  1416.939941       0.000000     0.000000     0.000000     0.000000      0.000000
  1426.939941       0.000000     0.000000     0.000000     0.000000      0.000000
  1437.040039       0.000000     0.000000     0.000000     0.000000      0.000000
  1447.140015       0.000000     0.000000     0.000000     0.000000      0.000000
  1457.229980    -518.000000  -595.337512  -311.300892   -27.264272   2749.000000
  1467.329956    -676.000000  -761.553767  -441.301703  -121.049639   3288.000000
  1477.430054    -318.000000  -278.631994   209.238443   697.108880   2575.000000
  1487.530029    -119.000000    72.495349   426.013788   779.532226   8728.000000
  1497.630005     356.000000   485.768672   619.450122   753.131571   3091.000000
  1507.729980     403.000000   573.619140   678.871857   784.124575   1104.000000
  1517.829956     506.000000   643.795854   760.254663   876.713473   1159.000000
  1527.920044     555.000000   681.327904   797.471208   913.614513   1203.000000
  1537.920044     623.000000   754.171881   860.429846   966.687810   1283.000000
  1548.020020     654.000000   799.749880   911.517437  1023.284995   1339.000000
  1558.119995     723.000000   861.282181   968.042985  1074.803788   1404.000000
  1568.219971     737.000000   915.102938  1027.482563  1139.862188   1532.000000
  1578.319946     767.000000   947.957150  1057.624493  1167.291837   1701.000000
  1588.420044     848.000000   983.508012  1098.800487  1214.092961   1739.000000
  1598.510010     838.000000  1006.760829  1136.325223  1265.889617   1728.000000
  1608.609985     899.000000  1047.864722  1182.809408  1317.754094   1737.000000
  1618.709961     910.000000  1051.753552  1195.124899  1338.496246   1843.000000
  1628.810059     941.000000  1080.534731  1223.931873  1367.329016   1883.000000
  1638.810059     957.000000  1106.950253  1246.290349  1385.630445   2130.000000
  1648.900024     977.000000  1116.778135  1268.356853  1419.935572   3217.000000
  1659.000000     988.000000  1124.211156  1257.680454  1391.149753   1824.000000
  1669.099976     993.000000  1128.676459  1258.125710  1387.574960   1820.000000
  1679.199951     985.000000  1110.958196  1251.013788  1391.069379   1921.000000
  1689.300049     946.000000  1085.902087  1224.789132  1363.676177   1914.000000
  1699.400024     892.000000  1063.284032  1196.361719  1329.439407   1815.000000
  1709.500000     862.000000  1033.145756  1168.238443  1303.331130   1774.000000
  1719.599976     865.000000   990.866055  1122.437956  1254.009857   1733.000000
  1729.699951     820.000000   957.532863  1089.318735  1221.104607   1781.000000
  1739.699951     766.000000   917.803927  1045.683698  1173.563470   1600.000000
  1749.790039     778.000000   902.493710  1030.146796  1157.799883   1577.000000
  1759.890015     749.000000   870.979518   992.347932  1113.716346   1534.000000
  1769.989990     682.000000   837.561102   973.518248  1109.475395   1580.000000
  1780.089966     531.000000   687.125138   980.608273  1274.091407   9490.000000
  1790.189941     345.000000   583.030317   986.329278  1389.628240  12057.000000
  1800.290039       0.000000     0.000000     0.000000     0.000000      0.000000
  1810.380005       0.000000     0.000000     0.000000     0.000000      0.000000
  1820.479980       0.000000     0.000000     0.000000     0.000000      0.000000
  1830.579956       0.000000     0.000000     0.000000     0.000000      0.000000
  1840.579956       0.000000     0.000000     0.000000     0.000000      0.000000
  1850.680054       0.000000     0.000000     0.000000     0.000000      0.000000
  1860.780029       0.000000     0.000000     0.000000     0.000000      0.000000
  1870.869995       0.000000     0.000000     0.000000     0.000000      0.000000
  1880.979980       0.000000     0.000000     0.000000     0.000000      0.000000
  1891.069946       0.000000     0.000000     0.000000     0.000000      0.000000
  1901.170044       0.000000     0.000000     0.000000     0.000000      0.000000
  1911.270020       0.000000     0.000000     0.000000     0.000000      0.000000
  1921.369995       0.000000     0.000000     0.000000     0.000000      0.000000
  1931.469971       0.000000     0.000000     0.000000     0.000000      0.000000
  1941.569946       0.000000     0.000000     0.000000     0.000000      0.000000
  1951.569946       0.000000     0.000000     0.000000     0.000000      0.000000
  1961.660034    -115.000000  -319.931466    52.832117   425.595699   3783.000000
  1971.760010     -39.000000   -86.107048    44.450122   175.007292    788.000000
  1981.859985     -28.000000   -45.430529    42.120032   129.670594    545.000000
  1991.959961     -30.000000   -54.546724    38.508516   131.563756    540.000000
  2002.060059     -56.000000  -167.524545     3.313058   174.150660   1564.000000
  2012.150024     -40.000000  -304.975905    34.903487   374.782880  10258.000000
  2022.250000     -22.000000    62.700196   207.662612   352.625027    646.000000
  2032.349976     -22.000000    78.264811   224.924574   371.584337   3744.000000
  2042.449951     -21.000000    70.875311   166.072993   261.270674    559.000000
  2052.449951     -23.000000   -11.353585   150.554745   312.463074   3160.000000
  2062.550049     -21.000000   153.401748   321.371452   489.341155   4057.000000
  2072.649902       3.000000   128.020048   334.309002   540.597956   6446.000000
  2082.750000      17.000000   191.077379   281.626115   372.174851    635.000000
  2092.840088     -20.000000   198.113564   290.630170   383.146777    633.000000
  2102.939941      95.000000   218.680288   347.118410   475.556533   3133.000000
  2113.040039      43.000000   255.016943   350.874290   446.731638   1374.000000
  2123.139893      43.000000   209.309471   306.515004   403.720537   1210.000000
  2133.239990      51.000000   220.497594   314.097324   407.697053    570.000000
  2143.340088     182.000000   330.224394   415.890511   501.556628   1046.000000
  2153.340088     118.000000   324.307844   425.065693   525.823543   1562.000000
  2163.429932      73.000000   223.907827   331.661800   439.415774    692.000000
  2173.530029      73.000000   227.954017   337.617194   447.280371    678.000000
  2183.629883     268.000000   393.112879   476.775345   560.437810   1858.000000
  2193.729980     254.000000   407.227305   484.557178   561.887051    784.000000
  2203.830078     188.000000   347.610492   442.079481   536.548469    764.000000
  2213.929932     162.000000   348.616836   440.669100   532.721364    734.000000
  2224.030029     278.000000   405.656021   482.816707   559.977394    863.000000
  2234.120117     285.000000   398.986738   476.685320   554.383903    866.000000
  2244.219971     156.000000   330.386736   414.197891   498.009047    732.000000
  2254.219971      71.000000   297.905537   389.711273   481.517009    711.000000
  2264.320068     171.000000   309.106014   383.674777   458.243540    682.000000
  2274.419922     156.000000   254.279662   362.533658   470.787654   2485.000000
  2284.520020      79.000000   268.692515   357.928629   447.164744    747.000000
  2294.610107      18.000000   201.756814   341.076237   480.395660   3541.000000
  2304.709961       0.000000   174.674997   323.048662   471.422327   4358.000000
  2314.810059     -18.000000   193.875923   305.490673   417.105423    690.000000
  2324.909912     -17.000000   206.024191   296.882401   387.740610    616.000000
  2335.010010     -17.000000   164.359522   277.210868   390.062214    669.000000
  2345.110107     -20.000000   104.206106   262.446878   420.687649    815.000000
  2355.209961     -19.000000    53.139367   252.888889   452.638411    959.000000
  2365.199951     -20.000000    44.868165   276.206813   507.545461   1054.000000
  2375.300049     -22.000000   -53.891624   352.317113   758.525850   5489.000000
  2385.399902     -22.000000  -123.995087   403.871046   931.737179   2692.000000
  2395.500000  -31333.000000  -701.860835   390.562855  1482.986544   7883.000000
