ENVI ASCII Plot File [Thu Mar 10 17:38:33 2016]
Column 1: Wavelength
Column 2: Min: Cultivo_naranja~~2##255,0,0
Column 3: Min-StdDev: Cultivo_naranja~~21##0,200,0
Column 4: Mean: Cultivo_naranja~~0##0,0,0
Column 5: Min+StdDev: Cultivo_naranja~~21##0,200,0
Column 6: Max: Cultivo_naranja~~2##255,0,0
   426.820007   -16.000000   149.225720   232.038062   314.850404   451.000000
   436.989990    62.000000   166.779165   219.733564   272.687963   357.000000
   447.170013   -26.000000    48.936414    94.155709   139.375005   206.000000
   457.339996    14.000000    68.698358    99.083045   129.467732   197.000000
   467.519989    99.000000   129.221450   157.152249   185.083048   225.000000
   477.690002   178.000000   198.646811   225.190311   251.733812   524.000000
   487.869995   141.000000   177.764387   197.089965   216.415544   261.000000
   498.040009   159.000000   198.863743   217.235294   235.606845   267.000000
   508.220001   263.000000   284.572111   301.328720   318.085328   347.000000
   518.390015   302.000000   339.915744   356.775087   373.634429   409.000000
   528.570007   420.000000   440.664479   457.044983   473.425486   517.000000
   538.739990   456.000000   491.681435   510.311419   528.941402   576.000000
   548.919983   493.000000   520.421534   539.602076   558.782618   609.000000
   559.090027   481.000000   516.198548   537.878893   559.559238   642.000000
   569.270020   448.000000   468.068855   486.868512   505.668169   567.000000
   579.450012   382.000000   404.182757   421.484429   438.786101   490.000000
   589.619995   380.000000   397.569336   414.145329   430.721321   473.000000
   599.799988   347.000000   375.587531   393.505190   411.422849   458.000000
   609.969971   348.000000   366.506137   382.643599   398.781060   444.000000
   620.150024   308.000000   330.702653   346.986159   363.269666   399.000000
   630.320007   279.000000   303.103925   320.463668   337.823410   369.000000
   640.500000   274.000000   295.100445   310.584775   326.069106   368.000000
   650.669983   275.000000   298.722564   313.875433   329.028301   374.000000
   660.849976   243.000000   265.797936   280.802768   295.807600   334.000000
   671.020020   217.000000   240.617846   256.110727   271.603608   303.000000
   681.200012   209.000000   240.283397   256.065744   271.848091   298.000000
   691.369995   247.000000   277.836722   296.020761   314.204801   349.000000
   701.549988   468.000000   493.929849   515.913495   537.897141   604.000000
   711.719971   996.000000  1036.924261  1076.301038  1115.677815  1275.000000
   721.900024  1541.000000  1681.547639  1735.228374  1788.909108  1974.000000
   732.070007  2272.000000  2537.314513  2611.041522  2684.768532  2891.000000
   742.250000  2579.000000  2942.883800  3033.619377  3124.354954  3336.000000
   752.429993  2667.000000  3045.733686  3146.110727  3246.487767  3390.000000
   762.599976  2947.000000  3337.282331  3444.034602  3550.786873  3671.000000
   772.780029  3280.000000  3717.825928  3842.813149  3967.800369  4120.000000
   782.950012  3148.000000  3546.154195  3666.089965  3786.025736  3884.000000
   793.130005  3119.000000  3587.626568  3707.705882  3827.785196  3935.000000
   803.299988  3191.000000  3625.446325  3745.705882  3865.965440  3977.000000
   813.479980  3003.000000  3424.196463  3535.837370  3647.478278  3751.000000
   823.650024  3366.000000  3833.654571  3958.217993  4082.781415  4179.000000
   833.830017  3479.000000  3920.820024  4050.830450  4180.840875  4312.000000
   844.000000  3435.000000  3877.341391  4001.013841  4124.686291  4235.000000
   854.179993  3415.000000  3857.668153  3981.633218  4105.598283  4228.000000
   864.349976  3427.000000  3843.322266  3968.491349  4093.660433  4225.000000
   874.530029  3407.000000  3825.175136  3946.968858  4068.762581  4198.000000
   884.700012  3442.000000  3844.062905  3964.916955  4085.771005  4255.000000
   894.880005  3155.000000  3537.837260  3650.775087  3763.712913  3875.000000
   905.049988  3293.000000  3710.124665  3837.110727  3964.096789  4123.000000
   915.229980  3208.000000  3612.880175  3749.439446  3885.998718  4093.000000
   925.409973  3377.000000  3615.299453  3787.200692  3959.101931  4205.000000
   912.450012  2988.000000  3619.172996  3957.889273  4296.605551  4830.000000
   922.539978  2964.000000  3561.727030  3831.425606  4101.124181  4441.000000
   932.640015  2534.000000  3190.075739  3697.754325  4205.432912  5112.000000
   942.729980  2459.000000  3252.591034  3833.055363  4413.519692  5270.000000
   952.820007  2313.000000  2948.762604  3349.294118  3749.825631  4582.000000
   962.909973  2856.000000  3244.668204  3439.775087  3634.881969  3974.000000
   972.989990  3135.000000  3290.157438  3427.647059  3565.136680  3837.000000
   983.080017  3226.000000  3407.928547  3535.138408  3662.348270  3996.000000
   993.169983  3339.000000  3518.900742  3633.754325  3748.607909  4118.000000
  1003.299988  3383.000000  3587.639598  3698.352941  3809.066285  4123.000000
  1013.299988  3482.000000  3669.964607  3764.664360  3859.364113  4051.000000
  1023.400024  3577.000000  3806.182643  3913.622837  4021.063032  4184.000000
  1033.489990  3745.000000  3919.510885  4040.131488  4160.752091  4444.000000
  1043.589966  3746.000000  3985.915397  4111.276817  4236.638237  4952.000000
  1053.689941  3807.000000  3945.476185  4062.764706  4180.053227  4385.000000
  1063.790039  3711.000000  3908.615947  4031.557093  4154.498239  4342.000000
  1073.890015  3550.000000  3838.432184  3941.851211  4045.270238  4277.000000
  1083.989990  3532.000000  3788.372397  3886.885813  3985.399229  4159.000000
  1094.089966  3350.000000  3659.663295  3770.726644  3881.789992  4083.000000
  1104.189941  3252.000000  3531.254628  3634.619377  3737.984126  3907.000000
  1114.189941  3036.000000  3382.446911  3570.370242  3758.293573  4065.000000
  1124.280029  1866.000000  3030.515726  3554.373702  4078.231679  4973.000000
  1134.380005  2191.000000  2750.085104  3026.480969  3302.876834  3720.000000
  1144.479980  1790.000000  2480.570606  2760.989619  3041.408632  3485.000000
  1154.579956  2176.000000  2407.409002  2538.986159  2670.563317  2903.000000
  1164.680054  2254.000000  2320.691391  2490.823529  2660.955668  4684.000000
  1174.770020  2209.000000  2302.296542  2403.896194  2505.495845  2815.000000
  1184.869995  2172.000000  2258.870760  2366.321799  2473.772839  2769.000000
  1194.969971  2199.000000  2286.592696  2429.051903  2571.511110  3922.000000
  1205.069946  2206.000000  2321.971054  2441.020761  2560.070469  3158.000000
  1215.170044  2301.000000  2376.760977  2492.557093  2608.353210  2944.000000
  1225.170044  2339.000000  2457.173470  2574.107266  2691.041063  3040.000000
  1235.270020  2497.000000  2570.843942  2690.449827  2810.055712  3137.000000
  1245.359985  2567.000000  2631.295951  2748.301038  2865.306125  3154.000000
  1255.459961  2518.000000  2637.906579  2760.038062  2882.169546  3197.000000
  1265.560059  2537.000000  2666.354679  2786.754325  2907.153972  3253.000000
  1275.660034  2553.000000  2654.717050  2779.692042  2904.667033  3190.000000
  1285.760010  2455.000000  2556.456969  2676.608997  2796.761024  3078.000000
  1295.859985  2370.000000  2470.896658  2586.491349  2702.086041  3043.000000
  1305.959961  2284.000000  2381.082517  2501.152249  2621.221981  2945.000000
  1316.050049  2114.000000  2197.551133  2314.757785  2431.964438  2743.000000
  1326.050049  1979.000000  2052.616915  2178.373702  2304.130490  2638.000000
  1336.150024  1719.000000  1935.483713  2097.820069  2260.156425  2636.000000
  1346.250000   863.000000  1994.518666  2426.456747  2858.394829  3511.000000
  1356.349976     0.000000     0.000000     0.000000     0.000000     0.000000
  1366.449951     0.000000     0.000000     0.000000     0.000000     0.000000
  1376.550049     0.000000     0.000000     0.000000     0.000000     0.000000
  1386.650024     0.000000     0.000000     0.000000     0.000000     0.000000
  1396.739990     0.000000     0.000000     0.000000     0.000000     0.000000
  1406.839966     0.000000     0.000000     0.000000     0.000000     0.000000
  1416.939941     0.000000     0.000000     0.000000     0.000000     0.000000
  1426.939941     0.000000     0.000000     0.000000     0.000000     0.000000
  1437.040039     0.000000     0.000000     0.000000     0.000000     0.000000
  1447.140015     0.000000     0.000000     0.000000     0.000000     0.000000
  1457.229980  -261.000000  -223.369178   162.138408   547.645994  1497.000000
  1467.329956  -317.000000  -407.134242    50.480969   508.096180  1892.000000
  1477.430054  -221.000000  -263.230772    99.000000   461.230772  1418.000000
  1487.530029  -105.000000    93.816202   283.432526   473.048850  1013.000000
  1497.630005   382.000000   460.364653   545.249135   630.133617   932.000000
  1507.729980   448.000000   499.394457   580.501730   661.609003   972.000000
  1517.829956   506.000000   540.144241   630.093426   720.042610  1025.000000
  1527.920044   511.000000   573.381427   667.280277   761.179127  1073.000000
  1537.920044   591.000000   629.645331   722.833910   816.022489  1138.000000
  1548.020020   645.000000   674.089246   774.183391   874.277536  1212.000000
  1558.119995   695.000000   722.594843   825.588235   928.581628  1261.000000
  1568.219971   719.000000   774.296146   882.865052   991.433958  1337.000000
  1578.319946   771.000000   801.428151   911.674740  1021.921330  1385.000000
  1588.420044   788.000000   836.593739   951.636678  1066.679618  1494.000000
  1598.510010   846.000000   868.227451   982.373702  1096.519954  1481.000000
  1608.609985   877.000000   817.937167  1029.262976  1240.588784  3877.000000
  1618.709961   883.000000   902.500983  1016.162630  1129.824277  1616.000000
  1628.810059   901.000000   930.216300  1045.851211  1161.486122  1584.000000
  1638.810059   850.000000   878.703210  1050.318339  1221.933468  3137.000000
  1648.900024   886.000000   943.121943  1060.681661  1178.241378  1608.000000
  1659.000000   968.000000   987.567820  1095.660900  1203.753979  1606.000000
  1669.099976   954.000000   984.643628  1090.013841  1195.384054  1575.000000
  1679.199951   966.000000   997.925844  1100.069204  1202.212564  1545.000000
  1689.300049   945.000000   810.133271  1093.051903  1375.970535  5556.000000
  1699.400024   920.000000   939.280771  1047.391003  1155.501236  1617.000000
  1709.500000   895.000000   920.086760  1023.553633  1127.020506  1460.000000
  1719.599976   830.000000   885.127128   991.276817  1097.426505  1422.000000
  1729.699951   785.000000   847.504416   949.384083  1051.263750  1389.000000
  1739.699951   760.000000   816.014946   914.096886  1012.178826  1318.000000
  1749.790039   724.000000   768.189948   884.020761   999.851575  1919.000000
  1759.890015   695.000000   733.882696   825.114187   916.345677  1204.000000
  1769.989990   625.000000   706.854914   806.733564   906.612214  1233.000000
  1780.089966   557.000000   716.020221   824.370242   932.720263  1177.000000
  1790.189941   245.000000   674.626437   859.349481  1044.072525  1400.000000
  1800.290039     0.000000     0.000000     0.000000     0.000000     0.000000
  1810.380005     0.000000     0.000000     0.000000     0.000000     0.000000
  1820.479980     0.000000     0.000000     0.000000     0.000000     0.000000
  1830.579956     0.000000     0.000000     0.000000     0.000000     0.000000
  1840.579956     0.000000     0.000000     0.000000     0.000000     0.000000
  1850.680054     0.000000     0.000000     0.000000     0.000000     0.000000
  1860.780029     0.000000     0.000000     0.000000     0.000000     0.000000
  1870.869995     0.000000     0.000000     0.000000     0.000000     0.000000
  1880.979980     0.000000     0.000000     0.000000     0.000000     0.000000
  1891.069946     0.000000     0.000000     0.000000     0.000000     0.000000
  1901.170044     0.000000     0.000000     0.000000     0.000000     0.000000
  1911.270020     0.000000     0.000000     0.000000     0.000000     0.000000
  1921.369995     0.000000     0.000000     0.000000     0.000000     0.000000
  1931.469971     0.000000     0.000000     0.000000     0.000000     0.000000
  1941.569946     0.000000     0.000000     0.000000     0.000000     0.000000
  1951.569946     0.000000     0.000000     0.000000     0.000000     0.000000
  1961.660034   -84.000000  -245.769350   149.778547   545.326443  1664.000000
  1971.760010   -33.000000   -66.687875    68.477509   203.642892   520.000000
  1981.859985   -26.000000   -48.302673    15.256055    78.814784   294.000000
  1991.959961   -26.000000  -100.972567    16.553633   134.079833  1376.000000
  2002.060059   -45.000000  -110.275400   -28.903114    52.469172   696.000000
  2012.150024   -34.000000   -95.531733   -17.259516    61.012702   867.000000
  2022.250000   -19.000000   -93.114020   166.242215   425.598449  4150.000000
  2032.349976   -16.000000    99.948314   178.754325   257.560336   426.000000
  2042.449951   -17.000000    66.511272   146.141869   225.772465   351.000000
  2052.449951   -19.000000    20.756260   132.076125   243.395989   467.000000
  2062.550049   -18.000000   142.623798   270.332180   398.040562   622.000000
  2072.649902    14.000000   161.279331   276.553633   391.827935   586.000000
  2082.750000   -17.000000   114.861824   206.318339   297.774854   443.000000
  2092.840088    24.000000   127.352619   212.186851   297.021083   453.000000
  2102.939941   120.000000   204.284308   287.290657   370.297007   615.000000
  2113.040039   114.000000   211.689584   298.733564   385.777544   656.000000
  2123.139893     6.000000   149.941291   234.373702   318.806114   566.000000
  2133.239990    37.000000   150.979346   239.778547   328.577747   598.000000
  2143.340088   145.000000   252.887916   327.910035   402.932153   667.000000
  2153.340088   136.000000   256.482909   339.858131   423.233354   752.000000
  2163.429932    87.000000   178.048434   266.100346   354.152258   673.000000
  2173.530029    88.000000   175.236800   267.916955   360.597110   687.000000
  2183.629883   245.000000   352.589998   427.740484   502.890971   711.000000
  2193.729980   244.000000   352.772549   429.955017   507.137485   701.000000
  2203.830078   197.000000   285.992382   372.214533   458.436684   689.000000
  2213.929932   192.000000   281.681819   364.131488   446.581157   644.000000
  2224.030029   276.000000   358.999585   433.058824   507.118062   719.000000
  2234.120117   259.000000   349.423501   421.408304   493.393108   701.000000
  2244.219971   192.000000   294.667977   359.128028   423.588078   611.000000
  2254.219971   153.000000   266.695969   338.207612   409.719255   569.000000
  2264.320068   207.000000   293.689922   361.453287   429.216653   605.000000
  2274.419922   200.000000   269.291092   345.698962   422.106832   646.000000
  2284.520020    82.000000   222.410470   310.273356   398.136243   658.000000
  2294.610107    30.000000   179.619669   288.231834   396.843999   670.000000
  2304.709961    61.000000   215.445775   293.332180   371.218585   621.000000
  2314.810059    31.000000   182.092739   271.622837   361.152936   590.000000
  2324.909912   -13.000000   184.479091   267.197232   349.915373   503.000000
  2335.010010   -14.000000   151.240638   247.100346   342.960054   494.000000
  2345.110107   -16.000000   105.089595   271.951557   438.813519   838.000000
  2355.209961   -15.000000    67.404036   275.100346   482.796656   886.000000
  2365.199951   -15.000000    44.659537   268.626298   492.593058  1004.000000
  2375.300049   -18.000000   -51.901939   325.761246   703.424430  1492.000000
  2385.399902   -20.000000   -23.037549   456.865052   936.767652  1910.000000
  2395.500000   -18.000000   -81.588771   497.709343  1077.007456  2113.000000
