ENVI ASCII Plot File [Thu Mar 10 17:36:59 2016]
Column 1: Wavelength
Column 2: Min: Cultivo_alto~~2##255,0,0
Column 3: Min-StdDev: Cultivo_alto~~21##0,200,0
Column 4: Mean: Cultivo_alto~~0##0,0,0
Column 5: Min+StdDev: Cultivo_alto~~21##0,200,0
Column 6: Max: Cultivo_alto~~2##255,0,0
   426.820007   -83.000000   139.976099   216.183908   292.391717    436.000000
   436.989990   -95.000000   123.212972   184.262069   245.311166    354.000000
   447.170013  -171.000000    24.524060    79.213793   133.903526    235.000000
   457.339996   -83.000000    49.749356    87.573563   125.397770    204.000000
   467.519989    11.000000   108.641853   143.921839   179.201825    568.000000
   477.690002    89.000000   174.744946   198.343678   221.942410    262.000000
   487.869995   106.000000   191.305249   213.613793   235.922338    291.000000
   498.040009   156.000000   196.769307   238.343678   279.918050   1108.000000
   508.220001   199.000000   262.999416   282.404598   301.809780    336.000000
   518.390015   258.000000   319.958331   340.620690   361.283048    396.000000
   528.570007   324.000000   394.388370   416.522989   438.657608    476.000000
   538.739990   367.000000   440.258970   461.895402   483.531834    517.000000
   548.919983   402.000000   464.355323   486.037931   507.720539    551.000000
   559.090027   410.000000   464.590789   485.055172   505.519555    544.000000
   569.270020   367.000000   426.264459   447.163218   468.061978    522.000000
   579.450012   333.000000   386.687567   406.601149   426.514731    507.000000
   589.619995   308.000000   368.102459   388.657471   409.212484    492.000000
   599.799988   296.000000   363.459846   385.585057   407.710269    504.000000
   609.969971   299.000000   351.799393   373.836782   395.874171    562.000000
   620.150024   279.000000   324.579263   347.357471   370.135679    495.000000
   630.320007   269.000000   312.952684   336.557471   360.162259    482.000000
   640.500000   260.000000   303.362510   326.239080   349.115651    485.000000
   650.669983   235.000000   288.588035   313.149425   337.710815    491.000000
   660.849976   210.000000   256.640581   281.872414   307.104247    466.000000
   671.020020   190.000000   238.067044   263.039080   288.011117    470.000000
   681.200012   198.000000   228.774740   260.655172   292.535605    854.000000
   691.369995   226.000000   272.389361   297.989655   323.589949    508.000000
   701.549988   408.000000   444.227585   473.398851   502.570116    811.000000
   711.719971   876.000000   921.146363   978.143678  1035.140993   2246.000000
   721.900024  1323.000000  1433.555421  1491.417241  1549.279062   1754.000000
   732.070007  1831.000000  1990.931274  2078.521839  2166.112404   2340.000000
   742.250000  2088.000000  2289.709522  2406.000000  2522.290478   2776.000000
   752.429993  2225.000000  2432.016580  2570.558621  2709.100661   3010.000000
   762.599976  2368.000000  2609.851110  2752.080460  2894.309810   3239.000000
   772.780029  2477.000000  2774.289825  2929.718391  3085.146957   3409.000000
   782.950012  2496.000000  2733.333790  2890.356322  3047.378853   3373.000000
   793.130005  2491.000000  2757.053066  2914.559770  3072.066474   3357.000000
   803.299988  2546.000000  2805.008491  2964.475862  3123.943233   3444.000000
   813.479980  2466.000000  2745.645334  2906.357471  3067.069608   3394.000000
   823.650024  2669.000000  2931.324702  3093.486207  3255.647712   3884.000000
   833.830017  2713.000000  2971.713483  3134.142529  3296.571574   3621.000000
   844.000000  2712.000000  2972.912815  3136.631034  3300.349254   3622.000000
   854.179993  2729.000000  2984.832755  3149.783908  3314.735062   3632.000000
   864.349976  2712.000000  2989.139222  3154.901149  3320.663077   3693.000000
   874.530029  2723.000000  2994.082590  3159.262069  3324.441548   3689.000000
   884.700012  2742.000000  3032.559072  3203.624138  3374.689204   3783.000000
   894.880005  2648.000000  2939.310956  3113.182759  3287.054562   3638.000000
   905.049988  2747.000000  2970.964133  3138.857471  3306.750809   3964.000000
   915.229980  2512.000000  2821.031992  3048.833333  3276.634674   7537.000000
   925.409973  2473.000000  2871.834983  3089.214943  3306.594902   4766.000000
   912.450012  2077.000000  2668.636656  3045.422989  3422.209321   7453.000000
   922.539978  2269.000000  2807.261857  3116.255172  3425.248488   4003.000000
   932.640015  1344.000000  2330.707985  2884.836782  3438.965579   4968.000000
   942.729980  1097.000000  2218.014025  2827.648276  3437.282527   5385.000000
   952.820007  1758.000000  2349.435982  2831.812644  3314.189305   6229.000000
   962.909973  2367.000000  2682.470790  2935.425287  3188.379785   3862.000000
   972.989990  2582.000000  2881.523495  3061.893103  3242.262712   3705.000000
   983.080017  2673.000000  2993.192619  3152.089655  3310.986691   3790.000000
   993.169983  2723.000000  2947.557036  3093.755172  3239.953309   3510.000000
  1003.299988  2676.000000  2949.236397  3109.673563  3270.110730   3604.000000
  1013.299988  2741.000000  2980.550361  3132.877011  3285.203662   3729.000000
  1023.400024  2824.000000  3068.667537  3225.708046  3382.748555   3785.000000
  1033.489990  2855.000000  3131.571634  3291.922989  3452.274343   3924.000000
  1043.589966  2952.000000  3168.981514  3330.360920  3491.740325   4103.000000
  1053.689941  2906.000000  3163.386923  3330.781609  3498.176296   4456.000000
  1063.790039  2864.000000  3146.661021  3306.490805  3466.320588   3845.000000
  1073.890015  2833.000000  3062.990016  3216.689655  3370.389294   3815.000000
  1083.989990  2771.000000  3008.620842  3153.670115  3298.719388   3833.000000
  1094.089966  2665.000000  2952.984237  3110.574713  3268.165188   3588.000000
  1104.189941  2522.000000  2790.245173  2950.557471  3110.869769   3377.000000
  1114.189941  2085.000000  2641.794013  2866.858621  3091.923229   3497.000000
  1124.280029  -475.000000  1389.193170  2322.620690  3256.048210   5107.000000
  1134.380005  1339.000000  2279.563398  2799.589655  3319.615912   4324.000000
  1144.479980  1137.000000  2091.137321  2550.550575  3009.963828   4279.000000
  1154.579956  1730.000000  2128.234888  2317.718391  2507.201893   2966.000000
  1164.680054  1963.000000  2141.655737  2267.147126  2392.638516   4054.000000
  1174.770020  2031.000000  2184.813975  2281.379310  2377.944646   2792.000000
  1184.869995  1986.000000  2144.680542  2236.902299  2329.124055   2660.000000
  1194.969971  1974.000000  2131.047645  2219.359770  2307.671896   2602.000000
  1205.069946  1972.000000  2145.590984  2237.573563  2329.556143   2604.000000
  1215.170044  1988.000000  2136.579564  2224.979310  2313.379056   2615.000000
  1225.170044  2058.000000  2213.718766  2301.385057  2389.051349   2681.000000
  1235.270020  2169.000000  2286.357343  2380.386207  2474.415071   2850.000000
  1245.359985  2207.000000  2334.926671  2431.262069  2527.597467   2839.000000
  1255.459961  2299.000000  2411.808793  2501.979310  2592.149828   2996.000000
  1265.560059  2281.000000  2415.048304  2506.780460  2598.512615   3150.000000
  1275.660034  2228.000000  2402.753108  2500.773563  2598.794019   3001.000000
  1285.760010  2198.000000  2348.572910  2440.106897  2531.640883   2928.000000
  1295.859985  2150.000000  2312.172475  2412.790805  2513.409134   2844.000000
  1305.959961  -142.000000  1843.362354  2321.035632  2798.708910   2900.000000
  1316.050049  2032.000000  2164.403623  2259.791954  2355.180285   2996.000000
  1326.050049  1827.000000  2006.095607  2117.104598  2228.113588   2567.000000
  1336.150024  1316.000000  1724.349316  1945.106897  2165.864477   2600.000000
  1346.250000  -102.000000  1321.223752  2072.529885  2823.836018   9530.000000
  1356.349976     0.000000     0.000000     0.000000     0.000000      0.000000
  1366.449951     0.000000     0.000000     0.000000     0.000000      0.000000
  1376.550049     0.000000     0.000000     0.000000     0.000000      0.000000
  1386.650024     0.000000     0.000000     0.000000     0.000000      0.000000
  1396.739990     0.000000     0.000000     0.000000     0.000000      0.000000
  1406.839966     0.000000     0.000000     0.000000     0.000000      0.000000
  1416.939941     0.000000     0.000000     0.000000     0.000000      0.000000
  1426.939941     0.000000     0.000000     0.000000     0.000000      0.000000
  1437.040039     0.000000     0.000000     0.000000     0.000000      0.000000
  1447.140015     0.000000     0.000000     0.000000     0.000000      0.000000
  1457.229980  -439.000000  -322.187411   399.454023  1121.095457   2892.000000
  1467.329956  -573.000000  -673.563574   413.902299  1501.368171  15197.000000
  1477.430054  -247.000000   118.282230   663.614943  1208.947655   7798.000000
  1487.530029    20.000000   344.856297   533.405747   721.955197   1082.000000
  1497.630005   307.000000   435.235818   506.964368   578.692918    828.000000
  1507.729980   414.000000   490.055507   551.406897   612.758286    832.000000
  1517.829956   481.000000   581.803196   634.845977   687.888758    937.000000
  1527.920044   513.000000   608.068294   660.541379   713.014464    948.000000
  1537.920044   591.000000   643.093366   692.996552   742.899738   1042.000000
  1548.020020   608.000000   680.291733   733.459770   786.627807   1077.000000
  1558.119995   660.000000   691.748118   773.243678   854.739238   2579.000000
  1568.219971   691.000000   755.417636   813.135632   870.853628   1241.000000
  1578.319946   722.000000   736.386142   847.828736   959.271329   3548.000000
  1588.420044   722.000000   370.025662   897.016092  1424.006522  16122.000000
  1598.510010   779.000000   703.444949   905.514943  1107.584936   6612.000000
  1608.609985   809.000000   876.534249   934.758621   992.982992   1279.000000
  1618.709961   845.000000   913.074272   968.339080  1023.603889   1382.000000
  1628.810059   879.000000   936.711205   990.114943  1043.518680   1370.000000
  1638.810059   871.000000   943.778701  1001.365517  1058.952333   1361.000000
  1648.900024   885.000000   951.655566  1011.008046  1070.360526   1401.000000
  1659.000000   909.000000   976.324656  1034.212644  1092.100632   1396.000000
  1669.099976   901.000000   970.547032  1034.902299  1099.257565   1577.000000
  1679.199951   888.000000   951.346956  1010.167816  1068.988676   1394.000000
  1689.300049   841.000000   925.504226   982.991954  1040.479682   1344.000000
  1699.400024   849.000000   910.362642   963.605747  1016.848853   1298.000000
  1709.500000   814.000000   881.418101   937.250575   993.083048   1286.000000
  1719.599976   778.000000   844.407121   898.605747   952.804374   1213.000000
  1729.699951   690.000000   803.133705   865.364368   927.595030   1723.000000
  1739.699951   680.000000   793.499519   846.044828   898.590137   1233.000000
  1749.790039   645.000000   712.342053   826.713793   941.085533   3742.000000
  1759.890015   609.000000   726.922928   784.372414   841.821900   1101.000000
  1769.989990   532.000000   694.802059   770.764368   846.726677   1124.000000
  1780.089966   436.000000   652.071509   767.708046   883.344583   1149.000000
  1790.189941    77.000000   599.114051   825.150575  1051.187099   1630.000000
  1800.290039     0.000000     0.000000     0.000000     0.000000      0.000000
  1810.380005     0.000000     0.000000     0.000000     0.000000      0.000000
  1820.479980     0.000000     0.000000     0.000000     0.000000      0.000000
  1830.579956     0.000000     0.000000     0.000000     0.000000      0.000000
  1840.579956     0.000000     0.000000     0.000000     0.000000      0.000000
  1850.680054     0.000000     0.000000     0.000000     0.000000      0.000000
  1860.780029     0.000000     0.000000     0.000000     0.000000      0.000000
  1870.869995     0.000000     0.000000     0.000000     0.000000      0.000000
  1880.979980     0.000000     0.000000     0.000000     0.000000      0.000000
  1891.069946     0.000000     0.000000     0.000000     0.000000      0.000000
  1901.170044     0.000000     0.000000     0.000000     0.000000      0.000000
  1911.270020     0.000000     0.000000     0.000000     0.000000      0.000000
  1921.369995     0.000000     0.000000     0.000000     0.000000      0.000000
  1931.469971     0.000000     0.000000     0.000000     0.000000      0.000000
  1941.569946     0.000000     0.000000     0.000000     0.000000      0.000000
  1951.569946     0.000000     0.000000     0.000000     0.000000      0.000000
  1961.660034  -105.000000  -305.326864    32.909195   371.145254   2410.000000
  1971.760010   -36.000000  -577.399199    47.480460   672.360119  18170.000000
  1981.859985   -25.000000   -42.909690    34.032184   110.974057    395.000000
  1991.959961   -26.000000   -50.238659    32.829885   115.898429    458.000000
  2002.060059   -54.000000  -157.511050     3.828736   165.168521    896.000000
  2012.150024   -39.000000  -137.078330    22.486207   182.050744   1194.000000
  2022.250000   -20.000000     2.954692   185.096552   367.238411   3460.000000
  2032.349976   -17.000000    98.113678   192.403448   286.693219    485.000000
  2042.449951   -18.000000    39.722844   124.620690   209.518535    399.000000
  2052.449951   -20.000000   -23.043145   101.087356   225.217857    575.000000
  2062.550049   -19.000000   180.216221   293.060920   405.905619    650.000000
  2072.649902    28.000000   152.138818   304.172414   456.206009   3701.000000
  2082.750000   -17.000000   124.547476   206.250575   287.953673    502.000000
  2092.840088   -17.000000   120.429703   205.698851   290.967998    512.000000
  2102.939941   109.000000   222.614460   286.197701   349.780942    566.000000
  2113.040039   114.000000   227.523240   293.757471   359.991702    557.000000
  2123.139893   -16.000000   141.982592   232.279310   322.576028    555.000000
  2133.239990    16.000000   150.335998   237.152874   323.969749    553.000000
  2143.340088   106.000000   269.939066   346.029885   422.120704    616.000000
  2153.340088   116.000000   272.368740   358.082759   443.796777    668.000000
  2163.429932   -16.000000   136.158802   222.620690   309.082577    507.000000
  2173.530029    36.000000   142.301029   232.449425   322.597822    537.000000
  2183.629883   -18.000000   289.530921   389.578161   489.625401    644.000000
  2193.729980   170.000000   334.631813   404.082759   473.533704    651.000000
  2203.830078   163.000000   281.467970   357.389655   433.311341    599.000000
  2213.929932   165.000000   283.011730   354.965517   426.919304    619.000000
  2224.030029   257.000000   342.149006   400.975862   459.802718    668.000000
  2234.120117   251.000000   331.706358   393.145977   454.585596    660.000000
  2244.219971    90.000000   256.399047   336.737931   417.076815    616.000000
  2254.219971    74.000000   226.435840   315.687356   404.938872    600.000000
  2264.320068   113.000000   249.337919   313.909195   378.480472    538.000000
  2274.419922   120.000000   226.938578   294.801149   362.663721    538.000000
  2284.520020    24.000000   225.674282   295.234483   364.794684    529.000000
  2294.610107   -15.000000   192.846005   280.087356   367.328707    547.000000
  2304.709961    27.000000    10.698795   275.537931   540.377067   7681.000000
  2314.810059   -15.000000   117.596688   256.827586   396.058484   2786.000000
  2324.909912    33.000000   151.892261   242.418391   332.944520   1389.000000
  2335.010010   -15.000000   125.383933   227.932184   330.480435    620.000000
  2345.110107   -17.000000    54.636165   225.283908   395.931651    760.000000
  2355.209961   -16.000000    17.434928   224.237931   431.040934    937.000000
  2365.199951   -18.000000  -413.110087   268.798851   950.707788  19152.000000
  2375.300049   -21.000000  -975.526941   376.539080  1728.605102  30789.000000
  2385.399902   -20.000000  -117.644412   378.751724   875.147860   2289.000000
  2395.500000   -18.000000  -150.261503   420.372414   991.006331   3272.000000
