ENVI ASCII Plot File [Thu Mar 10 17:37:29 2016]
Column 1: Wavelength
Column 2: Min: Selva_baja~~2##255,0,0
Column 3: Min-StdDev: Selva_baja~~21##0,200,0
Column 4: Mean: Selva_baja~~0##0,0,0
Column 5: Min+StdDev: Selva_baja~~21##0,200,0
Column 6: Max: Selva_baja~~2##255,0,0
   426.820007     -63.000000   120.243695   204.025210   287.806725   2008.000000
   436.989990       4.000000   131.387482   185.385154   239.382826    400.000000
   447.170013    -244.000000   -24.270486    47.225140   118.720767   2311.000000
   457.339996    -139.000000   -56.893987    51.699930   160.293847   4069.000000
   467.519989      26.000000    83.803311   116.023810   148.244308    858.000000
   477.690002     108.000000   166.780666   190.710434   214.640202    526.000000
   487.869995     106.000000    -3.435616   177.855742   359.147100   7255.000000
   498.040009     134.000000   130.191509   199.574580   268.957651   3573.000000
   508.220001     180.000000   228.911373   249.053571   269.195770    399.000000
   518.390015     210.000000   258.122821   281.895658   305.668495    854.000000
   528.570007     291.000000   338.716272   362.160014   385.603757    462.000000
   538.739990     313.000000   384.630587   413.799720   442.968853    569.000000
   548.919983     365.000000   425.126761   454.944328   484.761894    574.000000
   559.090027     376.000000   440.422548   472.035014   503.647480    749.000000
   569.270020     344.000000   417.856224   449.739146   481.622068    574.000000
   579.450012     301.000000   346.223780   393.948179   441.672579   2207.000000
   589.619995     283.000000   351.606125   379.746148   407.886172    605.000000
   599.799988     260.000000   330.150042   356.121499   382.092956    561.000000
   609.969971     266.000000   316.792674   348.680672   380.568670   1305.000000
   620.150024     238.000000   300.378114   324.245798   348.113483    409.000000
   630.320007     226.000000   286.498356   310.983193   335.468030    427.000000
   640.500000     221.000000   268.282171   294.957983   321.633795    940.000000
   650.669983     216.000000   266.270163   294.863796   323.457428    945.000000
   660.849976     174.000000   230.587645   253.375000   276.162355    366.000000
   671.020020     181.000000   220.569677   242.984594   265.399510    454.000000
   681.200012     175.000000   222.065727   243.019608   263.973488    474.000000
   691.369995     212.000000   255.795291   278.072129   300.348966    374.000000
   701.549988     329.000000   378.255344   405.763305   433.271266    515.000000
   711.719971     812.000000   938.057145   995.714986  1053.372827   1319.000000
   721.900024    1260.000000  1419.519427  1499.970938  1580.422450   1843.000000
   732.070007    1690.000000  1918.454154  2036.088235  2153.722317   2534.000000
   742.250000    2129.000000  2357.233651  2485.305322  2613.376993   3009.000000
   752.429993    2349.000000  2697.108906  2854.286415  3011.463923   3557.000000
   762.599976    2440.000000  2820.474043  2998.765756  3177.057469   4093.000000
   772.780029    2669.000000  2981.373236  3145.244048  3309.114860   3919.000000
   782.950012    2714.000000  3073.009864  3252.158964  3431.308063   4117.000000
   793.130005    2732.000000  3103.371436  3282.648459  3461.925483   4547.000000
   803.299988    2758.000000  3141.276442  3317.732843  3494.189244   3945.000000
   813.479980    2798.000000  3214.806658  3424.252101  3633.697544   4298.000000
   823.650024    2895.000000  3236.252208  3410.428922  3584.605636   4279.000000
   833.830017    2920.000000  3264.699458  3436.046569  3607.393679   4118.000000
   844.000000    2948.000000  3292.111446  3466.613796  3641.116145   4114.000000
   854.179993    2967.000000  3321.456587  3543.601891  3765.747195  10364.000000
   864.349976    3015.000000  3358.485873  3543.048319  3727.610765   4805.000000
   874.530029    2970.000000  3354.604498  3539.601891  3724.599283   4180.000000
   884.700012    3045.000000  3450.032679  3640.141457  3830.250234   4274.000000
   894.880005    3035.000000  3478.908076  3705.210784  3931.513493   4492.000000
   905.049988    2912.000000  3408.448383  3602.325280  3796.202177   4327.000000
   915.229980    2956.000000  3334.976626  3550.757353  3766.538080   5671.000000
   925.409973    2897.000000  3362.216648  3621.224790  3880.232931   9756.000000
   912.450012    2270.000000  3084.861918  3654.920168  4224.978418  24317.000000
   922.539978    2646.000000  3280.433028  3682.569328  4084.705628  12829.000000
   932.640015    2005.000000  3001.861181  3674.678571  4347.495962  17703.000000
   942.729980    1635.000000  3189.904608  3861.064426  4532.224243   7544.000000
   952.820007    2055.000000  3066.961173  3498.593838  3930.226502   4890.000000
   962.909973    2631.000000  3270.599854  3533.205182  3795.810511   9009.000000
   972.989990    2975.000000  3313.969420  3575.333333  3836.697247  10497.000000
   983.080017    3053.000000  3451.944015  3646.031162  3840.118310   4426.000000
   993.169983    3100.000000  3505.440700  3690.397409  3875.354118   4343.000000
  1003.299988    3153.000000  3535.190552  3724.368347  3913.546143   4600.000000
  1013.299988    3205.000000  3524.371850  3717.228641  3910.085433   4637.000000
  1023.400024    3210.000000  3601.427358  3800.693627  3999.959897   4512.000000
  1033.489990    3223.000000  3666.736632  3872.021008  4077.305385   4567.000000
  1043.589966    3316.000000  3692.294536  3898.053571  4103.812607   5366.000000
  1053.689941    3353.000000  3707.520839  3912.744748  4117.968657   5653.000000
  1063.790039    3318.000000  3683.031080  3882.431373  4081.831665   5225.000000
  1073.890015    3171.000000  3530.921641  3740.752451  3950.583261   6553.000000
  1083.989990    3178.000000  3529.511903  3729.597339  3929.682775   4729.000000
  1094.089966    3161.000000  3545.306186  3745.511204  3945.716223   4402.000000
  1104.189941    3110.000000  3479.793805  3676.592787  3873.391769   4392.000000
  1114.189941    2857.000000  3342.299847  3597.818627  3853.337408   4670.000000
  1124.280029    1106.000000  2490.260226  3103.444678  3716.629130  11459.000000
  1134.380005    2293.000000  3033.179210  3382.033263  3730.887316   5156.000000
  1144.479980    2260.000000  2762.449456  3204.369398  3646.289339  20020.000000
  1154.579956    2395.000000  2796.867491  3011.769608  3226.671725   6126.000000
  1164.680054    2437.000000  2821.731998  2983.866597  3146.001195   4172.000000
  1174.770020    2454.000000  2753.886199  2930.270308  3106.654417   6695.000000
  1184.869995    2424.000000  2748.802662  2913.422269  3078.041876   4227.000000
  1194.969971    2522.000000  2797.801262  2970.331583  3142.861903   5753.000000
  1205.069946    2539.000000  2835.365489  3003.693277  3172.021065   3664.000000
  1215.170044    2592.000000  2884.904783  3061.416317  3237.927850   3735.000000
  1225.170044    2664.000000  2964.728143  3142.152661  3319.577179   3830.000000
  1235.270020    2750.000000  3038.860565  3221.307423  3403.754281   3922.000000
  1245.359985    2828.000000  3104.464181  3290.173319  3475.882458   4039.000000
  1255.459961    2845.000000  3138.247577  3324.987395  3511.727213   4052.000000
  1265.560059    2786.000000  3121.844317  3307.062675  3492.281033   4401.000000
  1275.660034    2816.000000  3117.836164  3301.470238  3485.104312   4631.000000
  1285.760010    2717.000000  3044.282189  3223.446779  3402.611368   4331.000000
  1295.859985    2647.000000  2979.002953  3152.869398  3326.735842   3806.000000
  1305.959961    2577.000000  2948.638637  3125.512605  3302.386573   3832.000000
  1316.050049    2538.000000  2850.163162  3034.719538  3219.275914   4806.000000
  1326.050049    2317.000000  2602.103352  2913.080532  3224.057713  16064.000000
  1336.150024    1585.000000  2671.058931  2946.039216  3221.019500   4018.000000
  1346.250000     850.000000  2439.177750  3178.058123  3916.938496   8047.000000
  1356.349976       0.000000     0.000000     0.000000     0.000000      0.000000
  1366.449951       0.000000     0.000000     0.000000     0.000000      0.000000
  1376.550049       0.000000     0.000000     0.000000     0.000000      0.000000
  1386.650024       0.000000     0.000000     0.000000     0.000000      0.000000
  1396.739990       0.000000     0.000000     0.000000     0.000000      0.000000
  1406.839966       0.000000     0.000000     0.000000     0.000000      0.000000
  1416.939941       0.000000     0.000000     0.000000     0.000000      0.000000
  1426.939941       0.000000     0.000000     0.000000     0.000000      0.000000
  1437.040039       0.000000     0.000000     0.000000     0.000000      0.000000
  1447.140015       0.000000     0.000000     0.000000     0.000000      0.000000
  1457.229980    -318.000000  -345.721185   171.704832   689.130849   6524.000000
  1467.329956    -388.000000  -594.773998    41.680322   678.134643  16296.000000
  1477.430054    -270.000000  -187.093583   664.125700  1515.344984  26871.000000
  1487.530029     123.000000   561.959026   811.807773  1061.656520   5306.000000
  1497.630005     678.000000   835.809094   929.532563  1023.256032   1345.000000
  1507.729980     754.000000   897.540596   982.355392  1067.170188   1309.000000
  1517.829956     776.000000   940.210670  1031.739846  1123.269022   1650.000000
  1527.920044     812.000000   985.842956  1089.947129  1194.051302   3690.000000
  1537.920044     939.000000  1095.743993  1181.524510  1267.305027   1505.000000
  1548.020020     991.000000  1157.344096  1254.691527  1352.038958   2790.000000
  1558.119995    1080.000000  1225.948366  1328.645308  1431.342250   3315.000000
  1568.219971    1129.000000  1298.793490  1404.015406  1509.237322   2557.000000
  1578.319946    1202.000000  1362.598061  1465.229692  1567.861322   2409.000000
  1588.420044    1262.000000  1415.507030  1521.210084  1626.913138   2297.000000
  1598.510010    1260.000000  1445.212747  1558.654062  1672.095376   3773.000000
  1608.609985    1324.000000  1496.796592  1603.893207  1710.989822   2246.000000
  1618.709961    1380.000000  1537.378335  1646.514006  1755.649676   2464.000000
  1628.810059    1418.000000  1571.856076  1679.864496  1787.872916   2055.000000
  1638.810059    1452.000000  1633.095420  1740.109944  1847.124468   2121.000000
  1648.900024    1473.000000  1649.898963  1760.016106  1870.133250   2633.000000
  1659.000000    1411.000000  1611.592368  1724.482493  1837.372618   2166.000000
  1669.099976    1402.000000  1566.396496  1718.547619  1870.698742   7198.000000
  1679.199951    1404.000000  1578.049363  1693.906513  1809.763662   3724.000000
  1689.300049    1351.000000  1544.630694  1652.416667  1760.202639   2104.000000
  1699.400024    1328.000000  1506.347262  1615.485294  1724.623327   2030.000000
  1709.500000    1271.000000  1471.662976  1579.760154  1687.857332   1970.000000
  1719.599976    1257.000000  1409.102000  1531.726190  1654.350381   4667.000000
  1729.699951    1211.000000  1381.750635  1483.165266  1584.579898   1835.000000
  1739.699951    1159.000000  1328.104604  1444.993347  1561.882090   4200.000000
  1749.790039    1141.000000  1286.106269  1407.938725  1529.771182   4860.000000
  1759.890015    1092.000000  1260.660586  1360.297269  1459.933951   1807.000000
  1769.989990    1045.000000  1233.516739  1346.463936  1459.411132   2928.000000
  1780.089966     970.000000  1200.740463  1371.269958  1541.799453   7410.000000
  1790.189941     716.000000  1180.572896  1385.890406  1591.207917   2190.000000
  1800.290039       0.000000     0.000000     0.000000     0.000000      0.000000
  1810.380005       0.000000     0.000000     0.000000     0.000000      0.000000
  1820.479980       0.000000     0.000000     0.000000     0.000000      0.000000
  1830.579956       0.000000     0.000000     0.000000     0.000000      0.000000
  1840.579956       0.000000     0.000000     0.000000     0.000000      0.000000
  1850.680054       0.000000     0.000000     0.000000     0.000000      0.000000
  1860.780029       0.000000     0.000000     0.000000     0.000000      0.000000
  1870.869995       0.000000     0.000000     0.000000     0.000000      0.000000
  1880.979980       0.000000     0.000000     0.000000     0.000000      0.000000
  1891.069946       0.000000     0.000000     0.000000     0.000000      0.000000
  1901.170044       0.000000     0.000000     0.000000     0.000000      0.000000
  1911.270020       0.000000     0.000000     0.000000     0.000000      0.000000
  1921.369995       0.000000     0.000000     0.000000     0.000000      0.000000
  1931.469971       0.000000     0.000000     0.000000     0.000000      0.000000
  1941.569946       0.000000     0.000000     0.000000     0.000000      0.000000
  1951.569946       0.000000     0.000000     0.000000     0.000000      0.000000
  1961.660034     -95.000000  -649.800901    49.135504   748.071909  31296.000000
  1971.760010     -35.000000  -165.645742    57.480392   280.606526   8481.000000
  1981.859985     -28.000000     3.278511   152.357143   301.435775   3656.000000
  1991.959961     -29.000000     2.339535   145.651611   288.963687    763.000000
  2002.060059     -48.000000  -498.278195    40.379202   579.036599  26930.000000
  2012.150024     -35.000000  -199.238034    57.023810   313.285653   7804.000000
  2022.250000     -21.000000   162.108852   302.610994   443.113137    766.000000
  2032.349976      97.000000   266.897161   357.183473   447.469786    687.000000
  2042.449951      24.000000   225.905936   337.591036   449.276137   3946.000000
  2052.449951     -21.000000   167.566335   322.172969   476.779604   3647.000000
  2062.550049      67.000000   346.820465   481.352941   615.885417    893.000000
  2072.649902     127.000000   348.386571   502.380952   656.375334   5849.000000
  2082.750000     206.000000   392.829464   481.754202   570.678939   1135.000000
  2092.840088     182.000000   396.791501   507.808123   618.824745   3270.000000
  2102.939941     297.000000   495.568601   569.488095   643.407589    875.000000
  2113.040039     311.000000   430.774579   578.847339   726.920099   5558.000000
  2123.139893     302.000000   468.795557   542.463235   616.130914    778.000000
  2133.239990     302.000000   474.826039   553.102941   631.379844   1804.000000
  2143.340088     355.000000   543.571279   625.037815   706.504351   1005.000000
  2153.340088     346.000000   531.245287   642.476190   753.707094   3745.000000
  2163.429932     309.000000   477.411793   592.593487   707.775182   4483.000000
  2173.530029     320.000000   508.421941   600.963585   693.505230    924.000000
  2183.629883     449.000000   619.193113   692.091036   764.988960   1005.000000
  2193.729980     475.000000   582.027076   702.026261   822.025445   5709.000000
  2203.830078     410.000000   540.960391   691.402661   841.844931   6927.000000
  2213.929932     420.000000   542.844675   687.552521   832.260367   4443.000000
  2224.030029     458.000000   614.142151   692.234244   770.326336   2588.000000
  2234.120117     470.000000   583.526082   672.837885   762.149689   3462.000000
  2244.219971     423.000000   533.926655   616.832283   699.737911   2539.000000
  2254.219971     296.000000   503.262961   594.804622   686.346283   2073.000000
  2264.320068     319.000000   388.353496   600.074930   811.796364  10160.000000
  2274.419922     312.000000   490.915513   561.657913   632.400313    794.000000
  2284.520020     232.000000   445.303453   536.167367   627.031281   2609.000000
  2294.610107     171.000000   409.759942   504.902661   600.045380    845.000000
  2304.709961     185.000000   398.604355   478.114846   557.625337    732.000000
  2314.810059     103.000000   360.146992   455.547619   550.948246    770.000000
  2324.909912      59.000000   261.607957   444.388305   627.168654   9051.000000
  2335.010010     -17.000000   296.355133   416.075630   535.796127   3200.000000
  2345.110107     -19.000000   260.530862   405.333333   550.135805   1072.000000
  2355.209961     -18.000000   197.914580   379.783964   561.653347   1223.000000
  2365.199951     -19.000000   -20.625222   380.250350   781.125923  17992.000000
  2375.300049     -21.000000     1.093891   408.958683   816.823476   9436.000000
  2385.399902     -25.000000   -84.456816   488.317927  1061.092671   3473.000000
  2395.500000  -16947.000000  -276.026269   551.982843  1379.991955  16264.000000
