ENVI ASCII Plot File [Fri Mar 11 11:01:03 2016]
Column 1: Wavelength
Column 2: Min: A12_2~~2##255,0,0
Column 3: Min-StdDev: A12_2~~21##0,200,0
Column 4: Mean: A12_2~~0##0,0,0
Column 5: Min+StdDev: A12_2~~21##0,200,0
Column 6: Max: A12_2~~2##255,0,0
   426.820007   -55.000000   147.366596   238.044335   328.722074    679.000000
   436.989990    18.000000   111.809467   173.859606   235.909745    510.000000
   447.170013  -115.000000     9.812522    65.450739   121.088956    409.000000
   457.339996   -24.000000    26.605694    69.261084   111.916474    377.000000
   467.519989    51.000000    85.878441   125.524631   165.170821    408.000000
   477.690002   126.000000   157.035213   191.492611   225.950009    457.000000
   487.869995   104.000000   151.699913   186.238916   220.777920    444.000000
   498.040009   158.000000   181.795810   218.039409   254.283008    527.000000
   508.220001   202.000000   232.721666   269.766010   306.810353    546.000000
   518.390015   238.000000   290.751134   327.963054   365.174975    593.000000
   528.570007   323.000000   371.445404   410.460591   449.475779    635.000000
   538.739990   378.000000   432.088019   476.876847   521.665675    725.000000
   548.919983   402.000000   464.990540   515.081281   565.172021    738.000000
   559.090027   420.000000   477.048655   526.349754   575.650853    734.000000
   569.270020   379.000000   438.215850   484.761084   531.306318    707.000000
   579.450012   340.000000   387.296047   429.465517   471.634988    668.000000
   589.619995   326.000000   368.184033   409.839901   451.495770    643.000000
   599.799988   317.000000   358.500829   399.637931   440.775033    653.000000
   609.969971   299.000000   356.027704   396.197044   436.366385    636.000000
   620.150024   263.000000   331.411251   370.174877   408.938503    628.000000
   630.320007   276.000000   312.760820   349.921182   387.081545    598.000000
   640.500000   268.000000   301.272647   337.591133   373.909619    601.000000
   650.669983   257.000000   279.630720   314.891626   350.152531    574.000000
   660.849976   210.000000   247.266132   283.428571   319.591011    546.000000
   671.020020   210.000000   230.103791   264.352217   298.600642    519.000000
   681.200012   215.000000   229.268620   263.884236   298.499853    528.000000
   691.369995   236.000000   267.311008   301.854680   336.398351    550.000000
   701.549988   428.000000   488.149875   532.635468   577.121061    757.000000
   711.719971   937.000000  1091.067697  1170.716749  1250.365800   1454.000000
   721.900024  1479.000000  1727.154659  1834.724138  1942.293617   2180.000000
   732.070007  2187.000000  2519.272688  2662.879310  2806.485933   3090.000000
   742.250000  2400.000000  2764.867140  2925.142857  3085.418574   3454.000000
   752.429993  2365.000000  2737.357163  2906.113300  3074.869438   3421.000000
   762.599976  2499.000000  2917.764942  3091.891626  3266.018309   3627.000000
   772.780029  2926.000000  3371.798507  3577.399015  3782.999523   4203.000000
   782.950012  2732.000000  3195.289181  3391.741379  3588.193578   4014.000000
   793.130005  2841.000000  3269.288945  3467.539409  3665.789873   4036.000000
   803.299988  2872.000000  3329.368034  3530.714286  3732.060538   4106.000000
   813.479980  2763.000000  3164.275470  3355.793103  3547.310737   3935.000000
   823.650024  3186.000000  3637.523695  3852.716749  4067.909803   4528.000000
   833.830017  3238.000000  3725.128041  3942.236453  4159.344865   4576.000000
   844.000000  3159.000000  3640.693753  3862.399015  4084.104277   5013.000000
   854.179993  3113.000000  3596.070724  3803.381773  4010.692823   4440.000000
   864.349976  3128.000000  3574.015549  3779.211823  3984.408096   4381.000000
   874.530029  3158.000000  3562.448316  3768.593596  3974.738876   4388.000000
   884.700012  3228.000000  3627.510071  3832.105911  4036.701752   4482.000000
   894.880005  3102.000000  3445.051125  3642.741379  3840.431634   4144.000000
   905.049988  3383.000000  3745.585752  3958.891626  4172.197499   4614.000000
   915.229980  3201.000000  3596.814082  3825.381773  4053.949465   4483.000000
   925.409973  3236.000000  3712.379627  3959.736453  4207.093279   4613.000000
   912.450012  2968.000000  3779.656986  4248.413793  4717.170600   5535.000000
   922.539978  2851.000000  3707.018050  4113.610837  4520.203625   5199.000000
   932.640015  1971.000000  2838.221440  3431.736453  4025.251467   5180.000000
   942.729980  2129.000000  3164.358423  3940.103448  4715.848474   6481.000000
   952.820007  2533.000000  3401.896476  3857.413793  4312.931110   5224.000000
   962.909973  3482.000000  3847.467540  4089.842365  4332.217189   4779.000000
   972.989990  3496.000000  3945.505068  4177.376847  4409.248626   4945.000000
   983.080017  3455.000000  3979.719155  4196.024631  4412.330106   4822.000000
   993.169983  3445.000000  3937.049629  4144.246305  4351.442982   4766.000000
  1003.299988  3381.000000  3919.110969  4117.485222  4315.859475   4754.000000
  1013.299988  3486.000000  3917.895954  4121.911330  4325.926706   4765.000000
  1023.400024  3549.000000  3985.014716  4198.982759  4412.950801   4857.000000
  1033.489990  3581.000000  3949.178499  4202.647783  4456.117068   6878.000000
  1043.589966  3551.000000  4000.860729  4214.061576  4427.262423   4896.000000
  1053.689941  3558.000000  4042.027362  4256.854680  4471.681997   4976.000000
  1063.790039  3527.000000  3962.096386  4164.544335  4366.992284   4821.000000
  1073.890015  3406.000000  3872.066992  4080.384236  4288.701481   4692.000000
  1083.989990  3451.000000  3898.807005  4106.509852  4314.212699   4752.000000
  1094.089966  3407.000000  3956.854135  4171.502463  4386.150792   4708.000000
  1104.189941  3317.000000  3975.562323  4195.192118  4414.821913   4636.000000
  1114.189941  3098.000000  3633.955113  3919.566502  4205.177892   4640.000000
  1124.280029  -428.000000  2139.291970  3058.766010  3978.240050   5430.000000
  1134.380005  2600.000000  3242.155482  3721.004926  4199.854370   5499.000000
  1144.479980  2609.000000  3134.343679  3561.869458  3989.395237   5092.000000
  1154.579956  2710.000000  3251.167190  3484.642857  3718.118524   4222.000000
  1164.680054  2859.000000  3333.177526  3523.741379  3714.305233   3989.000000
  1174.770020  2829.000000  3217.595158  3400.746305  3583.897453   3834.000000
  1184.869995  2727.000000  3175.922135  3352.379310  3528.836486   3810.000000
  1194.969971  2762.000000  3228.531108  3413.179803  3597.828498   3888.000000
  1205.069946  2794.000000  3200.509730  3381.344828  3562.179926   3849.000000
  1215.170044  2805.000000  3271.619559  3459.374384  3647.129209   3901.000000
  1225.170044  2894.000000  3377.652020  3569.507389  3761.362758   4074.000000
  1235.270020  3106.000000  3462.745020  3650.687192  3838.629364   4212.000000
  1245.359985  3085.000000  3538.851385  3724.460591  3910.069797   4212.000000
  1255.459961  3074.000000  3526.299231  3719.078818  3911.858405   4299.000000
  1265.560059  2996.000000  3459.775617  3676.009852  3892.244087   5739.000000
  1275.660034  3048.000000  3476.757386  3708.793103  3940.828821   6584.000000
  1285.760010  3001.000000  3483.831959  3668.266010  3852.700061   4204.000000
  1295.859985  2983.000000  3514.733675  3703.248768  3891.763862   4287.000000
  1305.959961  2871.000000  3494.262791  3697.834975  3901.407160   4232.000000
  1316.050049  2841.000000  3345.640283  3568.918719  3792.197155   5603.000000
  1326.050049  2621.000000  3111.170178  3387.160099  3663.150019   6304.000000
  1336.150024  2370.000000  3025.305185  3350.411330  3675.517475   4081.000000
  1346.250000     0.000000     0.000000     0.000000     0.000000      0.000000
  1356.349976     0.000000     0.000000     0.000000     0.000000      0.000000
  1366.449951     0.000000     0.000000     0.000000     0.000000      0.000000
  1376.550049     0.000000     0.000000     0.000000     0.000000      0.000000
  1386.650024     0.000000     0.000000     0.000000     0.000000      0.000000
  1396.739990     0.000000     0.000000     0.000000     0.000000      0.000000
  1406.839966     0.000000     0.000000     0.000000     0.000000      0.000000
  1416.939941     0.000000     0.000000     0.000000     0.000000      0.000000
  1426.939941     0.000000     0.000000     0.000000     0.000000      0.000000
  1437.040039     0.000000     0.000000     0.000000     0.000000      0.000000
  1447.140015     0.000000     0.000000     0.000000     0.000000      0.000000
  1457.229980  -446.000000  -835.087283   -62.938424   709.210435  10448.000000
  1467.329956     0.000000     0.000000     0.000000     0.000000      0.000000
  1477.430054  -298.000000  -324.010922   280.307882   884.626685   3090.000000
  1487.530029   208.000000   558.206169   837.539409  1116.872649   1929.000000
  1497.630005   845.000000  1077.227259  1174.443350  1271.659441   1460.000000
  1507.729980   938.000000  1179.260468  1270.935961  1362.611453   1489.000000
  1517.829956  1026.000000  1232.632275  1331.768473  1430.904671   1583.000000
  1527.920044  1067.000000  1270.866225  1365.347291  1459.828356   1582.000000
  1537.920044  1107.000000  1323.197054  1428.492611  1533.788168   1670.000000
  1548.020020  1138.000000  1371.115194  1499.669951  1628.224707   2789.000000
  1558.119995  1233.000000  1411.146586  1570.926108  1730.705631   3892.000000
  1568.219971  1298.000000  1531.559375  1641.477833  1751.396291   1893.000000
  1578.319946  1352.000000  1595.808950  1714.522167  1833.235385   2888.000000
  1588.420044  1389.000000  1673.847986  1778.174877  1882.501768   2019.000000
  1598.510010  1427.000000  1706.904538  1820.605911  1934.307285   2081.000000
  1608.609985  1483.000000  1773.305687  1887.935961  2002.566234   2159.000000
  1618.709961  1481.000000  1807.514682  1919.997537  2032.480392   2185.000000
  1628.810059  1496.000000  1848.079260  1967.514778  2086.950296   2260.000000
  1638.810059  1573.000000  1912.528669  2024.098522  2135.668376   2272.000000
  1648.900024  1616.000000  1926.968179  2037.477833  2147.987486   2304.000000
  1659.000000  1637.000000  1892.862354  2022.036946  2151.211538   2407.000000
  1669.099976  1599.000000  1874.635153  1997.980296  2121.325439   2315.000000
  1679.199951  1531.000000  1819.576156  1984.825123  2150.074090   4333.000000
  1689.300049  1471.000000  1812.331211  1929.963054  2047.594897   2209.000000
  1699.400024  1473.000000  1765.581475  1881.302956  1997.024436   2155.000000
  1709.500000  1462.000000  1725.903815  1839.192118  1952.480421   2101.000000
  1719.599976  1406.000000  1692.001723  1806.283251  1920.564780   2077.000000
  1729.699951  1328.000000  1533.525635  1771.509852  2009.494069   5962.000000
  1739.699951  1282.000000  1607.584949  1724.544335  1841.503721   2038.000000
  1749.790039  1309.000000  1622.781599  1747.093596  1871.405593   2036.000000
  1759.890015  1254.000000  1563.005158  1675.226601  1787.448044   1937.000000
  1769.989990  1183.000000  1495.132012  1614.697044  1734.262076   1959.000000
  1780.089966  1029.000000  1439.466365  1590.751232  1742.036098   1975.000000
  1790.189941   803.000000  1218.997523  1469.536946  1720.076369   2141.000000
  1800.290039     0.000000     0.000000     0.000000     0.000000      0.000000
  1810.380005     0.000000     0.000000     0.000000     0.000000      0.000000
  1820.479980     0.000000     0.000000     0.000000     0.000000      0.000000
  1830.579956     0.000000     0.000000     0.000000     0.000000      0.000000
  1840.579956     0.000000     0.000000     0.000000     0.000000      0.000000
  1850.680054     0.000000     0.000000     0.000000     0.000000      0.000000
  1860.780029     0.000000     0.000000     0.000000     0.000000      0.000000
  1870.869995     0.000000     0.000000     0.000000     0.000000      0.000000
  1880.979980     0.000000     0.000000     0.000000     0.000000      0.000000
  1891.069946     0.000000     0.000000     0.000000     0.000000      0.000000
  1901.170044     0.000000     0.000000     0.000000     0.000000      0.000000
  1911.270020     0.000000     0.000000     0.000000     0.000000      0.000000
  1921.369995     0.000000     0.000000     0.000000     0.000000      0.000000
  1931.469971     0.000000     0.000000     0.000000     0.000000      0.000000
  1941.569946     0.000000     0.000000     0.000000     0.000000      0.000000
  1951.569946     0.000000     0.000000     0.000000     0.000000      0.000000
  1961.660034     0.000000     0.000000     0.000000     0.000000      0.000000
  1971.760010   -41.000000   -94.324040    21.293103   136.910246    542.000000
  1981.859985   -31.000000    82.883821   216.536946   350.190071    544.000000
  1991.959961   -32.000000    65.494865   211.492611   357.490357    575.000000
  2002.060059   -46.000000  -107.812044   -16.327586    75.156872    582.000000
  2012.150024   -32.000000  -104.029164    26.793103   157.615371    783.000000
  2022.250000    46.000000   191.046003   414.364532   637.683061   3654.000000
  2032.349976   212.000000   345.221227   490.830049   636.438871   2364.000000
  2042.449951   202.000000   363.848020   454.536946   545.225872    688.000000
  2052.449951    -1.000000   305.977585   439.293103   572.608622    801.000000
  2062.550049   198.000000   284.654649   587.362069   890.069489   5161.000000
  2072.649902   315.000000   494.109766   595.078818   696.047869    906.000000
  2082.750000   271.000000   329.328634   576.972906   824.617179   5310.000000
  2092.840088   290.000000   457.592878   593.219212   728.845546   2784.000000
  2102.939941   459.000000   585.277466   660.724138   736.170810    930.000000
  2113.040039   451.000000   585.757001   665.655172   745.553344    903.000000
  2123.139893   427.000000   547.603090   629.416256   711.229423    922.000000
  2133.239990   418.000000   131.761338   675.226601  1218.691864  11210.000000
  2143.340088   505.000000   643.206905   719.214286   795.221666    921.000000
  2153.340088   488.000000   649.644712   735.046798   820.448884    970.000000
  2163.429932   429.000000   592.300205   677.160099   762.019992    891.000000
  2173.530029   437.000000   602.169398   693.748768   785.328139    942.000000
  2183.629883   575.000000   730.624258   801.800493   872.976727   1032.000000
  2193.729980   614.000000   738.775168   815.903941   893.032713   1037.000000
  2203.830078   491.000000   682.709634   773.036946   863.364258   1037.000000
  2213.929932   571.000000   688.296903   773.258621   858.220338   1069.000000
  2224.030029   656.000000   769.968953   841.564039   913.159126   1026.000000
  2234.120117   623.000000   744.516938   814.825123   885.133309    982.000000
  2244.219971   494.000000   626.992659   701.825123   776.657588    921.000000
  2254.219971   433.000000   576.238958   657.354680   738.470402    908.000000
  2264.320068   459.000000   590.069911   657.098522   724.127133    836.000000
  2274.419922   454.000000   562.245006   630.660099   699.075191    856.000000
  2284.520020   297.000000   530.632242   617.985222   705.338201    825.000000
  2294.610107   226.000000   473.647076   576.844828   680.042579    845.000000
  2304.709961   308.000000   463.010542   559.869458   656.728374    838.000000
  2314.810059   247.000000   401.383711   520.608374   639.833038    934.000000
  2324.909912   294.000000   423.969678   508.960591   593.951504    743.000000
  2335.010010   182.000000   341.391847   487.179803   632.967759   2414.000000
  2345.110107   -19.000000   232.001476   415.467980   598.934485   1033.000000
  2355.209961   -18.000000   164.443029   421.374384   678.305739   1244.000000
  2365.199951   -20.000000   153.427747   439.726601   726.025455   1455.000000
  2375.300049   -23.000000    -0.786266   450.911330   902.608926   2024.000000
  2385.399902   -24.000000  -101.591507   560.812808  1223.217122   3189.000000
  2395.500000   -22.000000  -192.337152   641.401478  1475.140108   4015.000000
