ENVI ASCII Plot File [Thu Mar 10 17:36:23 2016]
Column 1: Wavelength
Column 2: Min: Selva_alta~~2##255,0,0
Column 3: Min-StdDev: Selva_alta~~21##0,200,0
Column 4: Mean: Selva_alta~~0##0,0,0
Column 5: Min+StdDev: Selva_alta~~21##0,200,0
Column 6: Max: Selva_alta~~2##255,0,0
   426.820007    -124.000000   117.625500   207.919492   298.213483    466.000000
   436.989990    -109.000000    77.061057   150.358757   223.656457    344.000000
   447.170013    -203.000000   -27.502868    32.125706    91.754281    191.000000
   457.339996    -104.000000     0.823800    41.100282    81.376765    128.000000
   467.519989     -33.000000    61.349383    96.146893   130.944402    164.000000
   477.690002      63.000000   136.490448   164.913842   193.337236    241.000000
   487.869995      70.000000   134.196129   160.043785   185.891442    221.000000
   498.040009      91.000000   164.741603   189.581921   214.422238    250.000000
   508.220001     154.000000   214.845543   238.279661   261.713779    295.000000
   518.390015     218.000000   269.992060   293.347458   316.702855    348.000000
   528.570007     280.000000   350.310512   375.443503   400.576494    553.000000
   538.739990     348.000000   395.016947   442.454802   489.892658   1484.000000
   548.919983     382.000000   446.318606   481.209040   516.099473   1018.000000
   559.090027     394.000000   451.296622   490.569209   529.841796   1175.000000
   569.270020     358.000000   414.696268   447.745763   480.795257    933.000000
   579.450012     301.000000   356.193221   387.627119   419.061016    876.000000
   589.619995     290.000000   342.461842   365.498588   388.535333    447.000000
   599.799988     257.000000   335.730645   362.022599   388.314552    437.000000
   609.969971     271.000000   322.371254   348.242938   374.114621    669.000000
   620.150024     231.000000   301.284106   324.120056   346.956007    381.000000
   630.320007     223.000000   282.840797   304.299435   325.758073    367.000000
   640.500000     210.000000   270.651202   291.305085   311.958968    346.000000
   650.669983     195.000000   252.322940   273.351695   294.380450    327.000000
   660.849976     166.000000   219.877478   240.442090   261.006703    296.000000
   671.020020     165.000000   207.619716   225.725989   243.832262    286.000000
   681.200012     163.000000   206.666829   226.072034   245.477239    348.000000
   691.369995     185.000000   242.333194   261.850282   281.367371    343.000000
   701.549988     398.000000   448.282859   474.398305   500.513751    549.000000
   711.719971    1028.000000  1114.261208  1166.953390  1219.645571   1362.000000
   721.900024    1661.000000  1834.263435  1916.391243  1998.519051   2245.000000
   732.070007    2511.000000  2705.680754  2827.758475  2949.836195   3353.000000
   742.250000    2771.000000  2995.292117  3134.878531  3274.464946   3879.000000
   752.429993    2749.000000  3002.565300  3141.964689  3281.364078   3740.000000
   762.599976    2954.000000  3186.485684  3328.549435  3470.613186   3923.000000
   772.780029    3390.000000  3688.392240  3855.019774  4021.647308   4573.000000
   782.950012    3211.000000  3498.289248  3657.162429  3816.035611   4331.000000
   793.130005    3309.000000  3580.044737  3739.843220  3899.641704   4437.000000
   803.299988    3386.000000  3653.564218  3813.543785  3973.523353   4485.000000
   813.479980    3197.000000  3485.116636  3639.166667  3793.216698   4310.000000
   823.650024    3687.000000  3990.702053  4165.007062  4339.312071   4869.000000
   833.830017    3750.000000  4057.320897  4232.350282  4407.379668   5012.000000
   844.000000    3595.000000  3949.631138  4118.947740  4288.264342   4807.000000
   854.179993    3565.000000  3872.952533  4057.374294  4241.796055   6243.000000
   864.349976    3579.000000  3856.197846  4020.628531  4185.059216   4739.000000
   874.530029    3545.000000  3841.066318  4010.491525  4179.916733   5079.000000
   884.700012    3617.000000  3910.767283  4075.600282  4240.433282   4739.000000
   894.880005    3420.000000  3757.589323  3916.935028  4076.280733   4616.000000
   905.049988    3766.000000  4074.950285  4252.406780  4429.863274   4925.000000
   915.229980    3611.000000  3969.332871  4153.879944  4338.427016   4809.000000
   925.409973    3591.000000  4015.889169  4241.730226  4467.571283   5017.000000
   912.450012  -27072.000000  3358.753841  4640.501412  5922.248983   6000.000000
   922.539978    3345.000000  3979.058996  4451.187853  4923.316710  11432.000000
   932.640015    2530.000000  3227.401595  3962.680791  4697.959987   8271.000000
   942.729980    2540.000000  3413.802854  4666.008475  5918.214095  26127.000000
   952.820007    2718.000000  3683.913182  4198.775424  4713.637665   5857.000000
   962.909973    3540.000000  3994.215299  4274.644068  4555.072837   5194.000000
   972.989990    3616.000000  4070.513988  4273.134181  4475.754373   4875.000000
   983.080017    3770.000000  4125.070417  4301.324859  4477.579301   4916.000000
   993.169983    3696.000000  4003.666955  4158.423729  4313.180502   4661.000000
  1003.299988    3676.000000  3976.014030  4134.495763  4292.977496   4655.000000
  1013.299988    3757.000000  4006.964767  4169.662429  4332.360092   5091.000000
  1023.400024    3847.000000  4101.834438  4264.274011  4426.713585   4856.000000
  1033.489990    3842.000000  4122.670003  4285.094633  4447.519263   4864.000000
  1043.589966    3850.000000  4115.882040  4306.255650  4496.629260   6475.000000
  1053.689941    3903.000000  4186.295011  4346.532486  4506.769961   4882.000000
  1063.790039    3830.000000  4120.830773  4284.673729  4448.516685   4790.000000
  1073.890015    3672.000000  4035.682582  4195.959040  4356.235497   4863.000000
  1083.989990    3693.000000  4044.132891  4210.800847  4377.468804   4960.000000
  1094.089966    3768.000000  4066.408805  4237.610169  4408.811534   4821.000000
  1104.189941    3659.000000  4017.164776  4194.312147  4371.459518   4791.000000
  1114.189941    3012.000000  3269.853557  3808.028249  4346.202941  16173.000000
  1124.280029    -398.000000  1782.769840  2823.805085  3864.840329   6528.000000
  1134.380005    2391.000000  3284.448147  3833.317797  4382.187446  10079.000000
  1144.479980    2205.000000  3047.236327  3510.738701  3974.241075   6879.000000
  1154.579956    2955.000000  3360.931783  3577.652542  3794.373302   4198.000000
  1164.680054    3042.000000  3255.368991  3385.362994  3515.356998   3801.000000
  1174.770020    2883.000000  3101.616819  3218.371469  3335.126119   3591.000000
  1184.869995    2798.000000  3063.346946  3181.577684  3299.808422   3600.000000
  1194.969971    2861.000000  3063.999739  3184.903955  3305.808171   3699.000000
  1205.069946    2848.000000  3067.358377  3188.854520  3310.350662   3675.000000
  1215.170044    2868.000000  3106.830648  3225.540960  3344.251273   3629.000000
  1225.170044    2972.000000  3187.419293  3314.865819  3442.312345   3852.000000
  1235.270020    3027.000000  3269.171106  3400.153955  3531.136804   4350.000000
  1245.359985    3086.000000  3322.039880  3451.245763  3580.451646   4314.000000
  1255.459961    3065.000000  3352.924938  3477.258475  3601.592012   3876.000000
  1265.560059    3052.000000  3308.276408  3427.286723  3546.297038   3816.000000
  1275.660034    3125.000000  3315.717061  3443.241525  3570.765990   3841.000000
  1285.760010    3096.000000  3270.472563  3399.638418  3528.804273   4690.000000
  1295.859985    3046.000000  3249.956291  3376.850282  3503.744274   3888.000000
  1305.959961    2940.000000  3206.024428  3345.120056  3484.215685   3833.000000
  1316.050049    2883.000000  3112.059237  3258.227401  3404.395565   5201.000000
  1326.050049    2605.000000  2898.982430  3060.875706  3222.768982   5095.000000
  1336.150024    2416.000000  2996.442072  3296.612994  3596.783917   4196.000000
  1346.250000       0.000000     0.000000     0.000000     0.000000      0.000000
  1356.349976       0.000000     0.000000     0.000000     0.000000      0.000000
  1366.449951       0.000000     0.000000     0.000000     0.000000      0.000000
  1376.550049       0.000000     0.000000     0.000000     0.000000      0.000000
  1386.650024       0.000000     0.000000     0.000000     0.000000      0.000000
  1396.739990       0.000000     0.000000     0.000000     0.000000      0.000000
  1406.839966       0.000000     0.000000     0.000000     0.000000      0.000000
  1416.939941       0.000000     0.000000     0.000000     0.000000      0.000000
  1426.939941       0.000000     0.000000     0.000000     0.000000      0.000000
  1437.040039       0.000000     0.000000     0.000000     0.000000      0.000000
  1447.140015       0.000000     0.000000     0.000000     0.000000      0.000000
  1457.229980    -507.000000  -281.192258   590.607345  1462.406947   3252.000000
  1467.329956       0.000000     0.000000     0.000000     0.000000      0.000000
  1477.430054    -250.000000   665.296545  1491.049435  2316.802325   3885.000000
  1487.530029     374.000000   881.090715  1158.800847  1436.510980   2068.000000
  1497.630005     701.000000   907.023047   998.137006  1089.250964   1323.000000
  1507.729980     803.000000   958.120608  1032.723164  1107.325720   1322.000000
  1517.829956     908.000000   998.559274  1100.778249  1202.997223   3321.000000
  1527.920044     948.000000  1071.652844  1130.718927  1189.785009   1318.000000
  1537.920044     987.000000  1045.943717  1157.213277  1268.482836   3731.000000
  1548.020020    1062.000000  1155.859598  1214.591808  1273.324018   1427.000000
  1558.119995    1112.000000  1228.420309  1284.699153  1340.977996   1475.000000
  1568.219971    1198.000000  1291.079630  1349.579096  1408.078562   1548.000000
  1578.319946    1267.000000  1349.796494  1409.408192  1469.019890   1661.000000
  1588.420044    1264.000000  1397.643446  1460.437853  1523.232260   1721.000000
  1598.510010    1326.000000  1440.996728  1505.134181  1569.271633   1739.000000
  1608.609985    1364.000000  1497.915576  1565.074859  1632.234141   1785.000000
  1618.709961    1439.000000  1550.222036  1614.255650  1678.289264   1878.000000
  1628.810059    1437.000000  1350.786342  1671.608757  1992.431172   9928.000000
  1638.810059    1489.000000  1625.958746  1702.203390  1778.448034   2016.000000
  1648.900024    1504.000000  1637.408958  1713.631356  1789.853754   2010.000000
  1659.000000    1465.000000  1605.776390  1677.973164  1750.169937   2242.000000
  1669.099976    1447.000000  1596.880864  1665.300847  1733.720831   1909.000000
  1679.199951    1497.000000  1603.840217  1688.045198  1772.250179   2813.000000
  1689.300049    1441.000000  1562.785314  1643.889831  1724.994347   2695.000000
  1699.400024    1407.000000  1523.867468  1590.759887  1657.652306   1845.000000
  1709.500000    1338.000000  1482.891004  1550.899718  1618.908431   1826.000000
  1719.599976    1330.000000  1433.694660  1500.279661  1566.864662   1763.000000
  1729.699951    1293.000000  1380.035578  1458.418079  1536.800580   2491.000000
  1739.699951    1266.000000  1290.097827  1454.874294  1619.650761   5455.000000
  1749.790039    1249.000000  1349.471628  1445.405367  1541.339107   3018.000000
  1759.890015    1117.000000  1272.926556  1372.374294  1471.822032   3173.000000
  1769.989990    1054.000000  1242.562054  1330.597458  1418.632862   1574.000000
  1780.089966     929.000000  1217.847106  1341.704802  1465.562498   1719.000000
  1790.189941     530.000000  1093.437082  1327.824859  1562.212635   2016.000000
  1800.290039       0.000000     0.000000     0.000000     0.000000      0.000000
  1810.380005       0.000000     0.000000     0.000000     0.000000      0.000000
  1820.479980       0.000000     0.000000     0.000000     0.000000      0.000000
  1830.579956       0.000000     0.000000     0.000000     0.000000      0.000000
  1840.579956       0.000000     0.000000     0.000000     0.000000      0.000000
  1850.680054       0.000000     0.000000     0.000000     0.000000      0.000000
  1860.780029       0.000000     0.000000     0.000000     0.000000      0.000000
  1870.869995       0.000000     0.000000     0.000000     0.000000      0.000000
  1880.979980       0.000000     0.000000     0.000000     0.000000      0.000000
  1891.069946       0.000000     0.000000     0.000000     0.000000      0.000000
  1901.170044       0.000000     0.000000     0.000000     0.000000      0.000000
  1911.270020       0.000000     0.000000     0.000000     0.000000      0.000000
  1921.369995       0.000000     0.000000     0.000000     0.000000      0.000000
  1931.469971       0.000000     0.000000     0.000000     0.000000      0.000000
  1941.569946       0.000000     0.000000     0.000000     0.000000      0.000000
  1951.569946       0.000000     0.000000     0.000000     0.000000      0.000000
  1961.660034       0.000000     0.000000     0.000000     0.000000      0.000000
  1971.760010     -42.000000  -124.286825   -20.693503    82.899819   2361.000000
  1981.859985     -31.000000    -1.869521   124.279661   250.428843    468.000000
  1991.959961     -33.000000  -764.415017   163.026836  1090.468689  24531.000000
  2002.060059     -47.000000  -120.562926    -7.271186   106.020553    710.000000
  2012.150024     -32.000000  -106.306049    16.492938   139.291925    663.000000
  2022.250000     -21.000000   110.277139   236.629944   362.982748    547.000000
  2032.349976      95.000000   225.861073   310.396893   394.932712    524.000000
  2042.449951      90.000000   228.608833   321.156780   413.704727    576.000000
  2052.449951     -22.000000    11.462778   327.372881   643.282984   7811.000000
  2062.550049     191.000000   374.961978   479.635593   584.309209    782.000000
  2072.649902     208.000000   413.311264   505.603107   597.894950    748.000000
  2082.750000     108.000000  -339.423147   443.967514  1227.358175  21130.000000
  2092.840088     160.000000   338.520399   434.724576   530.928753   1206.000000
  2102.939941     333.000000   448.356271   526.206215   604.056158    746.000000
  2113.040039     336.000000   457.346854   537.370056   617.393259    783.000000
  2123.139893     347.000000   253.329737   501.911017   750.492297   6932.000000
  2133.239990     342.000000   445.207756   504.521186   563.834617    712.000000
  2143.340088     368.000000   505.743351   589.420904   673.098457    870.000000
  2153.340088     352.000000   507.561942   607.036723   706.511504    868.000000
  2163.429932     321.000000   430.378129   517.985876   605.593622    768.000000
  2173.530029     297.000000   426.665811   524.264124   621.862438    778.000000
  2183.629883     -22.000000   411.291632   610.258475   809.225317    859.000000
  2193.729980     443.000000   607.741209   669.327684   730.914158    887.000000
  2203.830078     433.000000   584.560803   652.310734   720.060666    863.000000
  2213.929932     465.000000   581.976864   648.909605   715.842346    845.000000
  2224.030029     432.000000   610.333481   669.093220   727.852960    862.000000
  2234.120117     461.000000   537.932873   653.532486   769.132099   3249.000000
  2244.219971     358.000000   499.860490   569.872881   639.885272    768.000000
  2254.219971     300.000000   459.198318   534.542373   609.886428    748.000000
  2264.320068     311.000000   455.587456   521.272599   586.957742    724.000000
  2274.419922     298.000000   426.742875   495.637006   564.531137    714.000000
  2284.520020     135.000000   230.660260   517.584746   804.509231   6673.000000
  2294.610107     137.000000   375.324855   468.070621   560.816388    715.000000
  2304.709961     163.000000   370.589354   448.210452   525.831550    689.000000
  2314.810059      57.000000   320.479884   419.045198   517.610511    715.000000
  2324.909912     190.000000    68.008581   428.453390   788.898199   9295.000000
  2335.010010      44.000000   287.928265   386.317797   484.707329    690.000000
  2345.110107     -19.000000   184.427649   363.724576   543.021503    979.000000
  2355.209961     -19.000000  -369.551868   387.798023  1145.147914  19578.000000
  2365.199951     -20.000000   111.262948   387.289548   663.316148   1264.000000
  2375.300049     -24.000000     4.385506   446.711864   889.038223   1903.000000
  2385.399902     -24.000000  -174.041836   534.355932  1242.753700   3832.000000
  2395.500000     -26.000000  -624.147659   636.141243  1896.430145  25750.000000
