ENVI ASCII Plot File [Fri Mar 11 11:00:43 2016]
Column 1: Wavelength
Column 2: Min: A12_1~~2##255,0,0
Column 3: Min-StdDev: A12_1~~21##0,200,0
Column 4: Mean: A12_1~~0##0,0,0
Column 5: Min+StdDev: A12_1~~21##0,200,0
Column 6: Max: A12_1~~2##255,0,0
   426.820007  -183.000000    75.775774   236.696936   397.618098   5526.000000
   436.989990   -85.000000   110.328607   172.324234   234.319861    365.000000
   447.170013  -187.000000     5.462937    54.654596   103.846255    224.000000
   457.339996  -105.000000    17.641166    56.777159    95.913151    218.000000
   467.519989    -8.000000    68.149565   116.300836   164.452107   1511.000000
   477.690002    89.000000   149.127204   179.129248   209.131292    282.000000
   487.869995    98.000000   146.788305   175.881337   204.974369    300.000000
   498.040009   113.000000   174.789395   203.545404   232.301413    313.000000
   508.220001   174.000000   221.883869   250.812256   279.740643    385.000000
   518.390015   230.000000   235.990256   305.699164   375.408073   2784.000000
   528.570007   294.000000   304.383171   384.255153   464.127135   2848.000000
   538.739990   358.000000   391.216627   442.923677   494.630727   1813.000000
   548.919983   378.000000   442.776572   479.622841   516.469110    913.000000
   559.090027   385.000000   451.397268   486.195543   520.993818    768.000000
   569.270020   351.000000   411.059907   444.527019   477.994132    720.000000
   579.450012   301.000000   359.226059   388.914763   418.603467    506.000000
   589.619995   280.000000   332.682493   367.154318   401.626143   1152.000000
   599.799988   279.000000   325.783745   359.532033   393.280322    697.000000
   609.969971   277.000000   324.414991   354.426184   384.437376    635.000000
   620.150024   252.000000   299.406454   327.750418   356.094381    433.000000
   630.320007   237.000000   279.335386   308.235097   337.134809    653.000000
   640.500000   236.000000   266.496691   294.438440   322.380189    581.000000
   650.669983   216.000000   251.363715   277.455710   303.547705    392.000000
   660.849976   187.000000   217.660143   246.476323   275.292503    603.000000
   671.020020   171.000000   207.398053   232.365460   257.332866    347.000000
   681.200012   181.000000   198.085192   233.142618   268.200045   1293.000000
   691.369995   202.000000   239.977504   265.348747   290.719989    488.000000
   701.549988   382.000000   442.965168   475.494708   508.024247    610.000000
   711.719971   928.000000  1068.698436  1133.669638  1198.640839   1591.000000
   721.900024  1513.000000  1723.163045  1832.287465  1941.411886   3166.000000
   732.070007  2278.000000  2578.581738  2734.703621  2890.825505   3489.000000
   742.250000  2517.000000  2878.130909  3061.798886  3245.466862   3850.000000
   752.429993  2497.000000  2871.124490  3064.547632  3257.970775   3932.000000
   762.599976  2678.000000  3071.564013  3270.513092  3469.462171   4076.000000
   772.780029  3088.000000  3548.638703  3786.574930  4024.511157   4762.000000
   782.950012  2913.000000  3353.950313  3577.914206  3801.878099   4453.000000
   793.130005  2972.000000  3419.962824  3646.667409  3873.371995   4520.000000
   803.299988  3041.000000  3473.764605  3703.823955  3933.883306   4572.000000
   813.479980  2876.000000  3273.889054  3489.885794  3705.882534   4380.000000
   823.650024  3261.000000  3752.877353  4001.582173  4250.286992   5621.000000
   833.830017  3390.000000  3858.914249  4107.869638  4356.825027   5147.000000
   844.000000  3295.000000  3785.744119  4027.534262  4269.324404   4961.000000
   854.179993  3299.000000  3733.585354  3971.047911  4208.510468   4926.000000
   864.349976  3250.000000  3708.317233  3945.028412  4181.739592   4962.000000
   874.530029  3219.000000  3694.335977  3930.302507  4166.269037   4864.000000
   884.700012  3276.000000  3741.497222  3978.045682  4214.594143   4943.000000
   894.880005  3066.000000  3318.948176  3759.013928  4199.079679  19543.000000
   905.049988  3340.000000  3782.481525  4026.860167  4271.238809   4977.000000
   915.229980  3174.000000  3642.561181  3896.367688  4150.174195   5124.000000
   925.409973  2959.000000  3704.626524  3980.444568  4256.262613   4856.000000
   912.450012  2840.000000  3734.236603  4217.993872  4701.751141   6426.000000
   922.539978  2841.000000  3670.317645  4088.816713  4507.315781   5902.000000
   932.640015  1849.000000  2845.962867  3497.110306  4148.257746   5615.000000
   942.729980  1710.000000  2999.271168  3904.278552  4809.285935  14561.000000
   952.820007  1997.000000  3027.325622  3727.462953  4427.600283  18368.000000
   962.909973  3020.000000  3681.486052  3985.932033  4290.378015   5236.000000
   972.989990  3461.000000  3833.477570  4079.982730  4326.487890   5032.000000
   983.080017  3528.000000  3910.305861  4150.522006  4390.738150   5033.000000
   993.169983  3550.000000  3892.601554  4100.516435  4308.431315   4893.000000
  1003.299988  3497.000000  3883.148501  4094.369359  4305.590217   4883.000000
  1013.299988  3509.000000  3908.008916  4118.526462  4329.044009   4937.000000
  1023.400024  3570.000000  3993.663545  4216.397214  4439.130884   5031.000000
  1033.489990  3657.000000  4026.078556  4265.670752  4505.262948   6622.000000
  1043.589966  3619.000000  4048.908322  4283.118663  4517.329004   6298.000000
  1053.689941  3639.000000  4054.035951  4290.617827  4527.199704   5660.000000
  1063.790039  3621.000000  3983.404437  4217.573259  4451.742082   5141.000000
  1073.890015  3493.000000  3912.283974  4133.460167  4354.636361   4869.000000
  1083.989990  -298.000000  3301.668677  4028.233983  4754.799289   4877.000000
  1094.089966  3498.000000  3886.473999  4118.669081  4350.864163   4954.000000
  1104.189941  3382.000000  3837.382167  4069.773816  4302.165465   4812.000000
  1114.189941  2968.000000  3495.969836  3736.811699  3977.653562   4589.000000
  1124.280029  -302.000000  2153.229015  3062.130919  3971.032824  10445.000000
  1134.380005  -548.000000  2699.661409  3499.939276  4300.217143   5383.000000
  1144.479980  2010.000000  2988.172819  3400.379387  3812.585955   4805.000000
  1154.579956  2547.000000  2962.694163  3246.603343  3530.512522   9283.000000
  1164.680054  2732.000000  3085.857143  3244.868524  3403.879905   3850.000000
  1174.770020  2716.000000  2968.637503  3117.209471  3265.781438   3809.000000
  1184.869995  2664.000000  2926.463294  3072.866852  3219.270410   3734.000000
  1194.969971  2700.000000  2997.007500  3136.038440  3275.069380   3775.000000
  1205.069946  2703.000000  2983.001538  3131.262953  3279.524367   4876.000000
  1215.170044  2748.000000  3033.874540  3183.827298  3333.780056   3792.000000
  1225.170044  2822.000000  3142.435069  3297.006128  3451.577187   3977.000000
  1235.270020  2899.000000  3248.206460  3403.328691  3558.450921   4313.000000
  1245.359985  2981.000000  3306.819757  3460.927577  3615.035396   4090.000000
  1255.459961  2951.000000  3273.421931  3430.299164  3587.176397   4075.000000
  1265.560059  2883.000000  3231.660505  3382.185515  3532.710526   4012.000000
  1275.660034  2960.000000  3282.157087  3432.916992  3583.676896   4015.000000
  1285.760010  2924.000000  3227.676636  3378.257939  3528.839242   4687.000000
  1295.859985  2939.000000  3202.790312  3347.264624  3491.738936   4072.000000
  1305.959961  2892.000000  3147.459384  3288.352089  3429.244795   4007.000000
  1316.050049  2658.000000  2924.488049  3103.766017  3283.043984   7017.000000
  1326.050049  2393.000000  2690.463489  2856.509749  3022.556009   3509.000000
  1336.150024  1824.000000  2440.448314  2757.411699  3074.375084   4014.000000
  1346.250000     0.000000     0.000000     0.000000     0.000000      0.000000
  1356.349976     0.000000     0.000000     0.000000     0.000000      0.000000
  1366.449951     0.000000     0.000000     0.000000     0.000000      0.000000
  1376.550049     0.000000     0.000000     0.000000     0.000000      0.000000
  1386.650024     0.000000     0.000000     0.000000     0.000000      0.000000
  1396.739990     0.000000     0.000000     0.000000     0.000000      0.000000
  1406.839966     0.000000     0.000000     0.000000     0.000000      0.000000
  1416.939941     0.000000     0.000000     0.000000     0.000000      0.000000
  1426.939941     0.000000     0.000000     0.000000     0.000000      0.000000
  1437.040039     0.000000     0.000000     0.000000     0.000000      0.000000
  1447.140015     0.000000     0.000000     0.000000     0.000000      0.000000
  1457.229980  -478.000000  -608.939080  -219.485794   169.967492   3028.000000
  1467.329956     0.000000     0.000000     0.000000     0.000000      0.000000
  1477.430054  -297.000000  -189.718091   527.345404  1244.408899   5824.000000
  1487.530029  -114.000000   390.965908   744.127019  1097.288131   6373.000000
  1497.630005   637.000000   813.678595   907.935933  1002.193271   2758.000000
  1507.729980   760.000000   921.568555   988.495822  1055.423089   1225.000000
  1517.829956   869.000000   993.457316  1055.623398  1117.789480   1275.000000
  1527.920044   917.000000  1034.886653  1094.138162  1153.389670   1301.000000
  1537.920044   956.000000  1082.314206  1147.169359  1212.024513   2521.000000
  1548.020020  1012.000000  1151.191659  1210.671866  1270.152074   1433.000000
  1558.119995  1070.000000  1220.286141  1280.829526  1341.372912   1524.000000
  1568.219971  1165.000000  1286.008096  1350.421727  1414.835358   2142.000000
  1578.319946  1200.000000  1342.439448  1406.064624  1469.689800   1698.000000
  1588.420044  1258.000000  1396.212583  1462.688022  1529.163461   1747.000000
  1598.510010  1280.000000  1440.814502  1513.152089  1585.489677   2309.000000
  1608.609985  1341.000000  1498.986655  1569.561560  1640.136464   1815.000000
  1618.709961  1415.000000  1553.231675  1617.247911  1681.264146   1861.000000
  1628.810059  1463.000000  1586.378288  1659.521448  1732.664609   2856.000000
  1638.810059  1420.000000  1613.365383  1695.785515  1778.205648   2394.000000
  1648.900024  1491.000000  1623.876615  1708.775487  1793.674360   2600.000000
  1659.000000  1440.000000  1491.088704  1678.689136  1866.289569   8966.000000
  1669.099976  1459.000000  1586.867196  1659.857382  1732.847567   1942.000000
  1679.199951  1471.000000  1596.017340  1668.011699  1740.006058   1975.000000
  1689.300049  1417.000000  1555.334365  1628.003343  1700.672321   1977.000000
  1699.400024  1342.000000  1504.057289  1574.739833  1645.422377   1873.000000
  1709.500000  1294.000000  1460.200047  1531.342618  1602.485190   1837.000000
  1719.599976  1273.000000  1367.659479  1488.870752  1610.082026   5642.000000
  1729.699951  1234.000000  1367.328751  1444.432869  1521.536987   2860.000000
  1739.699951  1147.000000  1343.864137  1412.963788  1482.063439   2058.000000
  1749.790039  1166.000000  1296.957657  1409.921448  1522.885240   4594.000000
  1759.890015  1120.000000  1202.050706  1329.516435  1456.982163   5760.000000
  1769.989990  1015.000000  1172.591915  1271.618942  1370.645968   2732.000000
  1780.089966   845.000000  1011.034915  1231.596100  1452.157286   6801.000000
  1790.189941   414.000000   830.581396  1137.451253  1444.321111   8261.000000
  1800.290039     0.000000     0.000000     0.000000     0.000000      0.000000
  1810.380005     0.000000     0.000000     0.000000     0.000000      0.000000
  1820.479980     0.000000     0.000000     0.000000     0.000000      0.000000
  1830.579956     0.000000     0.000000     0.000000     0.000000      0.000000
  1840.579956     0.000000     0.000000     0.000000     0.000000      0.000000
  1850.680054     0.000000     0.000000     0.000000     0.000000      0.000000
  1860.780029     0.000000     0.000000     0.000000     0.000000      0.000000
  1870.869995     0.000000     0.000000     0.000000     0.000000      0.000000
  1880.979980     0.000000     0.000000     0.000000     0.000000      0.000000
  1891.069946     0.000000     0.000000     0.000000     0.000000      0.000000
  1901.170044     0.000000     0.000000     0.000000     0.000000      0.000000
  1911.270020     0.000000     0.000000     0.000000     0.000000      0.000000
  1921.369995     0.000000     0.000000     0.000000     0.000000      0.000000
  1931.469971     0.000000     0.000000     0.000000     0.000000      0.000000
  1941.569946     0.000000     0.000000     0.000000     0.000000      0.000000
  1951.569946     0.000000     0.000000     0.000000     0.000000      0.000000
  1961.660034     0.000000     0.000000     0.000000     0.000000      0.000000
  1971.760010   -41.000000  -105.876226    17.594429   141.065084    823.000000
  1981.859985   -31.000000   -31.735286    78.584958   188.905202    547.000000
  1991.959961   -32.000000   -41.807826    72.617270   187.042366    658.000000
  2002.060059   -47.000000  -330.193695   -28.013370   274.166954  12578.000000
  2012.150024   -32.000000   -82.347176   -15.543175    51.260825    704.000000
  2022.250000   -21.000000   116.201326   260.189972   404.178619    694.000000
  2032.349976    -1.000000   203.911838   328.028412   452.144986   3622.000000
  2042.449951    47.000000   198.358244   277.091922   355.825600    539.000000
  2052.449951   -22.000000   109.132803   238.361560   367.590317    727.000000
  2062.550049    73.000000   151.767147   395.410585   639.054023   9353.000000
  2072.649902   102.000000   206.865766   430.782730   654.699694   8682.000000
  2082.750000    97.000000   300.435650   385.135376   469.835102    656.000000
  2092.840088    93.000000   316.224590   404.509192   492.793794    644.000000
  2102.939941   304.000000   447.701452   524.217827   600.734203    774.000000
  2113.040039   311.000000   451.266929   534.491922   617.716915    788.000000
  2123.139893   216.000000   356.765291   455.661838   554.558386   3297.000000
  2133.239990   233.000000   397.264700   467.819499   538.374298   1327.000000
  2143.340088   343.000000   478.885055   577.853482   676.821908   2483.000000
  2153.340088   324.000000   477.796973   592.145404   706.493834   3403.000000
  2163.429932   317.000000   441.005312   516.601671   592.198030    749.000000
  2173.530029   294.000000   447.701549   529.386630   611.071710    771.000000
  2183.629883   -23.000000   553.734220   637.303621   720.873022    851.000000
  2193.729980   435.000000   581.643399   647.914206   714.185013    883.000000
  2203.830078   381.000000   537.660056   616.719220   695.778384    843.000000
  2213.929932   394.000000   467.824816   621.212256   774.599697   6237.000000
  2224.030029   485.000000   610.426690   664.752089   719.077488    864.000000
  2234.120117   453.000000   588.688695   645.409471   702.130246    843.000000
  2244.219971   313.000000   497.628829   567.421170   637.213510    770.000000
  2254.219971   283.000000   366.185851   533.545961   700.906071   6892.000000
  2264.320068   294.000000   350.925562   526.286351   701.647140   7506.000000
  2274.419922   314.000000   431.755663   498.025070   564.294476   1212.000000
  2284.520020   200.000000   397.639136   482.354875   567.070613   1573.000000
  2294.610107    63.000000   237.602424   448.230641   658.858857   8242.000000
  2304.709961   146.000000   344.737098   430.254039   515.770980    754.000000
  2314.810059    58.000000   288.363915   399.837326   511.310737   1732.000000
  2324.909912    51.000000   303.674677   391.772145   479.869612    656.000000
  2335.010010   -18.000000   197.709077   370.927019   544.144962   5528.000000
  2345.110107   -19.000000   160.347714   333.825070   507.302426   1056.000000
  2355.209961   -18.000000    82.040328   330.010028   577.979728   4812.000000
  2365.199951   -19.000000    91.512986   333.328691   575.144396   1223.000000
  2375.300049   -22.000000   -54.188139   362.677437   779.543014   4623.000000
  2385.399902   -25.000000  -123.718772   429.763788   983.246348   3327.000000
  2395.500000   -22.000000  -175.755075   473.592758  1122.940591   4686.000000
