ENVI ASCII Plot File [Fri Mar 11 11:02:46 2016]
Column 1: Wavelength
Column 2: Min: A12_3~~2##255,0,0
Column 3: Min-StdDev: A12_3~~21##0,200,0
Column 4: Mean: A12_3~~0##0,0,0
Column 5: Min+StdDev: A12_3~~21##0,200,0
Column 6: Max: A12_3~~2##255,0,0
   426.820007     -63.000000   123.725929   209.497015   295.268100   2008.000000
   436.989990     -13.000000   131.243598   186.863387   242.483175    400.000000
   447.170013    -244.000000   -17.766245    48.804633   115.375512   2311.000000
   457.339996    -139.000000   -40.189673    53.708144   147.605962   4069.000000
   467.519989      26.000000    85.808073   117.169095   148.530117    858.000000
   477.690002      91.000000   160.014088   191.821113   223.628138   1451.000000
   487.869995     105.000000    25.559969   177.123716   328.687464   7255.000000
   498.040009     134.000000   137.151037   199.545498   261.939959   3573.000000
   508.220001     180.000000   226.863103   250.085503   273.307902    751.000000
   518.390015     210.000000   257.707555   282.375925   307.044296    854.000000
   528.570007     291.000000   331.749344   363.749701   395.750059   1434.000000
   538.739990     313.000000   381.580212   416.001911   450.423609   1242.000000
   548.919983     333.000000   425.832916   456.436112   487.039307    588.000000
   559.090027     352.000000   441.569716   474.048245   506.526773    804.000000
   569.270020     344.000000   419.447997   451.854789   484.261580    586.000000
   579.450012     291.000000   352.239562   395.114879   437.990197   2207.000000
   589.619995     283.000000   351.472250   381.531646   411.591041    823.000000
   599.799988     260.000000   330.463030   356.933843   383.404656    561.000000
   609.969971     266.000000   319.345727   349.823979   380.302231   1305.000000
   620.150024     238.000000   296.903067   325.019584   353.136102   1164.000000
   630.320007     215.000000   285.539150   311.540005   337.540859    855.000000
   640.500000     221.000000   269.586135   295.451636   321.317137    940.000000
   650.669983     216.000000   267.961546   295.622880   323.284215    945.000000
   660.849976     174.000000   231.089565   254.319561   277.549556    392.000000
   671.020020     165.000000   221.549818   243.861954   266.174089    454.000000
   681.200012     175.000000   222.303296   243.383091   264.462885    474.000000
   691.369995     208.000000   255.880126   278.637449   301.394772    407.000000
   701.549988     310.000000   376.078781   405.636972   435.195162    794.000000
   711.719971     807.000000   935.072098   998.685933  1062.299768   2478.000000
   721.900024    1217.000000  1422.120062  1504.944113  1587.768164   1843.000000
   732.070007    1656.000000  1914.650020  2037.705756  2160.761492   2534.000000
   742.250000    2048.000000  2357.865045  2491.239551  2624.614057   3009.000000
   752.429993    2349.000000  2706.030197  2865.990685  3025.951174   3557.000000
   762.599976    2440.000000  2835.056405  3014.754000  3194.451596   4093.000000
   772.780029    2520.000000  2975.686348  3149.464533  3323.242718   3919.000000
   782.950012    2714.000000  3082.155938  3264.282541  3446.409144   4117.000000
   793.130005    2732.000000  3112.645817  3294.897301  3477.148785   4547.000000
   803.299988    2758.000000  3148.866337  3329.306425  3509.746513   4146.000000
   813.479980    2798.000000  3231.991573  3443.403153  3654.814732   4298.000000
   823.650024    2867.000000  3240.359985  3419.555529  3598.751073   4279.000000
   833.830017    2848.000000  3263.894021  3442.518987  3621.143953   4118.000000
   844.000000    2900.000000  3294.059329  3475.679962  3657.300595   4972.000000
   854.179993    2967.000000  3340.017311  3553.647003  3767.276694  10364.000000
   864.349976    2988.000000  3365.343481  3553.225221  3741.106961   4805.000000
   874.530029    2970.000000  3364.839841  3552.487700  3740.135559   4238.000000
   884.700012    3045.000000  3452.046426  3653.479818  3854.913211   7309.000000
   894.880005    3025.000000  3496.965816  3728.023645  3959.081473   5856.000000
   905.049988    2912.000000  3420.483508  3619.513255  3818.543003   4355.000000
   915.229980    2930.000000  3351.035008  3571.211846  3791.388685   5671.000000
   925.409973    2897.000000  3289.087777  3636.695008  3984.302240  17355.000000
   912.450012    2219.000000  3134.156603  3663.540721  4192.924840  24317.000000
   922.539978    2428.000000  3284.415450  3704.713876  4125.012303  12829.000000
   932.640015    2005.000000  2977.074270  3675.928350  4374.782430  18672.000000
   942.729980     280.000000  3069.561956  3807.733938  4545.905921   7544.000000
   952.820007    1994.000000  3066.463799  3503.171483  3939.879167   4899.000000
   962.909973    2631.000000  3274.412274  3541.983520  3809.554766   9009.000000
   972.989990    2916.000000  3340.262586  3589.000717  3837.738847  10497.000000
   983.080017    2971.000000  3461.156248  3659.919513  3858.682778   4426.000000
   993.169983    2933.000000  3510.781378  3698.631240  3886.481101   4343.000000
  1003.299988    3007.000000  3537.453479  3732.705278  3927.957078   6486.000000
  1013.299988    3116.000000  3533.965181  3729.405780  3924.846378   4637.000000
  1023.400024    3200.000000  3610.450822  3813.430857  4016.410892   4928.000000
  1033.489990    3221.000000  3666.684589  3883.332696  4099.980804   7455.000000
  1043.589966    3261.000000  3689.744011  3910.670647  4131.597284   8531.000000
  1053.689941    3222.000000  3713.807735  3919.576785  4125.345836   5653.000000
  1063.790039    3143.000000  3686.020355  3888.398376  4090.776397   5225.000000
  1073.890015    3030.000000  3541.441814  3749.923573  3958.405332   6553.000000
  1083.989990    3092.000000  3538.519994  3740.143540  3941.767085   4729.000000
  1094.089966    3019.000000  3553.178157  3755.358013  3957.537869   4481.000000
  1104.189941    2942.000000  3484.878526  3685.338906  3885.799286   4392.000000
  1114.189941    2857.000000  3360.097534  3619.919513  3879.741491   6190.000000
  1124.280029     739.000000  2491.355504  3120.674946  3749.994389  11459.000000
  1134.380005    2152.000000  2966.488143  3389.370910  3812.253677  18066.000000
  1144.479980    2048.000000  2789.387252  3203.529735  3617.672218  20020.000000
  1154.579956    2395.000000  2796.011116  3011.605207  3227.199297   6126.000000
  1164.680054    2437.000000  2821.885976  2989.289945  3156.693914   4204.000000
  1174.770020    2395.000000  2761.932376  2937.277287  3112.622198   6695.000000
  1184.869995    2424.000000  2754.314336  2918.768331  3083.222325   4227.000000
  1194.969971    2470.000000  2807.562154  2978.851206  3150.140258   5753.000000
  1205.069946    2508.000000  2845.023216  3012.363745  3179.704274   3664.000000
  1215.170044    2571.000000  2895.815993  3070.818963  3245.821934   3735.000000
  1225.170044    2664.000000  2975.454701  3152.304992  3329.155282   3830.000000
  1235.270020    2631.000000  3048.233126  3229.903750  3411.574373   3922.000000
  1245.359985    2690.000000  3114.696235  3298.999522  3483.302810   4039.000000
  1255.459961    2737.000000  3150.322201  3336.824457  3523.326712   4054.000000
  1265.560059    2770.000000  3134.371044  3319.793647  3505.216250   4401.000000
  1275.660034    2781.000000  3125.629373  3308.497492  3491.365611   4631.000000
  1285.760010    2684.000000  3053.819390  3232.430141  3411.040892   4331.000000
  1295.859985    2647.000000  2985.656063  3161.683067  3337.710070   3806.000000
  1305.959961    2577.000000  2954.053361  3132.631717  3311.210074   3832.000000
  1316.050049    2470.000000  2854.060143  3043.044423  3232.028704   5196.000000
  1326.050049    2317.000000  2642.474121  2924.963697  3207.453274  16064.000000
  1336.150024    1585.000000  2652.416876  2963.524003  3274.631130   9717.000000
  1346.250000     850.000000  2446.238197  3198.629090  3951.019983   8370.000000
  1356.349976       0.000000     0.000000     0.000000     0.000000      0.000000
  1366.449951       0.000000     0.000000     0.000000     0.000000      0.000000
  1376.550049       0.000000     0.000000     0.000000     0.000000      0.000000
  1386.650024       0.000000     0.000000     0.000000     0.000000      0.000000
  1396.739990       0.000000     0.000000     0.000000     0.000000      0.000000
  1406.839966       0.000000     0.000000     0.000000     0.000000      0.000000
  1416.939941       0.000000     0.000000     0.000000     0.000000      0.000000
  1426.939941       0.000000     0.000000     0.000000     0.000000      0.000000
  1437.040039       0.000000     0.000000     0.000000     0.000000      0.000000
  1447.140015       0.000000     0.000000     0.000000     0.000000      0.000000
  1457.229980  -30408.000000  -535.838723   230.780750   997.400223   6524.000000
  1467.329956    -395.000000  -605.350907   115.906855   837.164616  16296.000000
  1477.430054    -275.000000   -98.567116   694.932410  1488.431935  26871.000000
  1487.530029     123.000000   567.041747   819.939097  1072.836447   5306.000000
  1497.630005     671.000000   836.951294   930.817292  1024.683289   1345.000000
  1507.729980     754.000000   899.079766   984.166229  1069.252692   1309.000000
  1517.829956     766.000000   939.373319  1036.919752  1134.466184   2160.000000
  1527.920044     812.000000   990.035564  1094.374970  1198.714377   3690.000000
  1537.920044     939.000000  1098.265912  1184.897779  1271.529646   1548.000000
  1548.020020     991.000000  1161.876517  1258.568665  1355.260813   2790.000000
  1558.119995    1047.000000  1228.358802  1331.787915  1435.217028   3315.000000
  1568.219971    1102.000000  1282.326915  1408.375687  1534.424459   5789.000000
  1578.319946    1154.000000  1356.164926  1468.910676  1581.656426   4098.000000
  1588.420044    1193.000000  1416.281398  1525.217339  1634.153280   3124.000000
  1598.510010    1260.000000  1451.385196  1562.421304  1673.457413   3773.000000
  1608.609985    1321.000000  1500.989668  1607.703606  1714.417545   2246.000000
  1618.709961    1334.000000  1539.550803  1650.429186  1761.307568   2464.000000
  1628.810059    1346.000000  1573.746513  1683.495104  1793.243695   2070.000000
  1638.810059    1391.000000  1631.840461  1740.347982  1848.855502   2121.000000
  1648.900024    1403.000000  1648.221306  1760.860998  1873.500690   2722.000000
  1659.000000    1403.000000  1615.174929  1731.930021  1848.685114   2959.000000
  1669.099976    1393.000000  1581.783803  1722.433962  1863.084122   7198.000000
  1679.199951    1372.000000  1582.135865  1696.310963  1810.486060   3724.000000
  1689.300049    1336.000000  1507.407235  1656.540960  1805.674686   8285.000000
  1699.400024    1284.000000  1382.641328  1622.341533  1862.041739  15083.000000
  1709.500000    1271.000000  1303.229516  1586.129448  1869.029381  18512.000000
  1719.599976    1257.000000  1416.834459  1535.953427  1655.072396   4667.000000
  1729.699951    1210.000000  1383.565845  1487.807738  1592.049631   1842.000000
  1739.699951    1142.000000  1335.626821  1449.725340  1563.823860   4200.000000
  1749.790039    1057.000000  1295.612739  1412.572725  1529.532712   4860.000000
  1759.890015    1068.000000  1263.667957  1363.898257  1464.128556   1807.000000
  1769.989990    1045.000000  1236.894433  1350.075472  1463.256510   2928.000000
  1780.089966     970.000000  1212.418071  1374.997612  1537.577152   7410.000000
  1790.189941     667.000000  1179.843473  1397.956532  1616.069592   2371.000000
  1800.290039       0.000000     0.000000     0.000000     0.000000      0.000000
  1810.380005       0.000000     0.000000     0.000000     0.000000      0.000000
  1820.479980       0.000000     0.000000     0.000000     0.000000      0.000000
  1830.579956       0.000000     0.000000     0.000000     0.000000      0.000000
  1840.579956       0.000000     0.000000     0.000000     0.000000      0.000000
  1850.680054       0.000000     0.000000     0.000000     0.000000      0.000000
  1860.780029       0.000000     0.000000     0.000000     0.000000      0.000000
  1870.869995       0.000000     0.000000     0.000000     0.000000      0.000000
  1880.979980       0.000000     0.000000     0.000000     0.000000      0.000000
  1891.069946       0.000000     0.000000     0.000000     0.000000      0.000000
  1901.170044       0.000000     0.000000     0.000000     0.000000      0.000000
  1911.270020       0.000000     0.000000     0.000000     0.000000      0.000000
  1921.369995       0.000000     0.000000     0.000000     0.000000      0.000000
  1931.469971       0.000000     0.000000     0.000000     0.000000      0.000000
  1941.569946       0.000000     0.000000     0.000000     0.000000      0.000000
  1951.569946       0.000000     0.000000     0.000000     0.000000      0.000000
  1961.660034     -96.000000  -570.797304    91.361595   753.520495  31296.000000
  1971.760010     -36.000000  -284.570018    79.106759   442.783536  17026.000000
  1981.859985     -30.000000    -0.913718   165.765942   332.445602   3656.000000
  1991.959961     -31.000000   -34.097938   161.255553   356.609043   7580.000000
  2002.060059     -48.000000  -462.647469   102.324337   667.296143  26930.000000
  2012.150024     -35.000000  -296.148303   122.568426   541.285155   9134.000000
  2022.250000     -21.000000   155.366271   314.734894   474.103516   1794.000000
  2032.349976      97.000000   265.288285   362.681395   460.074504    765.000000
  2042.449951      24.000000   223.178091   348.973012   474.767933   3946.000000
  2052.449951     -22.000000   169.879219   339.840697   509.802176   3647.000000
  2062.550049      66.000000   351.732743   485.984237   620.235731    893.000000
  2072.649902     127.000000   341.701746   507.449487   673.197227   5954.000000
  2082.750000     184.000000   390.216196   488.693814   587.171432   1441.000000
  2092.840088     182.000000   402.084846   514.060425   626.036004   3270.000000
  2102.939941     297.000000   496.733116   573.146406   649.559695    882.000000
  2113.040039     311.000000   448.816816   583.175782   717.534748   5558.000000
  2123.139893     302.000000   471.633064   552.449964   633.266864    877.000000
  2133.239990     302.000000   476.894748   562.922618   648.950487   1969.000000
  2143.340088     355.000000   544.015552   627.528541   711.041530   1005.000000
  2153.340088     346.000000   535.614122   645.534750   755.455379   3745.000000
  2163.429932     307.000000   487.867189   602.447815   717.028441   4483.000000
  2173.530029     320.000000   510.369820   611.468116   712.566411   1017.000000
  2183.629883     445.000000   621.258959   696.190829   771.122699   1011.000000
  2193.729980     475.000000   596.485364   705.985909   815.486454   5709.000000
  2203.830078     388.000000   555.769652   691.829711   827.889770   6927.000000
  2213.929932     382.000000   556.256847   687.062097   817.867347   4443.000000
  2224.030029     458.000000   617.998007   694.372582   770.747157   2588.000000
  2234.120117     448.000000   590.059582   674.786004   759.512427   3462.000000
  2244.219971     423.000000   539.750815   622.042035   704.333255   2539.000000
  2254.219971     296.000000   510.294429   600.189157   690.083885   2073.000000
  2264.320068     319.000000   420.921407   599.879150   778.836892  10160.000000
  2274.419922     312.000000   491.580980   562.983043   634.385106    824.000000
  2284.520020     232.000000   448.771931   538.872224   628.972516   2609.000000
  2294.610107     170.000000   413.220247   508.773824   604.327401    845.000000
  2304.709961     185.000000   397.265516   481.932649   566.599782   2234.000000
  2314.810059     101.000000   363.568607   459.554335   555.540063    802.000000
  2324.909912      59.000000   284.957182   444.814664   604.672147   9051.000000
  2335.010010     -17.000000   264.677178   419.469310   574.261442   6871.000000
  2345.110107     -19.000000   260.518268   407.860043   555.201818   1072.000000
  2355.209961     -18.000000   200.206473   384.934559   569.662646   1223.000000
  2365.199951     -19.000000    22.817836   374.973251   727.128665  17992.000000
  2375.300049     -21.000000    10.520200   400.710294   790.900387   9436.000000
  2385.399902     -25.000000   -68.528287   505.233580  1078.995447   3473.000000
  2395.500000  -16947.000000  -234.989684   576.349893  1387.689469  16264.000000
