ENVI ASCII Plot File [Fri Mar 11 11:22:35 2016]
Column 1: Wavelength
Column 2: Min: B15_1~~2##255,0,0
Column 3: Min-StdDev: B15_1~~21##0,200,0
Column 4: Mean: B15_1~~0##0,0,0
Column 5: Min+StdDev: B15_1~~21##0,200,0
Column 6: Max: B15_1~~2##255,0,0
   426.820007      92.000000   300.330971   470.163680   639.996389   3293.000000
   436.989990     123.000000   302.406704   438.666667   574.926630   1407.000000
   447.170013      30.000000   185.133612   341.169654   497.205695   1459.000000
   457.339996      91.000000   218.555468   372.109916   525.664365   1417.000000
   467.519989     175.000000   267.538474   415.418160   563.297846   1504.000000
   477.690002     237.000000   328.524125   465.019116   601.514106   1435.000000
   487.869995     250.000000   333.156929   477.769415   622.381900   1532.000000
   498.040009     276.000000   370.209790   520.500597   670.791405   1590.000000
   508.220001     323.000000   424.694932   578.310633   731.926335   1715.000000
   518.390015     387.000000   482.160628   638.639188   795.117747   1765.000000
   528.570007     425.000000   554.485468   709.369176   864.252883   1823.000000
   538.739990     445.000000   607.739019   766.721625   925.704231   1926.000000
   548.919983     504.000000   664.784658   828.449223   992.113788   1984.000000
   559.090027     531.000000   700.970745   870.726404  1040.482063   2062.000000
   569.270020     557.000000   719.942689   900.518519  1081.094348   2089.000000
   579.450012     534.000000   722.525185   921.538829  1120.552473   2229.000000
   589.619995     542.000000   745.563397   955.322581  1165.081764   2178.000000
   599.799988     534.000000   768.367197   994.875747  1221.384297   2322.000000
   609.969971     536.000000   788.966048  1023.531661  1258.097274   2338.000000
   620.150024     525.000000   790.240798  1035.003584  1279.766371   2349.000000
   630.320007     524.000000   797.104717  1049.234170  1301.363622   2378.000000
   640.500000     509.000000   804.776017  1062.823178  1320.870339   2399.000000
   650.669983     520.000000   812.186463  1078.876941  1345.567420   2400.000000
   660.849976     483.000000   801.757053  1080.771804  1359.786555   2449.000000
   671.020020     483.000000   793.929392  1077.297491  1360.665590   2465.000000
   681.200012     493.000000   806.870955  1094.224612  1381.578269   2462.000000
   691.369995     546.000000   861.387286  1143.712067  1426.036848   2516.000000
   701.549988     719.000000  1031.635714  1289.729988  1547.824262   2552.000000
   711.719971    1067.000000  1408.187241  1589.302270  1770.417299   2533.000000
   721.900024    1233.000000  1710.296430  1897.703704  2085.110977   2868.000000
   732.070007    1302.000000  1978.168799  2214.401434  2450.634069   3017.000000
   742.250000    1307.000000  2079.263520  2359.599761  2639.936002   3262.000000
   752.429993    1268.000000  2123.364458  2430.488650  2737.612842   3407.000000
   762.599976    1325.000000  2223.800244  2544.724014  2865.647784   3566.000000
   772.780029    1343.000000  2298.821772  2641.793309  2984.764846   3780.000000
   782.950012    1310.000000  2264.620425  2608.043011  2951.465596   3708.000000
   793.130005    1300.000000  2269.685228  2616.959379  2964.233529   3795.000000
   803.299988    1333.000000  2293.081957  2646.612903  3000.143849   3829.000000
   813.479980    1320.000000  2261.061985  2610.968937  2960.875888   3772.000000
   823.650024    1343.000000  2359.140844  2724.962963  3090.785082   3930.000000
   833.830017    1355.000000  2374.523509  2749.369176  3124.214842   3925.000000
   844.000000    1320.000000  2363.029542  2742.109916  3121.190291   3995.000000
   854.179993    1334.000000  2328.784969  2748.230585  3167.676202   7799.000000
   864.349976    1314.000000  2358.343649  2744.532855  3130.722062   3978.000000
   874.530029    1325.000000  2347.414029  2735.186380  3122.958730   3916.000000
   884.700012    1266.000000  2377.820706  2773.016726  3168.212747   4003.000000
   894.880005    1245.000000  2305.909898  2715.664277  3125.418657   5431.000000
   905.049988    1327.000000  2376.656334  2767.242533  3157.828732   4101.000000
   915.229980    1276.000000  2379.909868  2757.892473  3135.875078   3958.000000
   925.409973    1228.000000  2472.381301  2872.632019  3272.882737   4192.000000
   912.450012    1070.000000  2314.546988  2818.504182  3322.461375   4515.000000
   922.539978    1059.000000  2314.432976  2791.675030  3268.917084   4391.000000
   932.640015     209.000000  2048.680944  2685.011947  3321.342951   5141.000000
   942.729980     282.000000  2075.860187  2762.131422  3448.402656   5056.000000
   952.820007  -17732.000000  1820.671793  2742.468339  3664.264886   6390.000000
   962.909973    1471.000000  2414.057053  2836.283154  3258.509255   4314.000000
   972.989990    1431.000000  2503.125436  2904.990442  3306.855448   4051.000000
   983.080017    1479.000000  2552.878778  2957.091995  3361.305213   4247.000000
   993.169983    1378.000000  2526.226278  2918.557945  3310.889612   4149.000000
  1003.299988    1423.000000  2519.668633  2921.426523  3323.184414   4984.000000
  1013.299988    1400.000000  2534.515521  2943.175627  3351.835734   4159.000000
  1023.400024    1382.000000  2562.693343  2977.960573  3393.227804   4246.000000
  1033.489990    1348.000000  2577.892650  2987.425329  3396.958007   4375.000000
  1043.589966    1345.000000  2582.554626  2994.769415  3406.984203   4375.000000
  1053.689941    1364.000000  2548.506380  2976.684588  3404.862795   4317.000000
  1063.790039    1324.000000  2518.178561  2940.303465  3362.428368   4253.000000
  1073.890015    1297.000000  2441.358046  2851.428913  3261.499780   4058.000000
  1083.989990    1183.000000  2407.268054  2823.379928  3239.491803   5123.000000
  1094.089966    1257.000000  2402.241110  2818.005974  3233.770838   4389.000000
  1104.189941    1319.000000  2349.890452  2756.425329  3162.960205   4023.000000
  1114.189941    1140.000000  2284.553160  2748.433692  3212.314224   4045.000000
  1124.280029    -717.000000  1574.748876  2683.057348  3791.365820   7301.000000
  1134.380005    1083.000000  2044.677634  2635.990442  3227.303250  10899.000000
  1144.479980    1166.000000  2080.076208  2562.316607  3044.557006   4168.000000
  1154.579956    1506.000000  2199.486537  2522.211470  2844.936402   3820.000000
  1164.680054    1352.000000  2243.962155  2560.211470  2876.460784   3682.000000
  1174.770020    1297.000000  2243.284251  2561.738351  2880.192452   3674.000000
  1184.869995    1298.000000  2225.358813  2551.541219  2877.723624   5025.000000
  1194.969971    1282.000000  2273.501218  2599.622461  2925.743705   3718.000000
  1205.069946    1283.000000  2274.688361  2599.945042  2925.201723   3661.000000
  1215.170044    1358.000000  2283.783986  2615.942652  2948.101318   3787.000000
  1225.170044    1318.000000  2144.003073  2689.145759  3234.288445  14926.000000
  1235.270020    1391.000000  2371.353800  2726.654719  3081.955638   3892.000000
  1245.359985    1401.000000  2403.031195  2764.700119  3126.369044   3940.000000
  1255.459961    1329.000000  2414.323368  2779.488650  3144.653932   3968.000000
  1265.560059    1291.000000  2418.233888  2777.517324  3136.800760   3892.000000
  1275.660034    1369.000000  2420.894780  2783.144564  3145.394348   3996.000000
  1285.760010    1351.000000  2380.232503  2737.715651  3095.198799   3895.000000
  1295.859985    1373.000000  2382.750234  2742.397849  3102.045465   3928.000000
  1305.959961    1441.000000  2355.809508  2707.488650  3059.167792   3914.000000
  1316.050049    1442.000000  2322.301553  2658.347670  2994.393787   3865.000000
  1326.050049    1450.000000  2211.318375  2611.170848  3011.023322   8838.000000
  1336.150024    1058.000000  2183.623253  2569.479092  2955.334931   5589.000000
  1346.250000       0.000000     0.000000     0.000000     0.000000      0.000000
  1356.349976       0.000000     0.000000     0.000000     0.000000      0.000000
  1366.449951       0.000000     0.000000     0.000000     0.000000      0.000000
  1376.550049       0.000000     0.000000     0.000000     0.000000      0.000000
  1386.650024       0.000000     0.000000     0.000000     0.000000      0.000000
  1396.739990       0.000000     0.000000     0.000000     0.000000      0.000000
  1406.839966       0.000000     0.000000     0.000000     0.000000      0.000000
  1416.939941       0.000000     0.000000     0.000000     0.000000      0.000000
  1426.939941       0.000000     0.000000     0.000000     0.000000      0.000000
  1437.040039       0.000000     0.000000     0.000000     0.000000      0.000000
  1447.140015       0.000000     0.000000     0.000000     0.000000      0.000000
  1457.229980    -466.000000  -473.049745   218.972521   910.994787   2624.000000
  1467.329956       0.000000     0.000000     0.000000     0.000000      0.000000
  1477.430054  -26089.000000  -320.119398   898.093190  2116.305778   3527.000000
  1487.530029     450.000000  1065.130252  1440.953405  1816.776558   3424.000000
  1497.630005    1091.000000  1395.489589  1660.155317  1924.821044   3044.000000
  1507.729980    1204.000000  1473.884797  1743.778973  2013.673148   3240.000000
  1517.829956    1157.000000  1497.575688  1759.264038  2020.952388   3262.000000
  1527.920044    1172.000000  1531.760131  1788.434886  2045.109642   3209.000000
  1537.920044    1255.000000  1586.434347  1836.520908  2086.607469   3270.000000
  1548.020020    1249.000000  1625.062999  1873.482676  2121.902354   3319.000000
  1558.119995    1298.000000  1660.705984  1907.200717  2153.695450   3423.000000
  1568.219971    1303.000000  1715.033160  1962.536440  2210.039719   3412.000000
  1578.319946    1238.000000  1751.474025  2006.875747  2262.277469   3530.000000
  1588.420044    1260.000000  1780.570428  2038.230585  2295.890743   3543.000000
  1598.510010    1366.000000  1804.790439  2061.640382  2318.490325   3467.000000
  1608.609985    1391.000000  1831.884235  2087.690562  2343.496888   3507.000000
  1618.709961    1322.000000  1835.164176  2096.119474  2357.074772   3529.000000
  1628.810059    1330.000000  1854.039271  2114.083632  2374.127993   3529.000000
  1638.810059    1332.000000  1868.458122  2130.817204  2393.176287   4092.000000
  1648.900024    1346.000000  1884.102695  2138.442055  2392.781415   3572.000000
  1659.000000    1383.000000  1899.727467  2163.983274  2428.239080   3562.000000
  1669.099976    1359.000000  1903.590659  2165.385902  2427.181145   3590.000000
  1679.199951    1326.000000  1867.301459  2129.561529  2391.821600   3570.000000
  1689.300049    1316.000000  1845.450020  2107.043011  2368.636002   3518.000000
  1699.400024    1343.000000  1810.551958  2086.953405  2363.354852   4796.000000
  1709.500000    1333.000000  1721.056839  2074.690562  2428.324284   9029.000000
  1719.599976    1287.000000  1792.001632  2054.172043  2316.342454   3506.000000
  1729.699951    1220.000000  1748.149286  2009.087216  2270.025147   3485.000000
  1739.699951    1223.000000  1715.628944  1969.164875  2222.700805   3406.000000
  1749.790039    1194.000000  1646.827929  1969.829152  2292.830375   7824.000000
  1759.890015    1163.000000  1681.285460  1932.229391  2183.173321   3328.000000
  1769.989990    1131.000000  1656.846817  1909.798088  2162.749360   3314.000000
  1780.089966    1145.000000  1552.459513  1922.419355  2292.379197   9408.000000
  1790.189941     810.000000  1560.771322  1885.235364  2209.699407   3105.000000
  1800.290039       0.000000     0.000000     0.000000     0.000000      0.000000
  1810.380005       0.000000     0.000000     0.000000     0.000000      0.000000
  1820.479980       0.000000     0.000000     0.000000     0.000000      0.000000
  1830.579956       0.000000     0.000000     0.000000     0.000000      0.000000
  1840.579956       0.000000     0.000000     0.000000     0.000000      0.000000
  1850.680054       0.000000     0.000000     0.000000     0.000000      0.000000
  1860.780029       0.000000     0.000000     0.000000     0.000000      0.000000
  1870.869995       0.000000     0.000000     0.000000     0.000000      0.000000
  1880.979980       0.000000     0.000000     0.000000     0.000000      0.000000
  1891.069946       0.000000     0.000000     0.000000     0.000000      0.000000
  1901.170044       0.000000     0.000000     0.000000     0.000000      0.000000
  1911.270020       0.000000     0.000000     0.000000     0.000000      0.000000
  1921.369995       0.000000     0.000000     0.000000     0.000000      0.000000
  1931.469971       0.000000     0.000000     0.000000     0.000000      0.000000
  1941.569946       0.000000     0.000000     0.000000     0.000000      0.000000
  1951.569946       0.000000     0.000000     0.000000     0.000000      0.000000
  1961.660034       0.000000     0.000000     0.000000     0.000000      0.000000
  1971.760010     -40.000000   419.379153   819.681004  1219.982854   2874.000000
  1981.859985     346.000000   739.056431  1078.133811  1417.211192   2761.000000
  1991.959961     341.000000   728.372354  1078.289128  1428.205902   2744.000000
  2002.060059     -56.000000   205.095382   770.789725  1336.484068   3039.000000
  2012.150024     -40.000000   299.026295   835.833931  1372.641566   3012.000000
  2022.250000     429.000000   974.692030  1283.592593  1592.493155   3055.000000
  2032.349976     569.000000  1003.966090  1300.039427  1596.112763   3068.000000
  2042.449951     601.000000   980.819424  1297.388292  1613.957159   2896.000000
  2052.449951     443.000000  1004.897608  1373.019116  1741.140624   4070.000000
  2062.550049     757.000000  1153.409889  1492.259259  1831.108629   3432.000000
  2072.649902     743.000000  1118.923327  1496.185185  1873.447044   6780.000000
  2082.750000     649.000000  1102.925701  1453.669056  1804.412411   5565.000000
  2092.840088     751.000000  1139.905891  1462.602151  1785.298411   3484.000000
  2102.939941     819.000000  1182.777150  1495.829152  1808.881153   3212.000000
  2113.040039     772.000000  1156.242564  1492.935484  1829.628404   5335.000000
  2123.139893     807.000000  1157.740535  1461.326165  1764.911794   3168.000000
  2133.239990     715.000000  1153.909774  1457.218638  1760.527502   3205.000000
  2143.340088     815.000000  1189.604498  1484.801673  1779.998848   3270.000000
  2153.340088     776.000000  1196.185719  1483.876941  1771.568164   3267.000000
  2163.429932     791.000000  1130.792151  1436.609319  1742.426487   3320.000000
  2173.530029     787.000000  1130.874634  1435.522103  1740.169571   3211.000000
  2183.629883     918.000000  1239.238568  1523.685783  1808.132998   3416.000000
  2193.729980     960.000000  1239.924635  1520.732378  1801.540120   3253.000000
  2203.830078     743.000000  1152.931910  1441.350060  1729.768210   3124.000000
  2213.929932     782.000000  1143.905354  1423.542413  1703.179473   3082.000000
  2224.030029     888.000000  1177.321927  1447.584229  1717.846532   3129.000000
  2234.120117     867.000000  1162.479928  1435.287933  1708.095938   3127.000000
  2244.219971     743.000000  1098.395384  1388.817204  1679.239025   3745.000000
  2254.219971     721.000000  1087.993674  1374.697730  1661.401786   3015.000000
  2264.320068     726.000000  1137.832584  1419.396655  1700.960725   3069.000000
  2274.419922     671.000000  1103.461810  1388.027479  1672.593148   3066.000000
  2284.520020     733.000000  1024.368217  1313.609319  1602.850421   3096.000000
  2294.610107     709.000000   977.524800  1267.051374  1556.577948   3006.000000
  2304.709961     642.000000   976.526812  1259.071685  1541.616557   2846.000000
  2314.810059     566.000000   837.307800  1240.492234  1643.676668   8616.000000
  2324.909912     591.000000   872.657796  1205.162485  1537.667174   6491.000000
  2335.010010     544.000000   889.151669  1171.749104  1454.346539   2644.000000
  2345.110107     343.000000   842.745136  1150.665472  1458.585808   2861.000000
  2355.209961     221.000000   777.623936  1117.305854  1456.987773   2737.000000
  2365.199951     -24.000000   721.538451  1118.593787  1515.649124   2580.000000
  2375.300049     -27.000000   468.614066  1077.706093  1686.798120   2927.000000
  2385.399902     -29.000000   -99.128302  1082.554361  2264.237023  23000.000000
  2395.500000     -27.000000    25.627325  1084.326165  2143.025005   7411.000000
