ENVI ASCII Plot File [Thu Mar 10 17:39:13 2016]
Column 1: Wavelength
Column 2: Min: Ciudad~~2##255,0,0
Column 3: Min-StdDev: Ciudad~~21##0,200,0
Column 4: Mean: Ciudad~~0##0,0,0
Column 5: Min+StdDev: Ciudad~~21##0,200,0
Column 6: Max: Ciudad~~2##255,0,0
   426.820007     -15.000000   218.358926   414.074561   609.790197   2403.000000
   436.989990      53.000000   210.905313   409.928070   608.950828   2681.000000
   447.170013    -103.000000    60.661426   308.340351   556.019276   3226.000000
   457.339996     -49.000000    93.569122   327.640351   561.711580   2913.000000
   467.519989      31.000000   156.802328   383.616667   610.431005   2905.000000
   477.690002      96.000000   233.107154   443.002632   652.898109   2722.000000
   487.869995      84.000000   231.597513   446.479825   661.362136   2778.000000
   498.040009     117.000000   260.349426   482.540351   704.731275   2877.000000
   508.220001     157.000000   293.540776   537.235088   780.929399   3082.000000
   518.390015     189.000000   357.528845   588.867544   820.206243   3058.000000
   528.570007     204.000000   443.466861   670.748246   898.029630   3036.000000
   538.739990     218.000000   509.355793   736.793860   964.231926   3123.000000
   548.919983     252.000000   560.867002   792.508772  1024.150542   3126.000000
   559.090027     268.000000   594.869252   828.041228  1061.213204   3127.000000
   569.270020     258.000000   599.151525   843.967544  1088.783563   3136.000000
   579.450012     227.000000   574.777386   833.890351  1093.003316   3145.000000
   589.619995     257.000000   579.545632   850.291228  1121.036824   3101.000000
   599.799988     256.000000   580.862878   860.482456  1140.102034   3045.000000
   609.969971     251.000000   594.687206   883.214912  1171.742619   3086.000000
   620.150024     254.000000   588.383759   884.548246  1180.712732   3053.000000
   630.320007     232.000000   586.537665   891.752632  1196.967598   3051.000000
   640.500000     220.000000   581.173471   888.926316  1196.679161   2988.000000
   650.669983     237.000000   591.516486   912.431579  1233.346672   3040.000000
   660.849976     206.000000   564.376708   893.217544  1222.058379   3031.000000
   671.020020     186.000000   557.603436   892.120175  1226.636915   3037.000000
   681.200012     188.000000   561.590960   903.941228  1246.291496   3048.000000
   691.369995     218.000000   611.799173   958.955263  1306.111353   3082.000000
   701.549988     279.000000   731.920568  1050.314035  1368.707502   3023.000000
   711.719971     387.000000  1224.604820  1471.069298  1717.533776   2989.000000
   721.900024     523.000000  1536.949536  1767.135088  1997.320639   3056.000000
   732.070007     629.000000  1759.520827  2024.764035  2290.007243   3008.000000
   742.250000     720.000000  1956.575007  2279.668421  2602.761835   3502.000000
   752.429993     798.000000  2130.487270  2505.070175  2879.653081   4010.000000
   762.599976     815.000000  2189.349766  2579.419298  2969.488831   4274.000000
   772.780029     843.000000  2187.518793  2594.264912  3001.011032   4137.000000
   782.950012     878.000000  2260.530390  2679.757018  3098.983645   4431.000000
   793.130005     871.000000  2263.535257  2685.732456  3107.929656   4421.000000
   803.299988     870.000000  2277.711168  2706.651754  3135.592341   4442.000000
   813.479980     861.000000  2333.718695  2773.635965  3213.553235   4680.000000
   823.650024     870.000000  2299.678587  2739.314035  3178.949483   4459.000000
   833.830017     887.000000  2308.667259  2752.269298  3195.871338   4493.000000
   844.000000     918.000000  2339.121521  2787.252632  3235.383742   4659.000000
   854.179993     927.000000  2381.537047  2838.015789  3294.494532   4740.000000
   864.349976     909.000000  2373.145345  2834.121053  3295.096761   4727.000000
   874.530029     955.000000  2380.541209  2845.707895  3310.874580   4761.000000
   884.700012     932.000000  2434.832876  2910.882456  3386.932037   4913.000000
   894.880005     895.000000  2472.178991  2960.945614  3449.712237   5025.000000
   905.049988     968.000000  2383.989784  2858.768421  3333.547058   5552.000000
   915.229980     940.000000  2362.315020  2816.664035  3271.013050   4874.000000
   925.409973     839.000000  2420.083056  2866.940351  3313.797645   4663.000000
   912.450012     707.000000  2306.014349  2853.355263  3400.696177   4888.000000
   922.539978     636.000000  2353.977508  2887.771930  3421.566352   5198.000000
   932.640015     842.000000  2200.988106  2860.357895  3519.727683   5793.000000
   942.729980     986.000000  2190.295743  2890.057018  3589.818292   5480.000000
   952.820007     843.000000  2239.257883  2883.424561  3527.591240   5040.000000
   962.909973     870.000000  2363.075528  2865.428947  3367.782367   4546.000000
   972.989990     955.000000  2419.960152  2876.354386  3332.748620   4445.000000
   983.080017     978.000000  2464.064947  2957.571053  3451.077159   8023.000000
   993.169983     932.000000  2475.365254  2950.857018  3426.348782   4837.000000
  1003.299988     927.000000  2484.423124  2970.526316  3456.629507   5717.000000
  1013.299988    1032.000000  2512.246891  2975.984211  3439.721530   4891.000000
  1023.400024    1063.000000  2545.816819  3019.992982  3494.169146   4908.000000
  1033.489990    1015.000000  2568.863690  3057.081579  3545.299468   4922.000000
  1043.589966     991.000000  2580.991415  3073.596491  3566.201568   4974.000000
  1053.689941     976.000000  2564.620541  3068.608772  3572.597002   5057.000000
  1063.790039    1042.000000  2534.736047  3053.639474  3572.542900   7804.000000
  1073.890015     923.000000  2466.067917  2949.021930  3431.975942   4973.000000
  1083.989990     909.000000  2440.768662  2918.729825  3396.690988   4824.000000
  1094.089966     889.000000  2450.865124  2934.382456  3417.899789   4876.000000
  1104.189941     841.000000  2384.165819  2854.840351  3325.514883   4744.000000
  1114.189941     731.000000  2376.318405  2849.601754  3322.885103   4934.000000
  1124.280029     496.000000  2037.233188  2727.245614  3417.258040   4852.000000
  1134.380005     830.000000  2221.482951  2699.717544  3177.952137   4637.000000
  1144.479980     693.000000  2155.082107  2601.521053  3047.959998   4395.000000
  1154.579956     737.000000  2098.294833  2461.308772  2824.322711   5837.000000
  1164.680054     787.000000  2182.712760  2536.828070  2890.943380   3766.000000
  1174.770020     767.000000  2194.516069  2550.022807  2905.529545   3827.000000
  1184.869995     789.000000  2196.307882  2549.167544  2902.027206   3863.000000
  1194.969971     807.000000  2247.925956  2613.984211  2980.042465   4005.000000
  1205.069946     814.000000  2265.163441  2632.688596  3000.213752   3968.000000
  1215.170044     857.000000  2295.543472  2676.663158  3057.782844   4728.000000
  1225.170044     849.000000  2337.596650  2722.089474  3106.582297   4169.000000
  1235.270020     855.000000  2377.421346  2767.382456  3157.343566   4309.000000
  1245.359985     848.000000  2405.830935  2805.536842  3205.242750   4350.000000
  1255.459961     866.000000  2421.567158  2827.300877  3233.034596   4779.000000
  1265.560059     922.000000  2428.068805  2824.049123  3220.029440   4240.000000
  1275.660034     906.000000  2429.507431  2820.266667  3211.025903   4301.000000
  1285.760010     892.000000  2389.175705  2779.901754  3170.627804   4307.000000
  1295.859985     847.000000  2366.228893  2752.686842  3139.144791   4145.000000
  1305.959961     856.000000  2375.493408  2757.732456  3139.971504   4123.000000
  1316.050049     792.000000  2315.760526  2682.209649  3048.658772   4102.000000
  1326.050049     828.000000  2241.259661  2597.960526  2954.661392   4037.000000
  1336.150024     797.000000  2139.402096  2528.555263  2917.708430   4329.000000
  1346.250000     838.000000  1946.860750  2732.855263  3518.849776   8336.000000
  1356.349976       0.000000     0.000000     0.000000     0.000000      0.000000
  1366.449951       0.000000     0.000000     0.000000     0.000000      0.000000
  1376.550049       0.000000     0.000000     0.000000     0.000000      0.000000
  1386.650024       0.000000     0.000000     0.000000     0.000000      0.000000
  1396.739990       0.000000     0.000000     0.000000     0.000000      0.000000
  1406.839966       0.000000     0.000000     0.000000     0.000000      0.000000
  1416.939941       0.000000     0.000000     0.000000     0.000000      0.000000
  1426.939941       0.000000     0.000000     0.000000     0.000000      0.000000
  1437.040039       0.000000     0.000000     0.000000     0.000000      0.000000
  1447.140015       0.000000     0.000000     0.000000     0.000000      0.000000
  1457.229980    -282.000000   149.600712   771.723684  1393.846656   4725.000000
  1467.329956    -360.000000  -246.106471   526.447368  1299.001208   5183.000000
  1477.430054  -28293.000000  -175.894931   882.492105  1940.879142   4576.000000
  1487.530029     179.000000   839.921013  1239.321053  1638.721093   3921.000000
  1497.630005     429.000000  1127.459356  1455.755263  1784.051170   3714.000000
  1507.729980     442.000000  1199.288299  1528.781579  1858.274859   3930.000000
  1517.829956     388.000000  1252.217548  1591.119298  1930.021049   3985.000000
  1527.920044     348.000000  1293.341860  1625.261404  1957.180947   4008.000000
  1537.920044     494.000000  1372.574445  1695.615789  2018.657134   4029.000000
  1548.020020     527.000000  1419.774894  1738.828947  2057.883000   3951.000000
  1558.119995     544.000000  1477.475296  1792.223684  2106.972072   4040.000000
  1568.219971     594.000000  1533.704089  1847.798246  2161.892402   4107.000000
  1578.319946     565.000000  1578.689831  1892.330702  2205.971572   4092.000000
  1588.420044     569.000000  1612.220129  1925.018421  2237.816713   4139.000000
  1598.510010     552.000000  1636.797489  1953.664912  2270.532336   4174.000000
  1608.609985     589.000000  1669.030334  1982.905263  2296.780192   4121.000000
  1618.709961     655.000000  1695.238620  2005.402632  2315.566643   4150.000000
  1628.810059     592.000000  1717.908217  2025.443860  2332.979502   4141.000000
  1638.810059     620.000000  1736.870364  2042.949123  2349.027881   4186.000000
  1648.900024     627.000000  1748.115909  2055.458772  2362.801635   4213.000000
  1659.000000     637.000000  1768.348886  2078.049123  2387.749359   4189.000000
  1669.099976     618.000000  1765.682551  2076.385965  2387.089379   4211.000000
  1679.199951     631.000000  1729.485955  2040.272807  2351.059659   4141.000000
  1689.300049     578.000000  1699.378377  2013.200000  2327.021623   4194.000000
  1699.400024     596.000000  1683.124227  1996.719298  2310.314369   4179.000000
  1709.500000     563.000000  1662.476763  1978.654386  2294.832009   4255.000000
  1719.599976     594.000000  1629.585335  1944.283333  2258.981332   4156.000000
  1729.699951     586.000000  1584.028447  1889.001754  2193.975062   3991.000000
  1739.699951     507.000000  1550.747218  1865.513158  2180.279098   4109.000000
  1749.790039     513.000000  1525.653995  1836.771930  2147.889865   4067.000000
  1759.890015     522.000000  1492.652991  1800.341228  2108.029465   4054.000000
  1769.989990     508.000000  1448.731573  1772.862281  2096.992989   4894.000000
  1780.089966     382.000000  1424.180575  1744.590351  2065.000127   3924.000000
  1790.189941     316.000000  1363.473133  1713.901754  2064.330376   3941.000000
  1800.290039       0.000000     0.000000     0.000000     0.000000      0.000000
  1810.380005       0.000000     0.000000     0.000000     0.000000      0.000000
  1820.479980       0.000000     0.000000     0.000000     0.000000      0.000000
  1830.579956       0.000000     0.000000     0.000000     0.000000      0.000000
  1840.579956       0.000000     0.000000     0.000000     0.000000      0.000000
  1850.680054       0.000000     0.000000     0.000000     0.000000      0.000000
  1860.780029       0.000000     0.000000     0.000000     0.000000      0.000000
  1870.869995       0.000000     0.000000     0.000000     0.000000      0.000000
  1880.979980       0.000000     0.000000     0.000000     0.000000      0.000000
  1891.069946       0.000000     0.000000     0.000000     0.000000      0.000000
  1901.170044       0.000000     0.000000     0.000000     0.000000      0.000000
  1911.270020       0.000000     0.000000     0.000000     0.000000      0.000000
  1921.369995       0.000000     0.000000     0.000000     0.000000      0.000000
  1931.469971       0.000000     0.000000     0.000000     0.000000      0.000000
  1941.569946       0.000000     0.000000     0.000000     0.000000      0.000000
  1951.569946       0.000000     0.000000     0.000000     0.000000      0.000000
  1961.660034     -92.000000  -417.642254   337.484211  1092.610675   4173.000000
  1971.760010     -36.000000   240.559697   703.857018  1167.154338   3947.000000
  1981.859985      15.000000   501.440426   886.936842  1272.433258   3621.000000
  1991.959961     -33.000000   489.384353   902.174561  1314.964770   3886.000000
  2002.060059     -50.000000   -42.245107   684.213158  1410.671423  12480.000000
  2012.150024     -38.000000   185.587062   737.928947  1290.270833   4188.000000
  2022.250000      17.000000   699.970420  1083.868421  1467.766422   3979.000000
  2032.349976     128.000000   753.166764  1134.779825  1516.392886   3929.000000
  2042.449951     136.000000   755.278429  1153.609649  1551.940869   4023.000000
  2052.449951      71.000000   763.740080  1214.964912  1666.189745   4896.000000
  2062.550049     231.000000   900.840015  1318.732456  1736.624897   4511.000000
  2072.649902     318.000000   911.945487  1321.691228  1731.436970   4345.000000
  2082.750000     197.000000   890.610140  1301.729825  1712.849509   4239.000000
  2092.840088     138.000000   907.419184  1319.128947  1730.838710   4324.000000
  2102.939941     202.000000   958.231775  1356.481579  1754.731383   4365.000000
  2113.040039     235.000000   965.267273  1359.195614  1753.123955   4483.000000
  2123.139893     276.000000   948.782445  1337.457018  1726.131590   4273.000000
  2133.239990     242.000000   953.710901  1339.170175  1724.629450   4161.000000
  2143.340088     226.000000   977.234311  1352.844737  1728.455162   4274.000000
  2153.340088     215.000000   982.672292  1353.163158  1723.654024   4214.000000
  2163.429932     164.000000   922.432656  1336.034211  1749.635765   6906.000000
  2173.530029     163.000000   951.313353  1330.527193  1709.741033   4134.000000
  2183.629883     280.000000  1026.232020  1378.270175  1730.308331   3948.000000
  2193.729980     296.000000  1041.660942  1388.663158  1735.665374   3966.000000
  2203.830078     247.000000   976.674056  1341.491228  1706.308400   4114.000000
  2213.929932     274.000000   973.057282  1332.754386  1692.451490   4067.000000
  2224.030029     252.000000   996.623872  1345.838596  1695.053321   3946.000000
  2234.120117     279.000000   981.223776  1330.192105  1679.160434   3888.000000
  2244.219971     298.000000   940.462890  1303.844737  1667.226584   4120.000000
  2254.219971     286.000000   910.801215  1288.218421  1665.635627   4171.000000
  2264.320068     238.000000   936.142703  1289.439474  1642.736245   3931.000000
  2274.419922     308.000000   898.811993  1253.446491  1608.080990   3926.000000
  2284.520020     326.000000   842.486105  1211.686842  1580.887580   4157.000000
  2294.610107     320.000000   808.909827  1180.469298  1552.028769   4204.000000
  2304.709961     200.000000   799.780808  1154.919298  1510.057789   3987.000000
  2314.810059     130.000000   767.048186  1126.933333  1486.818481   3943.000000
  2324.909912       4.000000   753.542325  1102.571053  1451.599781   3773.000000
  2335.010010     -24.000000   723.323056  1077.449123  1431.575190   3675.000000
  2345.110107     127.000000   681.281784  1033.892105  1386.502426   3519.000000
  2355.209961     -22.000000   638.412923  1002.465789  1366.518656   3499.000000
  2365.199951     -24.000000   583.541975  1016.969298  1450.396622   5184.000000
  2375.300049     -25.000000   374.662984   973.657895  1572.652805   9673.000000
  2385.399902     -26.000000   251.399839   952.742105  1654.084372   3489.000000
  2395.500000     -25.000000   152.442348   954.789474  1757.136600   4031.000000
