ENVI ASCII Plot File [Thu Mar 10 17:36:01 2016]
Column 1: Wavelength
Column 2: Min: embalse~~2##255,0,0
Column 3: Min-StdDev: embalse~~21##0,200,0
Column 4: Mean: embalse~~0##0,0,0
Column 5: Min+StdDev: embalse~~21##0,200,0
Column 6: Max: embalse~~2##255,0,0
   426.820007    -123.000000     9.779662   201.901887   394.024111   8263.000000
   436.989990     -90.000000    55.796875   161.751165   267.705456   3973.000000
   447.170013    -205.000000    -4.453008    59.213097   122.879201   1801.000000
   457.339996    -101.000000  -258.604287    76.508546   411.621379  17009.000000
   467.519989     -12.000000    86.481601   129.724750   172.967900   1107.000000
   477.690002      64.000000   159.374829   187.814872   216.254916    549.000000
   487.869995      92.000000   168.849194   199.467481   230.085767    294.000000
   498.040009     121.000000   180.144685   228.692120   277.239555   2781.000000
   508.220001     167.000000   214.480467   265.535405   316.590343   3147.000000
   518.390015     173.000000   258.036552   283.291010   308.545468    514.000000
   528.570007     227.000000   186.741065   309.140511   431.539956   8241.000000
   538.739990     245.000000   280.881723   317.734295   354.586868   2023.000000
   548.919983     266.000000   313.552059   336.021976   358.491892    666.000000
   559.090027     281.000000   331.438282   352.323862   373.209443    454.000000
   569.270020     285.000000   327.786276   353.283907   378.781538   1097.000000
   579.450012     300.000000   333.099008   357.811543   382.524077    448.000000
   589.619995     271.000000   289.366108   330.567370   371.768631   2137.000000
   599.799988     212.000000   259.071146   285.455716   311.840286    712.000000
   609.969971     191.000000   228.782138   255.801110   282.820081   1401.000000
   620.150024     163.000000   207.963828   236.666149   265.368470   1206.000000
   630.320007     162.000000   203.951254   228.082131   252.213008    332.000000
   640.500000     140.000000   177.864947   211.594451   245.323954   1784.000000
   650.669983     138.000000   176.605658   197.845505   219.085352    321.000000
   660.849976     110.000000   141.450712   175.241731   209.032751   1983.000000
   671.020020      96.000000   140.565193   160.202442   179.839690    262.000000
   681.200012     105.000000   139.588048   158.660155   177.732263    444.000000
   691.369995      96.000000   133.233294   157.737625   182.241956   1165.000000
   701.549988      84.000000   110.820197   145.038402   179.256606   1874.000000
   711.719971      19.000000    39.846465    58.821976    77.797486    732.000000
   721.900024      -9.000000     5.604714    33.094784    60.584853   1192.000000
   732.070007      -7.000000    27.545763    43.524084    59.502406    357.000000
   742.250000      -5.000000    15.591901    37.929412    60.266922   1043.000000
   752.429993     -38.000000    -2.691373    14.212653    31.116678    400.000000
   762.599976      -7.000000    24.807274    45.684795    66.562315    560.000000
   772.780029     -18.000000    24.993507    42.697225    60.400943    347.000000
   782.950012     -17.000000    17.287475    35.269700    53.251925    465.000000
   793.130005     -43.000000    -5.772575    33.927192    73.626959   2142.000000
   803.299988     -14.000000    22.383609    47.192897    72.002184    807.000000
   813.479980     -25.000000     3.663229    34.286349    64.909468   1645.000000
   823.650024      -7.000000  -208.215759    58.121643   324.459044  17760.000000
   833.830017     -15.000000    15.883851    50.604218    85.324584   1766.000000
   844.000000     -13.000000    33.183619    54.221310    75.259001    716.000000
   854.179993      -8.000000    40.366015    61.197336    82.028658    579.000000
   864.349976      -6.000000    29.090985    60.120977    91.150968   1239.000000
   874.530029     -10.000000    17.408818    55.239068    93.069317   1270.000000
   884.700012     -27.000000    -0.518740    51.505882   103.530504   3128.000000
   894.880005     -89.000000    -5.260397    34.246615    73.753626   1711.000000
   905.049988    -109.000000    -8.588393    47.798224   104.184842   1759.000000
   915.229980    -206.000000   -16.978614    54.076804   125.132222    342.000000
   925.409973    -243.000000   -78.391652   107.303885   292.999421  10306.000000
   912.450012    -267.000000   -35.594191   228.621976   492.838142   3343.000000
   922.539978    -291.000000  -303.560152   165.551387   634.662927  24365.000000
   932.640015    -460.000000   -45.343659   330.474584   706.292827   5988.000000
   942.729980    -422.000000     8.770863   324.620866   640.470868   1648.000000
   952.820007    -312.000000   -86.198291   326.563152   739.324595  20752.000000
   962.909973    -212.000000   110.751170   243.917647   377.084124   4075.000000
   972.989990    -134.000000  -127.181492   113.459267   354.100027  11895.000000
   983.080017    -104.000000    25.176094   101.809989   178.443884    770.000000
   993.169983     -35.000000    71.860633   119.300999   166.741365   1449.000000
  1003.299988     -50.000000    61.787990   105.111876   148.435761    254.000000
  1013.299988     -48.000000    42.708181    85.378912   128.049644   1033.000000
  1023.400024     -57.000000    45.914175    87.334961   128.755747    774.000000
  1033.489990     -37.000000    46.492699   102.630411   158.768122   2774.000000
  1043.589966     -15.000000    44.925884   104.039290   163.152696   2501.000000
  1053.689941     -27.000000    51.424649   111.142286   170.859924   2482.000000
  1063.790039     -30.000000    65.273018   108.952497   152.631977    259.000000
  1073.890015     -13.000000    65.125954   117.273030   169.420106   2181.000000
  1083.989990    -178.000000    55.268756   104.285239   153.301721    812.000000
  1094.089966     -52.000000    14.583681    84.249945   153.916208   3409.000000
  1104.189941    -103.000000    10.670023    83.849723   157.029422   2175.000000
  1114.189941    -234.000000    30.006777   209.399556   388.792335   5894.000000
  1124.280029    -742.000000    45.210270   523.187125  1001.163981   3048.000000
  1134.380005    -358.000000   -21.580899   242.175583   505.932064   1642.000000
  1144.479980    -332.000000    -8.748143   246.468590   501.685324   4042.000000
  1154.579956    -169.000000    72.407300   188.840400   305.273499   3790.000000
  1164.680054     -94.000000     8.240954   124.158935   240.076915   6857.000000
  1174.770020     -51.000000    27.794203    76.531632   125.269060    612.000000
  1184.869995     -56.000000    22.809843    71.526748   120.243653    593.000000
  1194.969971     -82.000000     6.295650    51.673252    97.050854    413.000000
  1205.069946     -88.000000     1.426038    58.703219   115.980399   1865.000000
  1215.170044     -81.000000    10.002710    60.504772   111.006835    769.000000
  1225.170044     -90.000000    15.908368    66.596226   117.284085   1171.000000
  1235.270020     -34.000000    64.630359    96.739623   128.848886    408.000000
  1245.359985     -43.000000    59.714800    97.060377   134.405955   1319.000000
  1255.459961     -51.000000    36.947560    71.084129   105.220697    397.000000
  1265.560059     -46.000000    53.041042    99.934739   146.828436   1423.000000
  1275.660034       0.000000    16.175131    94.776693   173.378254   4763.000000
  1285.760010     -26.000000    41.339833    76.386681   111.433530   1334.000000
  1295.859985     -72.000000    42.564366    77.736959   112.909552    187.000000
  1305.959961    -104.000000    26.510933    87.159378   147.807824   2082.000000
  1316.050049     -66.000000    22.749136    59.879023    97.008911    464.000000
  1326.050049    -104.000000    14.208631    76.370255   138.531880   1492.000000
  1336.150024    -147.000000   -60.222274    81.305882   222.834039   4558.000000
  1346.250000    -313.000000  -161.631399   169.455938   500.543275   8797.000000
  1356.349976       0.000000     0.000000     0.000000     0.000000      0.000000
  1366.449951       0.000000     0.000000     0.000000     0.000000      0.000000
  1376.550049       0.000000     0.000000     0.000000     0.000000      0.000000
  1386.650024       0.000000     0.000000     0.000000     0.000000      0.000000
  1396.739990       0.000000     0.000000     0.000000     0.000000      0.000000
  1406.839966       0.000000     0.000000     0.000000     0.000000      0.000000
  1416.939941       0.000000     0.000000     0.000000     0.000000      0.000000
  1426.939941       0.000000     0.000000     0.000000     0.000000      0.000000
  1437.040039       0.000000     0.000000     0.000000     0.000000      0.000000
  1447.140015       0.000000     0.000000     0.000000     0.000000      0.000000
  1457.229980    -336.000000  -465.164178   -78.525638   308.112902  13245.000000
  1467.329956    -436.000000  -405.101627  -107.109878   190.881871   8798.000000
  1477.430054    -207.000000  -151.464233   -19.479245   112.505742   2730.000000
  1487.530029     -96.000000   -79.305321    -4.004883    71.295554    477.000000
  1497.630005     -58.000000   -16.459096    37.437070    91.333236   2170.000000
  1507.729980     -48.000000   -22.013122    44.481243   110.975608   3725.000000
  1517.829956     -44.000000   -11.566775    45.915649   103.398074   2139.000000
  1527.920044     -40.000000   -25.069903    49.359156   123.788216   2951.000000
  1537.920044     -30.000000    -2.153111    67.139623   136.432356   3774.000000
  1548.020020     -32.000000    17.958669    68.373141   118.787613   2492.000000
  1558.119995     -32.000000    21.344955    65.114983   108.885012   1249.000000
  1568.219971     -35.000000    30.008709    68.897669   107.786629    994.000000
  1578.319946     -30.000000    39.738894    75.338957   110.939019    862.000000
  1588.420044     -38.000000    -4.426102    74.531188   153.488477   4841.000000
  1598.510010     -30.000000    31.686931    80.497891   129.308851   2054.000000
  1608.609985     -29.000000    48.470116    84.493896   120.517676    658.000000
  1618.709961     -33.000000    27.149150    74.052164   120.955178   1914.000000
  1628.810059     -29.000000    29.160054    75.461487   121.762921   2207.000000
  1638.810059     -33.000000  -147.065345    79.650166   306.365678  14911.000000
  1648.900024     -27.000000     0.484566    77.577358   154.670151   4611.000000
  1659.000000     -28.000000    -2.996290    78.154273   159.304836   3478.000000
  1669.099976     -27.000000     4.414575    78.294784   152.174992   3955.000000
  1679.199951      -8.000000   -16.843332    75.458824   167.760979   5784.000000
  1689.300049     -17.000000    29.360963    72.990233   116.619503   2035.000000
  1699.400024     -14.000000    32.266654    74.536515   116.806376   2074.000000
  1709.500000     -23.000000    37.192431    72.910322   108.628212   1047.000000
  1719.599976     -27.000000    34.043960    70.027303   106.010646    900.000000
  1729.699951     -29.000000    29.857414    66.403330   102.949245    678.000000
  1739.699951     -27.000000    11.021912    64.645949   118.269986   2129.000000
  1749.790039     -30.000000    22.530491    59.971143    97.411796    211.000000
  1759.890015     -32.000000   -21.787527    57.404218   136.595962   4793.000000
  1769.989990     -37.000000    -6.488846    55.457936   117.404717   2300.000000
  1780.089966     -48.000000   -69.856421    62.293008   194.442436   5960.000000
  1790.189941     -68.000000   -54.253891    72.730522   199.714934   5117.000000
  1800.290039       0.000000     0.000000     0.000000     0.000000      0.000000
  1810.380005       0.000000     0.000000     0.000000     0.000000      0.000000
  1820.479980       0.000000     0.000000     0.000000     0.000000      0.000000
  1830.579956       0.000000     0.000000     0.000000     0.000000      0.000000
  1840.579956       0.000000     0.000000     0.000000     0.000000      0.000000
  1850.680054       0.000000     0.000000     0.000000     0.000000      0.000000
  1860.780029       0.000000     0.000000     0.000000     0.000000      0.000000
  1870.869995       0.000000     0.000000     0.000000     0.000000      0.000000
  1880.979980       0.000000     0.000000     0.000000     0.000000      0.000000
  1891.069946       0.000000     0.000000     0.000000     0.000000      0.000000
  1901.170044       0.000000     0.000000     0.000000     0.000000      0.000000
  1911.270020       0.000000     0.000000     0.000000     0.000000      0.000000
  1921.369995       0.000000     0.000000     0.000000     0.000000      0.000000
  1931.469971       0.000000     0.000000     0.000000     0.000000      0.000000
  1941.569946       0.000000     0.000000     0.000000     0.000000      0.000000
  1951.569946       0.000000     0.000000     0.000000     0.000000      0.000000
  1961.660034     -91.000000  -123.731423   183.087014   489.905452   3565.000000
  1971.760010     -33.000000   -96.457947    55.057936   206.573818   7540.000000
  1981.859985     -23.000000   -31.935286    26.677248    85.289781    348.000000
  1991.959961     -25.000000   -51.286429    32.562708   116.411845   2590.000000
  2002.060059     -52.000000  -291.019563   101.426859   493.873281  19959.000000
  2012.150024     -38.000000  -113.625756   109.488790   332.603336   4774.000000
  2022.250000     -19.000000  -238.913870    46.485017   331.883903  16118.000000
  2032.349976     -18.000000   -40.931531    28.402220    97.735971   2636.000000
  2042.449951     -19.000000   -23.051722    29.718535    82.488792    911.000000
  2052.449951     -21.000000   -35.885507    44.387569   124.660645    539.000000
  2062.550049     -19.000000   -28.870506    50.562264   129.995035   1796.000000
  2072.649902     -17.000000   -46.512748    48.798002   144.108752   4442.000000
  2082.750000     -18.000000   -78.417276    28.595117   135.607509   6072.000000
  2092.840088     -18.000000   -31.333708    27.567148    86.468003   2255.000000
  2102.939941     -17.000000    -8.613915    43.285017    95.183948    275.000000
  2113.040039     -17.000000    -9.307799    45.966704   101.241206    463.000000
  2123.139893     -17.000000   -38.046272    37.222863   112.491999   3335.000000
  2133.239990     -16.000000   -13.277919    35.368479    84.014878    932.000000
  2143.340088     -16.000000   -15.135337    38.085239    91.305814   1552.000000
  2153.340088     -17.000000  -140.682008    42.989123   226.660254  11811.000000
  2163.429932     -17.000000   -17.603708    31.789123    81.181955    939.000000
  2173.530029     -17.000000   -16.411609    33.275694    82.962996    845.000000
  2183.629883     -16.000000     6.828799    55.220200   103.611601    229.000000
  2193.729980     -17.000000   -38.867753    56.003330   150.874413   5041.000000
  2203.830078     -15.000000   -13.767604    39.980022    93.727648   1310.000000
  2213.929932     -15.000000   -90.355469    40.856382   172.068232   7367.000000
  2224.030029     -14.000000   -70.539381    51.006437   172.552256   6111.000000
  2234.120117     -14.000000    -3.221489    49.041953   101.305395   1851.000000
  2244.219971     -16.000000    -8.547862    45.211543    98.970947   1064.000000
  2254.219971     -16.000000   -10.121587    47.624639   105.370865    296.000000
  2264.320068     -15.000000    -1.832657    46.157159    94.146974    292.000000
  2274.419922     -14.000000    -5.710221    45.445283    96.600787    271.000000
  2284.520020     -14.000000    -7.241294    45.822198    98.885689    280.000000
  2294.610107     -15.000000   -13.793116    50.082353   113.957822    372.000000
  2304.709961     -14.000000   -37.413214    54.185794   145.784801   4417.000000
  2314.810059     -15.000000   -53.447810    59.969811   173.387433   5657.000000
  2324.909912     -14.000000  -252.637157    52.915427   358.468011  19365.000000
  2335.010010     -15.000000   -58.967234    53.456160   165.879554   5297.000000
  2345.110107     -16.000000   -39.371640    74.731410   188.834459    639.000000
  2355.209961     -16.000000   -84.381940    90.083241   264.548422   7067.000000
  2365.199951     -17.000000   -43.333762   104.369367   252.072496    896.000000
  2375.300049  -12945.000000  -586.109612   200.220422   986.550455  27240.000000
  2385.399902  -25764.000000  -519.615995   213.743174   947.102344  28823.000000
  2395.500000  -29916.000000  -420.004421   247.621976   915.248373  13943.000000
