ENVI ASCII Plot File [Fri Mar 11 11:27:42 2016]
Column 1: Wavelength
Column 2: Min: B27_1~~2##255,0,0
Column 3: Min-StdDev: B27_1~~21##0,200,0
Column 4: Mean: B27_1~~0##0,0,0
Column 5: Min+StdDev: B27_1~~21##0,200,0
Column 6: Max: B27_1~~2##255,0,0
   426.820007    -123.000000    33.384466   205.625994  377.867521   8263.000000
   436.989990     -90.000000    72.316656   169.333391  266.350126   3973.000000
   447.170013    -225.000000     2.604376    59.287764  115.971151   1428.000000
   457.339996    -104.000000    28.316784    70.852402  113.388021    555.000000
   467.519989     -12.000000    92.913682   131.241272  169.568862   1107.000000
   477.690002      64.000000   162.866721   190.739025  218.611329    567.000000
   487.869995      92.000000   171.893856   201.100415  230.306974    294.000000
   498.040009     121.000000   186.707468   230.668683  274.629898   2781.000000
   508.220001     167.000000   220.764361   266.789665  312.814969   3147.000000
   518.390015     173.000000   260.176754   284.440373  308.703993    514.000000
   528.570007     227.000000   201.889114   310.219668  418.550223   8241.000000
   538.739990     239.000000   285.523012   319.388870  353.254727   2023.000000
   548.919983     266.000000   315.744703   337.103526  358.462348    666.000000
   559.090027     281.000000   332.144017   352.338230  372.532443    454.000000
   569.270020     285.000000   330.203716   354.155548  378.107379   1097.000000
   579.450012     296.000000   335.488075   359.510888  383.533702    636.000000
   589.619995     271.000000   299.109146   331.913585  364.718023   2137.000000
   599.799988     212.000000   263.439039   287.783097  312.127155    389.000000
   609.969971     191.000000   231.124960   256.423436  281.721912   1401.000000
   620.150024     163.000000   210.583211   237.241272  263.899333   1206.000000
   630.320007     162.000000   206.898842   229.850847  252.802852    332.000000
   640.500000     140.000000   190.134823   212.232803  234.330784    499.000000
   650.669983     138.000000   179.174818   199.437954  219.701090    321.000000
   660.849976     110.000000   145.611699   176.120290  206.628881   1983.000000
   671.020020      96.000000   142.506380   161.290010  180.073641    262.000000
   681.200012     105.000000   141.986112   160.042862  178.099612    444.000000
   691.369995      96.000000   134.811193   159.200830  183.590466   1165.000000
   701.549988      84.000000   114.330690   147.357242  180.383793   1874.000000
   711.719971      19.000000    38.281751    60.871068   83.460385    985.000000
   721.900024     -17.000000     7.808808    35.309367   62.809927   1192.000000
   732.070007      -7.000000    25.107792    44.826823   64.545854    750.000000
   742.250000     -12.000000    17.057611    38.126512   59.195413   1043.000000
   752.429993     -45.000000    -2.696842    14.849983   32.396808    400.000000
   762.599976     -14.000000    25.041828    46.866747   68.691667    607.000000
   772.780029     -23.000000    23.651035    42.955064   62.259092    583.000000
   782.950012     -17.000000    17.086443    35.503284   53.920125    465.000000
   793.130005     -44.000000    -4.193546    32.395264   68.984075   2142.000000
   803.299988     -37.000000    19.618440    47.086243   74.554046   1042.000000
   813.479980     -43.000000     2.062419    34.695645   67.328870   1645.000000
   823.650024     -26.000000  -176.619406    58.614587  293.848580  17760.000000
   833.830017     -21.000000    19.169091    51.570169   83.971248   1766.000000
   844.000000     -18.000000    30.849863    55.374698   79.899532    992.000000
   854.179993      -8.000000    39.775989    61.495679   83.215369    579.000000
   864.349976     -12.000000    31.907290    61.388870   90.870449   1239.000000
   874.530029     -10.000000    19.057731    56.905461   94.753192   1270.000000
   884.700012     -27.000000     4.476904    51.727618   98.978333   3128.000000
   894.880005    -130.000000    -6.236539    32.832008   71.900555   1711.000000
   905.049988    -147.000000    -5.906487    48.245938  102.398364   1759.000000
   915.229980    -249.000000   -22.787246    50.645178  124.077602    522.000000
   925.409973    -255.000000   -68.629469   104.945040  278.519548  10306.000000
   912.450012    -290.000000   -33.276352   232.448496  498.173345   3343.000000
   922.539978    -315.000000  -252.690792   165.164362  583.019516  24365.000000
   932.640015    -472.000000   -57.546526   358.970100  775.486727  11868.000000
   942.729980    -422.000000    18.006074   355.499827  692.993581   1958.000000
   952.820007    -331.000000   -34.704932   344.219841  723.144614  20752.000000
   962.909973    -218.000000   117.664141   254.972001  392.279862   4075.000000
   972.989990    -134.000000  -102.658337   116.958866  336.576069  11895.000000
   983.080017    -104.000000   -10.883530   106.072416  223.028362   6873.000000
   993.169983     -35.000000    73.806513   120.143450  166.480386   1449.000000
  1003.299988     -50.000000    63.154108   106.408572  149.663037    254.000000
  1013.299988     -51.000000    45.588241    88.493778  131.399315   1033.000000
  1023.400024     -57.000000    48.740363    90.811441  132.882520    774.000000
  1033.489990     -37.000000    49.915460   102.310404  154.705349   2774.000000
  1043.589966     -15.000000    48.650158   103.741272  158.832386   2501.000000
  1053.689941     -27.000000    57.549870   114.422226  171.294582   2482.000000
  1063.790039     -30.000000    67.766294   112.590909  157.415524    260.000000
  1073.890015     -13.000000    75.847892   117.634117  159.420342    966.000000
  1083.989990    -178.000000   -41.858522   107.398721  256.655964  10869.000000
  1094.089966     -52.000000    18.706043    83.958348  149.210652   3409.000000
  1104.189941    -118.000000     1.055998    83.494297  165.932595   2976.000000
  1114.189941    -258.000000     8.147452   188.907363  369.667273   5894.000000
  1124.280029    -742.000000   -26.603787   464.893018  956.389823   3048.000000
  1134.380005    -407.000000   -52.100272   211.871414  475.843099   1642.000000
  1144.479980    -375.000000   -38.839950   215.772036  470.384022   4042.000000
  1154.579956    -195.000000    65.497242   183.569305  301.641368   3790.000000
  1164.680054    -103.000000    14.531733   120.996889  227.462045   6857.000000
  1174.770020     -51.000000    27.042695    75.487729  123.932763    772.000000
  1184.869995     -52.000000    22.352064    70.099896  117.847729    593.000000
  1194.969971     -95.000000    -2.346338    45.232458   92.811253   1055.000000
  1205.069946     -91.000000    -5.244846    50.772900  106.790646   1865.000000
  1215.170044     -81.000000     0.921443    52.327688  103.733933    885.000000
  1225.170044     -90.000000     8.929957    58.826651  108.723344   1171.000000
  1235.270020     -34.000000    62.668616    97.581749  132.494882   1250.000000
  1245.359985     -43.000000    54.031447    98.418251  142.805055   1462.000000
  1255.459961     -51.000000    36.005692    72.051676  108.097661    792.000000
  1265.560059     -46.000000    48.471090   100.533011  152.594931   1961.000000
  1275.660034       0.000000    24.394761    95.381438  166.368114   4763.000000
  1285.760010     -26.000000    11.927528    78.062219  144.196910   4380.000000
  1295.859985     -55.000000    18.427598    80.730211  143.032823   3900.000000
  1305.959961    -105.000000    31.731389    89.944521  148.157653   2082.000000
  1316.050049     -66.000000    26.015731    64.016592  102.017452    464.000000
  1326.050049     -98.000000    19.238985    82.531628  145.824271   1492.000000
  1336.150024    -147.000000   -45.986462    93.954200  233.894862   4558.000000
  1346.250000    -313.000000  -144.238375   200.811269  545.860912   8797.000000
  1356.349976       0.000000     0.000000     0.000000    0.000000      0.000000
  1366.449951       0.000000     0.000000     0.000000    0.000000      0.000000
  1376.550049       0.000000     0.000000     0.000000    0.000000      0.000000
  1386.650024       0.000000     0.000000     0.000000    0.000000      0.000000
  1396.739990       0.000000     0.000000     0.000000    0.000000      0.000000
  1406.839966       0.000000     0.000000     0.000000    0.000000      0.000000
  1416.939941       0.000000     0.000000     0.000000    0.000000      0.000000
  1426.939941       0.000000     0.000000     0.000000    0.000000      0.000000
  1437.040039       0.000000     0.000000     0.000000    0.000000      0.000000
  1447.140015       0.000000     0.000000     0.000000    0.000000      0.000000
  1457.229980    -336.000000  -444.084794   -97.149499  249.785796  13245.000000
  1467.329956    -436.000000  -403.681100  -129.190460  145.300181   8798.000000
  1477.430054    -208.000000  -174.960701    -6.604390  161.751921   6626.000000
  1487.530029     -99.000000   -85.786302     4.133080   94.052461   3070.000000
  1497.630005     -66.000000   -12.501265    43.047183   98.595631   2170.000000
  1507.729980     -60.000000   -22.252886    49.231248  120.715382   3725.000000
  1517.829956     -44.000000    -6.300751    50.568268  107.437287   2139.000000
  1527.920044     -40.000000   -14.050034    52.979779  120.009591   2951.000000
  1537.920044     -30.000000     5.532131    68.767024  132.001917   3774.000000
  1548.020020     -32.000000    23.301673    70.052368  116.803063   2492.000000
  1558.119995     -32.000000    27.354747    67.889561  108.424375   1249.000000
  1568.219971     -33.000000    34.795683    71.800553  108.805423    994.000000
  1578.319946     -30.000000    42.619357    77.681818  112.744279    862.000000
  1588.420044     -38.000000     5.248734    76.667992  148.087249   4841.000000
  1598.510010     -30.000000    36.024537    81.298825  126.573113   2054.000000
  1608.609985     -29.000000    49.983883    85.526270  121.068657    658.000000
  1618.709961     -33.000000    33.063580    77.136364  121.209147   1914.000000
  1628.810059     -29.000000    44.825867    78.354476  111.883086    190.000000
  1638.810059     -33.000000  -118.860042    81.612859  282.085760  14911.000000
  1648.900024     -27.000000    10.755433    80.367957  149.980481   4611.000000
  1659.000000     -28.000000     8.349642    81.258728  154.167814   3478.000000
  1669.099976     -29.000000    15.113314    81.961632  148.809949   3955.000000
  1679.199951      -8.000000    -4.200205    78.076564  160.353333   5784.000000
  1689.300049     -17.000000    34.985301    75.600760  116.216220   2035.000000
  1699.400024     -14.000000    37.187425    76.653992  116.120559   2074.000000
  1709.500000     -23.000000    40.971923    75.380228  109.788533   1047.000000
  1719.599976     -27.000000    37.902590    72.528517  107.154445    900.000000
  1729.699951     -29.000000    33.066271    68.935707  104.805143    678.000000
  1739.699951     -27.000000    14.907489    67.129450  119.351412   2129.000000
  1749.790039     -31.000000    26.570491    63.343761  100.117030    402.000000
  1759.890015     -32.000000   -16.502004    61.014691  138.531386   4793.000000
  1769.989990     -41.000000    -2.368450    59.686830  121.742111   2300.000000
  1780.089966     -53.000000   -73.041074    68.429139  209.899352   5960.000000
  1790.189941     -71.000000   -43.557654    80.734359  205.026372   5117.000000
  1800.290039       0.000000     0.000000     0.000000    0.000000      0.000000
  1810.380005       0.000000     0.000000     0.000000    0.000000      0.000000
  1820.479980       0.000000     0.000000     0.000000    0.000000      0.000000
  1830.579956       0.000000     0.000000     0.000000    0.000000      0.000000
  1840.579956       0.000000     0.000000     0.000000    0.000000      0.000000
  1850.680054       0.000000     0.000000     0.000000    0.000000      0.000000
  1860.780029       0.000000     0.000000     0.000000    0.000000      0.000000
  1870.869995       0.000000     0.000000     0.000000    0.000000      0.000000
  1880.979980       0.000000     0.000000     0.000000    0.000000      0.000000
  1891.069946       0.000000     0.000000     0.000000    0.000000      0.000000
  1901.170044       0.000000     0.000000     0.000000    0.000000      0.000000
  1911.270020       0.000000     0.000000     0.000000    0.000000      0.000000
  1921.369995       0.000000     0.000000     0.000000    0.000000      0.000000
  1931.469971       0.000000     0.000000     0.000000    0.000000      0.000000
  1941.569946       0.000000     0.000000     0.000000    0.000000      0.000000
  1951.569946       0.000000     0.000000     0.000000    0.000000      0.000000
  1961.660034     -91.000000  -127.273824   194.171103  515.616029   3565.000000
  1971.760010     -33.000000   -84.866339    56.517456  197.901251   7540.000000
  1981.859985     -25.000000   -43.804038    26.232112   96.268262   2963.000000
  1991.959961     -26.000000   -50.139746    30.678880  111.497506   2590.000000
  2002.060059     -52.000000  -286.200027    99.874698  485.949422  19959.000000
  2012.150024     -38.000000  -114.018461   106.288109  326.594680   4774.000000
  2022.250000     -20.000000  -205.917582    48.405634  302.728851  16118.000000
  2032.349976     -18.000000   -35.633334    30.120463   95.874260   2636.000000
  2042.449951     -20.000000   -56.490239    30.857242  118.204722   5340.000000
  2052.449951     -22.000000   -35.076410    45.851884  126.780178    539.000000
  2062.550049     -20.000000   -26.938496    52.268406  131.475309   1796.000000
  2072.649902     -19.000000   -71.747934    51.828552  175.405037   6454.000000
  2082.750000     -19.000000   -71.551635    31.130660  133.812956   6072.000000
  2092.840088     -19.000000   -49.742126    30.034566  109.811259   4183.000000
  2102.939941     -20.000000    -8.702368    44.270480   97.243329    425.000000
  2113.040039     -20.000000    -9.121727    47.178707  103.479141    463.000000
  2123.139893     -18.000000   -37.819939    36.349810  110.519558   3335.000000
  2133.239990     -17.000000   -14.381654    33.873661   82.128975    932.000000
  2143.340088     -17.000000   -14.673189    39.313170   93.299529   1552.000000
  2153.340088     -18.000000  -124.242465    44.542344  213.327152  11811.000000
  2163.429932     -18.000000   -36.793089    32.156758  101.106605   3617.000000
  2173.530029     -18.000000   -58.624933    33.683028  125.990989   5963.000000
  2183.629883     -18.000000   -38.985562    58.075700  155.136962   6328.000000
  2193.729980     -18.000000   -30.714085    57.817836  146.349758   5041.000000
  2203.830078     -17.000000   -11.870193    40.149499   92.169191   1310.000000
  2213.929932     -17.000000   -77.269302    40.684065  158.637432   7367.000000
  2224.030029     -15.000000   -23.118724    51.204978  125.528679   4670.000000
  2234.120117     -15.000000    -3.336070    51.263913  105.863896   1851.000000
  2244.219971     -17.000000    -7.088656    45.725199   98.539053   1064.000000
  2254.219971     -18.000000   -15.749522    48.195645  112.140811   1735.000000
  2264.320068     -16.000000   -17.969503    47.321984  112.613471   2326.000000
  2274.419922     -15.000000   -17.370290    46.142931  109.656152   2898.000000
  2284.520020     -16.000000    -5.597212    49.070342  103.737896    280.000000
  2294.610107     -16.000000   -61.322992    54.669893  170.662778   7350.000000
  2304.709961     -17.000000   -31.713849    55.033356  141.780562   4417.000000
  2314.810059     -17.000000   -59.848782    61.778776  183.406335   5657.000000
  2324.909912     -15.000000  -218.506518    52.661770  323.830058  19365.000000
  2335.010010     -15.000000   -51.551728    54.581576  160.714881   5297.000000
  2345.110107     -17.000000   -62.861909    78.868821  220.599552   6269.000000
  2355.209961     -17.000000   -80.900339    93.339613  267.579565   7067.000000
  2365.199951     -18.000000   -59.321719   108.204113  275.729945   5514.000000
  2375.300049  -12945.000000  -523.424134   204.122537  931.669208  27240.000000
  2385.399902  -25764.000000  -456.236605   216.437608  889.111821  28823.000000
  2395.500000  -29916.000000  -375.529516   246.134808  867.799133  13943.000000
