ENVI ASCII Plot File [Thu Mar 10 17:38:55 2016]
Column 1: Wavelength
Column 2: Min: Rio~~2##255,0,0
Column 3: Min-StdDev: Rio~~21##0,200,0
Column 4: Mean: Rio~~0##0,0,0
Column 5: Min+StdDev: Rio~~21##0,200,0
Column 6: Max: Rio~~2##255,0,0
   426.820007    -2.000000   240.589393   320.355769  400.122145   510.000000
   436.989990   108.000000   244.787300   305.355769  365.924239   446.000000
   447.170013    -7.000000   174.515215   247.288462  320.061708   456.000000
   457.339996    89.000000   221.223563   282.769231  344.314898   435.000000
   467.519989   143.000000   265.472997   319.000000  372.527003   423.000000
   477.690002   223.000000   310.424931   352.509615  394.594300   440.000000
   487.869995   229.000000   329.604489   376.461538  423.318588   454.000000
   498.040009   248.000000   369.559719   416.379808  463.199897   586.000000
   508.220001   274.000000   408.516790   459.105769  509.694748   583.000000
   518.390015   290.000000   432.551946   484.519231  536.486515   562.000000
   528.570007   287.000000   448.699654   512.610577  576.521500   894.000000
   538.739990   291.000000   469.339536   530.620192  591.900848   606.000000
   548.919983   314.000000   499.996169   565.221154  630.446139   639.000000
   559.090027   328.000000   525.486217   593.677885  661.869552   665.000000
   569.270020   319.000000   542.694660   617.288462  691.882263   694.000000
   579.450012   335.000000   557.439899   634.456731  711.473562   717.000000
   589.619995   341.000000   546.036990   615.504808  684.972626   724.000000
   599.799988   299.000000   487.250595   558.552885  629.855174   770.000000
   609.969971   268.000000   440.426071   506.572115  572.718159   765.000000
   620.150024   240.000000   411.358095   477.889423  544.420752   738.000000
   630.320007   240.000000   398.777512   463.168269  527.559026   759.000000
   640.500000   237.000000   377.248537   442.274038  507.299540   764.000000
   650.669983   225.000000   344.074062   424.048077  504.022092  1069.000000
   660.849976   198.000000   312.855822   390.500000  468.144178   933.000000
   671.020020   184.000000   274.751263   366.009615  457.267968  1259.000000
   681.200012   182.000000   283.587064   346.706731  409.826397   765.000000
   691.369995   177.000000   255.436266   316.918269  378.400273   746.000000
   701.549988   155.000000   217.489288   285.288462  353.087635   757.000000
   711.719971    20.000000    45.988561   112.581731  179.174901   663.000000
   721.900024    -6.000000    -1.222189    61.014423  123.251036   570.000000
   732.070007   -24.000000   -34.276950    29.894231   94.065412   552.000000
   742.250000   -45.000000   -58.906486     8.427885   75.762255   563.000000
   752.429993   -75.000000   -87.947485   -20.225962   47.495562   550.000000
   762.599976   -16.000000   -32.601143    36.437500  105.476143   594.000000
   772.780029   -42.000000   -62.794804    12.687500   88.169804   631.000000
   782.950012   -49.000000   -65.290178     7.846154   80.982486   637.000000
   793.130005   -33.000000   -54.705152    18.605769   91.916690   618.000000
   803.299988   -38.000000   -59.557453    14.836538   89.230530   642.000000
   813.479980   -27.000000   -32.293959    36.144231  104.582421   613.000000
   823.650024   -21.000000   -46.252252    45.437500  137.127252   820.000000
   833.830017   -35.000000   -45.049374    28.649038  102.347451   632.000000
   844.000000   -24.000000   -46.853816    26.750000  100.353816   658.000000
   854.179993   -30.000000   -35.732447    38.836538  113.405524   651.000000
   864.349976   -40.000000   -40.884220    35.062500  111.009220   666.000000
   874.530029   -45.000000   -42.137416    30.528846  103.195108   625.000000
   884.700012   -68.000000  -104.716932    30.139423  164.995778  1327.000000
   894.880005   -34.000000   -27.991731    42.173077  112.337885   649.000000
   905.049988   -60.000000     3.489241    80.442308  157.395374   620.000000
   915.229980   -76.000000    28.808053   111.134615  193.461178   562.000000
   925.409973   -47.000000    83.588897   208.788462  333.988026   647.000000
   912.450012  -219.000000    74.326067   338.759615  603.193163   946.000000
   922.539978  -293.000000     9.095102   243.769231  478.443359   929.000000
   932.640015  -438.000000   -52.280402   328.927885  710.136172  1561.000000
   942.729980  -297.000000    22.254022   409.740385  797.226747  1754.000000
   952.820007  -213.000000   187.206515   532.725962  878.245408  1639.000000
   962.909973  -114.000000   135.326373   328.158654  520.990935   895.000000
   972.989990   -87.000000    17.914436   158.745192  299.575949  1144.000000
   983.080017  -114.000000   -11.880457   109.413462  230.707380  1065.000000
   993.169983   -21.000000    36.870591   127.899038  218.927485   966.000000
  1003.299988   -14.000000    32.464654   126.783654  221.102654  1015.000000
  1013.299988     3.000000    34.364995   123.307692  212.250390  1046.000000
  1023.400024     8.000000    41.136479   128.740385  216.344291  1039.000000
  1033.489990   -27.000000    28.341527   117.947115  207.552704  1070.000000
  1043.589966     1.000000    35.277417   120.918269  206.559122  1036.000000
  1053.689941   -21.000000    15.868519   101.557692  187.246865   985.000000
  1063.790039    26.000000    41.611563   126.086538  210.561514   987.000000
  1073.890015    28.000000   -24.394393   147.125000  318.644393  2290.000000
  1083.989990     5.000000  -265.141822   157.187500  579.516822  6104.000000
  1094.089966   -29.000000    37.765143   122.336538  206.907934   995.000000
  1104.189941   -34.000000    80.205805   164.115385  248.024964   928.000000
  1114.189941  -246.000000    -5.368321   141.658654  288.685628   760.000000
  1124.280029  -513.000000    18.179593   345.384615  672.589638   977.000000
  1134.380005  -274.000000   -44.510747   146.764423  338.039593   673.000000
  1144.479980  -260.000000   -31.989970   143.480769  318.951508   606.000000
  1154.579956   -40.000000    89.946377   179.725962  269.505546   622.000000
  1164.680054    -4.000000    43.674255   123.471154  203.268053   860.000000
  1174.770020   -28.000000    -5.364274    74.125000  153.614274   912.000000
  1184.869995   -31.000000    -9.484716    69.245192  147.975101   904.000000
  1194.969971   -44.000000   -40.492070    38.692308  117.876686   943.000000
  1205.069946   -44.000000   -37.227085    42.860577  122.948239   958.000000
  1215.170044     5.000000     0.379934    72.764423  145.148912   891.000000
  1225.170044   -39.000000   -20.161513    60.812500  141.786513   983.000000
  1235.270020    32.000000    37.598035   120.076923  202.555811  1071.000000
  1245.359985    28.000000    37.637961   120.562500  203.487039  1062.000000
  1255.459961   -23.000000    -1.348375    86.581731  174.511836  1064.000000
  1265.560059    26.000000    48.601073   135.451923  222.302773  1070.000000
  1275.660034    49.000000    43.171091   128.211538  213.251986  1097.000000
  1285.760010    18.000000    21.070160   107.427885  193.785609  1098.000000
  1295.859985    32.000000    40.603817   128.442308  216.280799  1114.000000
  1305.959961    40.000000    64.832164   152.538462  240.244759  1102.000000
  1316.050049    16.000000    42.597753   119.360577  196.123401   895.000000
  1326.050049   -14.000000    76.654695   155.971154  235.287612   838.000000
  1336.150024  -149.000000    31.743448   180.307692  328.871937   863.000000
  1346.250000  -271.000000    -6.560408   332.576923  671.714254  1079.000000
  1356.349976     0.000000     0.000000     0.000000    0.000000     0.000000
  1366.449951     0.000000     0.000000     0.000000    0.000000     0.000000
  1376.550049     0.000000     0.000000     0.000000    0.000000     0.000000
  1386.650024     0.000000     0.000000     0.000000    0.000000     0.000000
  1396.739990     0.000000     0.000000     0.000000    0.000000     0.000000
  1406.839966     0.000000     0.000000     0.000000    0.000000     0.000000
  1416.939941     0.000000     0.000000     0.000000    0.000000     0.000000
  1426.939941     0.000000     0.000000     0.000000    0.000000     0.000000
  1437.040039     0.000000     0.000000     0.000000    0.000000     0.000000
  1447.140015     0.000000     0.000000     0.000000    0.000000     0.000000
  1457.229980  -286.000000  -289.589604  -125.649038   38.291527   540.000000
  1467.329956  -387.000000  -382.874670  -173.447115   35.980439   782.000000
  1477.430054  -204.000000  -201.761941  -100.331731    1.098479   285.000000
  1487.530029   -97.000000  -113.598132   -42.658654   28.280824   234.000000
  1497.630005   -28.000000    17.737169    81.062500  144.387831   677.000000
  1507.729980    -8.000000    18.638496    83.836538  149.034581   795.000000
  1517.829956   -27.000000    16.754349    82.927885  149.101420   800.000000
  1527.920044   -23.000000    16.973835    85.557692  154.141549   837.000000
  1537.920044    12.000000    25.460065    98.100962  170.741858   923.000000
  1548.020020    16.000000    23.811924    98.725962  173.639999   929.000000
  1558.119995     7.000000    20.630694    92.365385  164.100075   908.000000
  1568.219971    -8.000000    21.571743    97.274038  172.976334   953.000000
  1578.319946    16.000000    30.395485   114.048077  197.700669  1023.000000
  1588.420044    18.000000    30.394658   114.586538  198.778419  1037.000000
  1598.510010    35.000000    34.046111   117.629808  201.213504  1066.000000
  1608.609985    31.000000    32.061453   119.427885  206.794316  1068.000000
  1618.709961    27.000000    23.103984   108.379808  193.655632  1064.000000
  1628.810059    10.000000     7.369190    92.418269  177.467349  1053.000000
  1638.810059     2.000000    30.115825   115.961538  201.807251  1091.000000
  1648.900024    12.000000    29.599008   115.725962  201.852915  1094.000000
  1659.000000    26.000000    23.359800   104.745192  186.130585   998.000000
  1669.099976    13.000000    22.182162   103.562500  184.942838  1003.000000
  1679.199951    49.000000    34.930297   114.245192  193.560088  1022.000000
  1689.300049    34.000000    37.168657   114.639423  192.110189   990.000000
  1699.400024    19.000000    33.259103   109.759615  186.260128   982.000000
  1709.500000    51.000000    37.205091   113.384615  189.564140   970.000000
  1719.599976    36.000000    43.127748   116.562500  189.997252   967.000000
  1729.699951    30.000000    38.528529   113.000000  187.471471   940.000000
  1739.699951    21.000000    28.286041    98.927885  169.569729   874.000000
  1749.790039     1.000000    22.735322    94.807692  166.880063   869.000000
  1759.890015     3.000000    30.546512   102.687500  174.828488   910.000000
  1769.989990   -19.000000    34.800356   110.240385  185.680414   879.000000
  1780.089966   -46.000000    31.856128   112.980769  194.105410   667.000000
  1790.189941   -63.000000    11.293523   141.663462  272.033400   688.000000
  1800.290039     0.000000     0.000000     0.000000    0.000000     0.000000
  1810.380005     0.000000     0.000000     0.000000    0.000000     0.000000
  1820.479980     0.000000     0.000000     0.000000    0.000000     0.000000
  1830.579956     0.000000     0.000000     0.000000    0.000000     0.000000
  1840.579956     0.000000     0.000000     0.000000    0.000000     0.000000
  1850.680054     0.000000     0.000000     0.000000    0.000000     0.000000
  1860.780029     0.000000     0.000000     0.000000    0.000000     0.000000
  1870.869995     0.000000     0.000000     0.000000    0.000000     0.000000
  1880.979980     0.000000     0.000000     0.000000    0.000000     0.000000
  1891.069946     0.000000     0.000000     0.000000    0.000000     0.000000
  1901.170044     0.000000     0.000000     0.000000    0.000000     0.000000
  1911.270020     0.000000     0.000000     0.000000    0.000000     0.000000
  1921.369995     0.000000     0.000000     0.000000    0.000000     0.000000
  1931.469971     0.000000     0.000000     0.000000    0.000000     0.000000
  1941.569946     0.000000     0.000000     0.000000    0.000000     0.000000
  1951.569946     0.000000     0.000000     0.000000    0.000000     0.000000
  1961.660034   -89.000000  -137.384162   306.168269  749.720700  1845.000000
  1971.760010   -32.000000   -36.254845    85.201923  206.658691   459.000000
  1981.859985   -22.000000   -26.503401    36.057692   98.618785   419.000000
  1991.959961   -24.000000   -31.907921    41.716346  115.340613   429.000000
  2002.060059   -47.000000  -107.317946    94.418269  296.154484   813.000000
  2012.150024   -36.000000  -113.231763   127.721154  368.674071  1164.000000
  2022.250000   -18.000000   -34.419312    53.250000  140.919312   664.000000
  2032.349976   -16.000000   -36.450339    37.519231  111.488800   736.000000
  2042.449951   -16.000000   -32.250471    33.120192   98.490856   680.000000
  2052.449951   -19.000000   -39.145040    51.370192  141.885424   630.000000
  2062.550049   -17.000000   -25.367194    67.033654  159.434502   646.000000
  2072.649902   -16.000000   -26.945309    65.269231  157.483771   780.000000
  2082.750000   -16.000000   -41.885709    27.822115   97.529940   725.000000
  2092.840088   -16.000000   -40.607391    26.100962   92.809314   689.000000
  2102.939941   -16.000000   -13.236683    62.908654  139.053991   735.000000
  2113.040039   -16.000000   -12.788365    63.956731  140.701826   730.000000
  2123.139893   -15.000000   -23.194254    51.701923  126.598100   797.000000
  2133.239990   -14.000000   -21.473010    52.423077  126.319164   803.000000
  2143.340088   -14.000000   -27.085031    47.923077  122.931185   763.000000
  2153.340088   -15.000000   -25.950490    53.283654  132.517798   735.000000
  2163.429932   -15.000000   -30.876043    40.918269  112.712581   765.000000
  2173.530029   -15.000000   -24.646728    48.567308  121.781343   714.000000
  2183.629883   -15.000000     5.556783    84.091346  162.625909   808.000000
  2193.729980   -15.000000    11.659374    86.538462  161.417549   776.000000
  2203.830078   -15.000000   -13.632174    55.129808  123.891789   676.000000
  2213.929932   -14.000000   -16.843650    52.812500  122.468650   678.000000
  2224.030029   -12.000000     8.864242    81.379808  153.895373   832.000000
  2234.120117   -13.000000     9.448654    83.432692  157.416731   826.000000
  2244.219971   -14.000000   -20.238868    49.836538  119.911944   695.000000
  2254.219971   -14.000000   -24.766795    45.634615  116.036026   655.000000
  2264.320068   -14.000000    -1.534531    76.173077  153.880685   833.000000
  2274.419922   -13.000000    -1.365532    78.442308  158.250148   822.000000
  2284.520020   -13.000000    -9.883366    75.831731  161.546828   764.000000
  2294.610107   -14.000000   -10.901739    85.456731  181.815200   769.000000
  2304.709961   -13.000000    -0.582652    79.610577  159.803805   565.000000
  2314.810059   -13.000000    -7.027292    84.293269  175.613831   533.000000
  2324.909912   -13.000000    -0.514579    76.485577  153.485732   622.000000
  2335.010010   -14.000000    -0.653228    86.336538  173.326305   700.000000
  2345.110107   -15.000000   -17.247580   129.788462  276.824503   566.000000
  2355.209961   -14.000000   -30.389934   157.211538  344.813011   702.000000
  2365.199951   -15.000000   -30.422427   107.076923  244.576273   603.000000
  2375.300049   -16.000000   -64.485297   157.230769  378.946836   934.000000
  2385.399902   -18.000000  -109.490300   248.418269  606.326839  1646.000000
  2395.500000   -15.000000  -114.534485   295.038462  704.611408  1931.000000
