ENVI ASCII Plot File [Fri Mar 11 11:31:03 2016]
Column 1: Wavelength
Column 2: Min: B28_1~~2##255,0,0
Column 3: Min-StdDev: B28_1~~21##0,200,0
Column 4: Mean: B28_1~~0##0,0,0
Column 5: Min+StdDev: B28_1~~21##0,200,0
Column 6: Max: B28_1~~2##255,0,0
   426.820007  -110.000000    60.318325   319.800902   579.283479  10050.000000
   436.989990  -293.000000   226.538260   308.393041   390.247822   1639.000000
   447.170013  -513.000000   156.430318   251.478093   346.525867    514.000000
   457.339996    61.000000   235.340928   297.860825   360.380722    833.000000
   467.519989   136.000000   283.296343   333.254510   383.212678    483.000000
   477.690002   185.000000   323.531225   365.329897   407.128569    466.000000
   487.869995   193.000000   349.480988   389.875000   430.269012    602.000000
   498.040009   229.000000   331.049683   434.387887   537.726090   2886.000000
   508.220001   256.000000   431.194692   471.210696   511.226699    590.000000
   518.390015   250.000000   457.013806   499.420103   541.826401    591.000000
   528.570007   273.000000   483.215095   524.723582   566.232069    611.000000
   538.739990   281.000000   503.644909   547.175258   590.705606    842.000000
   548.919983   292.000000   538.568845   582.681057   626.793269    666.000000
   559.090027   305.000000   562.296655   608.579253   654.861850    994.000000
   569.270020   305.000000   585.591476   632.295747   679.000019    788.000000
   579.450012   325.000000   606.093022   652.776418   699.459813    729.000000
   589.619995   321.000000   580.407994   629.169459   677.930924    904.000000
   599.799988   280.000000   523.970323   568.815722   613.661120    653.000000
   609.969971   260.000000   477.378796   519.166237   560.953679    921.000000
   620.150024   245.000000   449.008521   489.251933   529.495345    569.000000
   630.320007   230.000000   434.157820   474.775773   515.393727    757.000000
   640.500000   220.000000   415.751671   454.320876   492.890082    773.000000
   650.669983   197.000000   394.412587   431.708763   469.004939    853.000000
   660.849976   200.000000   361.843098   397.992912   434.142727    477.000000
   671.020020   185.000000   337.305842   371.110825   404.915808    823.000000
   681.200012   175.000000   308.138983   357.245490   406.351997   1590.000000
   691.369995   172.000000   293.261374   326.355026   359.448678    500.000000
   701.549988   148.000000   257.618386   293.579897   329.541407    712.000000
   711.719971    15.000000    88.773672   122.926546   157.079421    250.000000
   721.900024   -15.000000    41.972891    80.342784   118.712676    283.000000
   732.070007   -35.000000    11.485116    50.750000    90.014884    400.000000
   742.250000   -51.000000    -6.493361    33.660438    73.814237    260.000000
   752.429993   -76.000000   -38.523005     7.173969    52.870943    634.000000
   762.599976   -22.000000    25.675045    76.038660   126.402274    745.000000
   772.780029   -50.000000    -4.888495    47.002577    98.893650    973.000000
   782.950012   -58.000000    -5.688998    40.353737    86.396472    288.000000
   793.130005   -46.000000    -5.439451    54.970361   115.380173   1612.000000
   803.299988   -54.000000     4.623895    51.318943    98.013992    312.000000
   813.479980   -42.000000    19.656015    65.900129   112.144243    292.000000
   823.650024   -35.000000    -3.242616    76.344716   155.932049   2114.000000
   833.830017   -66.000000    12.482211    59.267397   106.052583    292.000000
   844.000000   -39.000000    12.582700    58.954253   105.325806    302.000000
   854.179993   -50.000000    20.250357    70.015464   119.780571    663.000000
   864.349976   -40.000000    25.969552    70.902062   115.834572    294.000000
   874.530029   -36.000000    20.673942    68.827320   116.980697    534.000000
   884.700012   -50.000000     5.609357    55.938789   106.268220    291.000000
   894.880005   -87.000000    17.153685    68.653995   120.154304    295.000000
   905.049988  -106.000000    60.178247   126.784794   193.391340    358.000000
   915.229980  -170.000000    71.220023   157.280928   243.341833    442.000000
   925.409973  -155.000000   142.435103   258.661082   374.887062    653.000000
   912.450012  -383.000000   -27.141407   288.494845   604.131098   1311.000000
   922.539978  -396.000000   -51.340478   220.210696   491.761870   2164.000000
   932.640015  -473.000000   108.443927   622.621134  1136.798341   9776.000000
   942.729980  -524.000000  -243.090875   683.010954  1609.112783  19409.000000
   952.820007  -285.000000  -170.822979   643.842784  1458.508546  28668.000000
   962.909973   -55.000000    -8.975273   416.289304   841.553881  14337.000000
   972.989990   -81.000000   -68.576938   222.781572   514.140082  10565.000000
   983.080017   -67.000000    32.075416   167.158505   302.241594   3654.000000
   993.169983   -59.000000    74.303415   150.990979   227.678544    940.000000
  1003.299988   -75.000000    68.212795   147.725515   227.238236    935.000000
  1013.299988   -25.000000   103.701938   171.367912   239.033886    442.000000
  1023.400024   -26.000000    60.156894   177.731959   295.307024   3151.000000
  1033.489990    -3.000000    91.332354   157.380799   223.429244    451.000000
  1043.589966   -18.000000    90.117687   157.373711   224.629736    428.000000
  1053.689941    -8.000000    83.948574   149.322809   214.697045    417.000000
  1063.790039   -23.000000   104.705292   170.579897   236.454502    429.000000
  1073.890015     2.000000   117.785521   178.901418   240.017314    464.000000
  1083.989990  -260.000000    61.454959   162.480026   263.505092   1576.000000
  1094.089966     2.000000    86.160420   142.123067   198.085714    393.000000
  1104.189941   -30.000000   108.819033   176.162371   243.505709    396.000000
  1114.189941  -361.000000    37.799395   162.519330   287.239265    565.000000
  1124.280029  -656.000000   -35.380300   378.197809   791.775919   8485.000000
  1134.380005  -457.000000    44.598231   263.581186   482.564140   3137.000000
  1144.479980  -370.000000    87.528865   260.449742   433.370620    972.000000
  1154.579956   -17.000000   -99.579931   229.731314   559.042560  12744.000000
  1164.680054     0.000000    77.765623   153.484536   229.203449   2266.000000
  1174.770020   -18.000000    64.827897   117.385954   169.944010    354.000000
  1184.869995   -23.000000    60.509386   114.001289   167.493191    377.000000
  1194.969971   -29.000000    10.654002    88.130799   165.607596   1881.000000
  1205.069946   -30.000000  -205.016036   102.335052   409.686139  12041.000000
  1215.170044     3.000000   -40.125814   131.016753   302.159319   6532.000000
  1225.170044     3.000000    34.145071   114.387887   194.630702   1794.000000
  1235.270020    28.000000   100.655204   154.069588   207.483971    515.000000
  1245.359985    26.000000   100.615891   154.885954   209.156016    459.000000
  1255.459961   -16.000000    56.471997   114.573454   172.674910    429.000000
  1265.560059    19.000000    99.673619   162.788015   225.902412    562.000000
  1275.660034    57.000000   123.794630   181.413660   239.032689   1072.000000
  1285.760010    54.000000   112.378962   163.843428   215.307893    418.000000
  1295.859985    38.000000   125.421359   176.608892   227.796424    419.000000
  1305.959961    53.000000   146.525660   207.315077   268.104495   1038.000000
  1316.050049    11.000000   110.167489   170.906572   231.645656    515.000000
  1326.050049     7.000000   141.218162   217.886598   294.555034    475.000000
  1336.150024  -116.000000   154.066390   284.429124   414.791858    912.000000
  1346.250000  -314.000000   221.479388   572.099227   922.719065   2401.000000
  1356.349976     0.000000     0.000000     0.000000     0.000000      0.000000
  1366.449951     0.000000     0.000000     0.000000     0.000000      0.000000
  1376.550049     0.000000     0.000000     0.000000     0.000000      0.000000
  1386.650024     0.000000     0.000000     0.000000     0.000000      0.000000
  1396.739990     0.000000     0.000000     0.000000     0.000000      0.000000
  1406.839966     0.000000     0.000000     0.000000     0.000000      0.000000
  1416.939941     0.000000     0.000000     0.000000     0.000000      0.000000
  1426.939941     0.000000     0.000000     0.000000     0.000000      0.000000
  1437.040039     0.000000     0.000000     0.000000     0.000000      0.000000
  1447.140015     0.000000     0.000000     0.000000     0.000000      0.000000
  1457.229980  -363.000000  -392.544627  -152.349227    87.846173   7576.000000
  1467.329956  -490.000000  -346.142686  -224.026418  -101.910149    690.000000
  1477.430054  -238.000000  -176.987033    36.737113   250.461260   1286.000000
  1487.530029  -110.000000   -81.196872    30.701031   142.598934    547.000000
  1497.630005   -35.000000    54.390241   101.491624   148.593006    258.000000
  1507.729980   -11.000000    44.234897   101.034794   157.834691   1708.000000
  1517.829956    -9.000000    44.723677    98.562500   152.401323   1688.000000
  1527.920044   -11.000000    63.295558    99.400773   135.505988    218.000000
  1537.920044    11.000000    80.426731   112.426546   144.426361    222.000000
  1548.020020    24.000000    44.537084   119.077320   193.617555   2723.000000
  1558.119995    13.000000    48.531840   123.876933   199.222026   2809.000000
  1568.219971     8.000000    70.883877   130.617912   190.351948   1301.000000
  1578.319946    15.000000    85.204688   132.277062   179.349436   1123.000000
  1588.420044     8.000000    89.180706   130.760954   172.341202    283.000000
  1598.510010    27.000000    95.269283   140.392397   185.515511   1202.000000
  1608.609985    36.000000   106.590843   147.610825   188.630806    813.000000
  1618.709961    20.000000    94.463379   135.391108   176.318838    307.000000
  1628.810059    -4.000000    64.889413   115.289304   165.689195   1213.000000
  1638.810059    25.000000   103.166507   144.753222   186.339937    299.000000
  1648.900024    24.000000   102.504431   147.777062   193.049693    666.000000
  1659.000000    37.000000   101.278289   144.164304   187.050319    312.000000
  1669.099976    31.000000    97.946841   142.601804   187.256767    307.000000
  1679.199951    52.000000   111.083723   147.478093   183.872462    312.000000
  1689.300049    46.000000   110.441282   146.812500   183.183718    296.000000
  1699.400024    56.000000   107.037441   148.163660   189.289878    790.000000
  1709.500000    45.000000   106.615929   146.925902   187.235875    614.000000
  1719.599976    44.000000   106.072414   143.301546   180.530679    279.000000
  1729.699951    24.000000    99.708016   140.856959   182.005902    420.000000
  1739.699951    14.000000    84.502479   136.135954   187.769428   1179.000000
  1749.790039     1.000000    86.697117   129.938789   173.180460    280.000000
  1759.890015     3.000000    85.440646   130.721005   176.001364    299.000000
  1769.989990   -39.000000    75.236060   137.555412   199.874764    372.000000
  1780.089966   -53.000000    -3.028427   161.081186   325.190798   5797.000000
  1790.189941   -79.000000    56.906989   198.753222   340.599454   1120.000000
  1800.290039     0.000000     0.000000     0.000000     0.000000      0.000000
  1810.380005     0.000000     0.000000     0.000000     0.000000      0.000000
  1820.479980     0.000000     0.000000     0.000000     0.000000      0.000000
  1830.579956     0.000000     0.000000     0.000000     0.000000      0.000000
  1840.579956     0.000000     0.000000     0.000000     0.000000      0.000000
  1850.680054     0.000000     0.000000     0.000000     0.000000      0.000000
  1860.780029     0.000000     0.000000     0.000000     0.000000      0.000000
  1870.869995     0.000000     0.000000     0.000000     0.000000      0.000000
  1880.979980     0.000000     0.000000     0.000000     0.000000      0.000000
  1891.069946     0.000000     0.000000     0.000000     0.000000      0.000000
  1901.170044     0.000000     0.000000     0.000000     0.000000      0.000000
  1911.270020     0.000000     0.000000     0.000000     0.000000      0.000000
  1921.369995     0.000000     0.000000     0.000000     0.000000      0.000000
  1931.469971     0.000000     0.000000     0.000000     0.000000      0.000000
  1941.569946     0.000000     0.000000     0.000000     0.000000      0.000000
  1951.569946     0.000000     0.000000     0.000000     0.000000      0.000000
  1961.660034  -103.000000   -80.152376   370.834407   821.821190   2271.000000
  1971.760010   -36.000000   -20.942677    99.110180   219.163038    551.000000
  1981.859985   -27.000000   -37.101144    37.965206   113.031556   1248.000000
  1991.959961   -28.000000   -44.618321    41.481314   127.580950   1116.000000
  2002.060059   -50.000000  -106.743395   125.795747   358.334890   1138.000000
  2012.150024   -37.000000  -101.599713   130.711985   363.023682   1314.000000
  2022.250000   -21.000000   -28.717482    54.409149   137.535781    457.000000
  2032.349976   -21.000000   -92.683080    41.935567   176.554214   4858.000000
  2042.449951   -21.000000   -21.321737    34.688789    90.699315    335.000000
  2052.449951   -23.000000   -36.786482    50.481314   137.749111    512.000000
  2062.550049   -21.000000   -17.919267    67.199742   152.318751    401.000000
  2072.649902   -21.000000   -16.828496    63.101160   143.030816    855.000000
  2082.750000   -22.000000   -22.143066    42.817655   107.778375    755.000000
  2092.840088   -22.000000   -19.494170    42.655928   104.806025    276.000000
  2102.939941   -21.000000    -7.949045    59.726160   127.401365   1130.000000
  2113.040039   -22.000000    -2.482866    61.771263   126.025391    363.000000
  2123.139893   -21.000000   -32.013071    51.802835   135.618741   2463.000000
  2133.239990   -20.000000    -8.553401    49.466495   107.486391    236.000000
  2143.340088   -20.000000   -92.547534    64.943299   222.434132   5833.000000
  2153.340088   -21.000000   -30.647821    67.329897   165.307615   2880.000000
  2163.429932   -22.000000  -303.730786    48.552191   400.835168  13515.000000
  2173.530029   -22.000000   -49.671089    42.755155   135.181398   2902.000000
  2183.629883   -17.000000    60.076616   117.717139   175.357663    271.000000
  2193.729980   -20.000000    59.329142   118.117912   176.906683    281.000000
  2203.830078   -18.000000    17.411252    80.740335   144.069418   1249.000000
  2213.929932   -18.000000    23.155836    74.681701   126.207566    282.000000
  2224.030029   -15.000000    57.146134   104.269974   151.393814    278.000000
  2234.120117   -16.000000    54.234046   104.313144   154.392242    260.000000
  2244.219971   -20.000000   -20.209918    79.347938   178.905794   3214.000000
  2254.219971   -20.000000     8.376719    73.403995   138.431270    282.000000
  2264.320068   -18.000000    35.982018    87.956830   139.931642    291.000000
  2274.419922   -18.000000    28.337284    85.318299   142.299314    300.000000
  2284.520020   -18.000000    21.920420    88.050258   154.180095    325.000000
  2294.610107   -18.000000    11.126506    90.817655   170.508803    371.000000
  2304.709961   -17.000000    14.538889    83.753866   152.968843    358.000000
  2314.810059   -17.000000     1.448596    83.659794   165.870992    464.000000
  2324.909912   -18.000000   -58.304343    99.397552   257.099446   5584.000000
  2335.010010   -17.000000    11.826854    99.921392   188.015930    400.000000
  2345.110107   -19.000000    -5.489271   120.184278   245.857827    642.000000
  2355.209961   -18.000000   -25.009350   129.416237   283.841824    909.000000
  2365.199951   -18.000000   -24.660413   144.817010   314.294434    818.000000
  2375.300049   -19.000000   -69.109826   211.621134   492.352094   2333.000000
  2385.399902   -21.000000  -145.577156   306.126933   757.831022   7125.000000
  2395.500000   -18.000000  -163.273893   336.221649   835.717192   3266.000000
