==============================================================================
==============================================================================
Wed. Nov. 4 2015                  LANDSAT 5                       Time: 00:08
                            Image Assessment System
                            GEOMETRIC VERIFY Report
==============================================================================
Order ID: 0601511036010_00107                          Path / Row - 228 / 79
Reference Image: L51CUB1088207130100_HDF.L1G

Color mapping per rank
----------------------
Rank  1 is Green: total residual <= 0.5
Rank  2 is Cyan: 0.5 < total residual <=  1
Rank  3 is Blue:  1 < total residual <=  2
Rank  4 is Yellow:  2 < total residual <=  3
Rank  5 is Red:  3 < total residual

Percentage of residuals by rank
-------------------------------
Rank   1 -- 93.8%
Rank   2 --  6.2%
Rank   3 --  0.0%
Rank   4 --  0.0%
Rank   5 --  0.0%

       GCP    Latitude    Longitude  Sample   Line     Total    Rank
        ID                           Residual Residual Residual
              (Degree)    (Degree)   (Pixel)  (Pixel)  (Pixel)
----------------------------------------------------------------------
2280790091  -26.52085    -62.20921    -0.16     -0.44     0.47     1 
2280790170  -26.54556    -62.08376    -0.21     -0.54     0.58     2 
2280790241  -26.57177    -62.20886    -0.17     -0.37     0.40     1 
2280790316  -26.59723    -62.20868    -0.16     -0.52     0.54     2 
2280790325  -26.59539    -61.92670    -0.15     -0.03     0.15     1 
2280790393  -26.62233    -62.14583    -0.09     -0.28     0.29     1 
2280790395  -26.62194    -62.08315    -0.07     -0.42     0.42     1 
2280790396  -26.62174    -62.05181    -0.29     -0.33     0.44     1 
2280790397  -26.62152    -62.02047    -0.36     -0.46     0.58     2 
2280790406  -26.61930    -61.73845    -0.08     -0.10     0.12     1 
2280790409  -26.61844    -61.64445     0.35     -0.08     0.36     1 
2280790410  -26.61813    -61.61311    -0.04     -0.09     0.10     1 
2280790465  -26.64832    -62.23968     0.36     -0.44     0.56     2 
2280790468  -26.64779    -62.14564    -0.40     -0.06     0.40     1 
2280790474  -26.64654    -61.95757    -0.17     -0.55     0.57     2 
2280790475  -26.64630    -61.92622    -0.17     -0.29     0.34     1 
2280790480  -26.64503    -61.76951     0.51     -0.19     0.55     2 
2280790485  -26.64359    -61.61281    -0.24     -0.01     0.24     1 
2280790486  -26.64328    -61.58147    -0.16     -0.01     0.16     1 
2280790495  -26.64018    -61.29944     0.10      0.20     0.22     1 
2280790496  -26.63981    -61.26811    -0.25      0.07     0.26     1 
2280790540  -26.67378    -62.23951    -0.03     -0.38     0.38     1 
2280790552  -26.67127    -61.86328    -0.38     -0.23     0.44     1 
2280790554  -26.67075    -61.80058    -0.37      0.08     0.38     1 
2280790559  -26.66934    -61.64384    -0.14     -0.31     0.34     1 
2280790568  -26.66637    -61.36175    -0.03      0.00     0.03     1 
2280790569  -26.66601    -61.33040    -0.09      0.01     0.09     1 
2280790572  -26.66487    -61.23638    -0.10     -0.07     0.12     1 
2280790573  -26.66448    -61.20504    -0.24     -0.08     0.25     1 
2280790615  -26.69924    -62.23934    -0.52     -0.27     0.59     2 
2280790616  -26.69907    -62.20798    -0.53     -0.35     0.64     2 
2280790628  -26.69647    -61.83167    -0.27      0.21     0.34     1 
2280790631  -26.69567    -61.73761    -0.14     -0.15     0.21     1 
2280790634  -26.69480    -61.64354    -0.44      0.13     0.46     1 
2280790636  -26.69419    -61.58084     0.18      0.13     0.22     1 
2280790637  -26.69387    -61.54948    -0.14     -0.40     0.42     1 
2280790640  -26.69288    -61.45543    -0.17     -0.18     0.24     1 
2280790642  -26.69218    -61.39273    -0.05     -0.03     0.06     1 
2280790643  -26.69182    -61.36138    -0.13     -0.08     0.16     1 
2280790649  -26.68953    -61.17330     0.04      0.04     0.06     1 
2280790654  -26.68743    -61.01658    -0.34      0.33     0.48     1 
2280790657  -26.68608    -60.92256    -0.09      0.37     0.38     1 
2280790690  -26.72470    -62.23917    -0.40     -0.39     0.56     2 
2280790706  -26.72112    -61.73733    -0.10     -0.32     0.33     1 
2280790707  -26.72084    -61.70596     0.57      0.15     0.59     2 
2280790711  -26.71964    -61.58052    -0.16     -0.06     0.17     1 
2280790712  -26.71932    -61.54916     0.10     -0.33     0.35     1 
2280790714  -26.71867    -61.48645    -0.07      0.09     0.12     1 
2280790715  -26.71833    -61.45509    -0.11     -0.10     0.15     1 
2280790716  -26.71799    -61.42373     0.04     -0.30     0.30     1 
2280790721  -26.71616    -61.26695     0.04      0.02     0.04     1 
2280790733  -26.71106    -60.89075     0.12     -0.01     0.12     1 
2280790735  -26.71012    -60.82806     0.67     -0.02     0.67     2 
2280790765  -26.75016    -62.23900    -0.35     -0.36     0.50     2 
2280790766  -26.74999    -62.20763    -0.37     -0.32     0.49     1 
2280790767  -26.74981    -62.17625    -0.40     -0.37     0.54     2 
2280790781  -26.74658    -61.73705    -0.05     -0.31     0.31     1 
2280790784  -26.74571    -61.64294    -0.17     -0.17     0.24     1 
2280790790  -26.74378    -61.45474     0.14      0.12     0.19     1 
2280790792  -26.74309    -61.39202     0.10     -0.27     0.29     1 
2280790793  -26.74273    -61.36065    -0.02      0.31     0.32     1 
2280790797  -26.74122    -61.23521     0.18     -0.01     0.18     1 
2280790799  -26.74043    -61.17249    -0.07     -0.21     0.22     1 
2280790807  -26.73697    -60.92164     0.21      0.21     0.30     1 
2280790808  -26.73651    -60.89028     0.06     -0.13     0.14     1 
2280790810  -26.73556    -60.82758    -0.12     -0.07     0.14     1 
2280790811  -26.73508    -60.79623     0.18      0.20     0.27     1 
2280790813  -26.73409    -60.73353     0.13      0.11     0.17     1 
2280790814  -26.73358    -60.70218     0.04     -0.12     0.13     1 
2280790815  -26.73307    -60.67083     0.16     -0.02     0.16     1 
2280790816  -26.73255    -60.63949     0.21      0.02     0.21     1 
2280790846  -26.77448    -62.05055    -0.15     -0.49     0.51     2 
2280790853  -26.77284    -61.83089    -0.66     -0.08     0.66     2 
2280790856  -26.77203    -61.73676    -0.02     -0.11     0.11     1 
2280790860  -26.77086    -61.61126    -0.03     -0.06     0.07     1 
2280790861  -26.77055    -61.57989    -0.02     -0.26     0.26     1 
2280790862  -26.77023    -61.54852     0.36     -0.13     0.38     1 
2280790865  -26.76923    -61.45440    -0.04     -0.15     0.16     1 
2280790871  -26.76706    -61.26618     0.03      0.01     0.03     1 
2280790872  -26.76667    -61.23481    -0.04      0.21     0.21     1 
2280790874  -26.76587    -61.17208    -0.14      0.21     0.25     1 
2280790877  -26.76463    -61.07798    -0.03     -0.03     0.04     1 
2280790879  -26.76376    -61.01526     0.03     -0.02     0.04     1 
2280790881  -26.76287    -60.95253    -0.21      0.15     0.25     1 
2280790882  -26.76242    -60.92117    -0.02     -0.12     0.12     1 
2280790883  -26.76195    -60.88981    -0.28      0.35     0.45     1 
2280790884  -26.76148    -60.85845    -0.23     -0.21     0.31     1 
2280790885  -26.76100    -60.82710    -0.14     -0.40     0.42     1 
2280790886  -26.76052    -60.79574    -0.00      0.02     0.02     1 
2280790888  -26.75953    -60.73302    -0.19      0.05     0.19     1 
2280790889  -26.75902    -60.70167    -0.14      0.21     0.25     1 
2280790890  -26.75851    -60.67032    -0.14     -0.09     0.17     1 
2280790891  -26.75799    -60.63896    -0.07      0.25     0.26     1 
2280790892  -26.75747    -60.60761     0.06      0.05     0.08     1 
2280790893  -26.75693    -60.57626    -0.30      0.11     0.32     1 
2280790894  -26.75639    -60.54491     0.19      0.11     0.22     1 
2280790895  -26.75585    -60.51356     0.28     -0.01     0.28     1 
2280790896  -26.75529    -60.48221    -0.09     -0.00     0.09     1 
2280790897  -26.75473    -60.45086     0.03      0.11     0.12     1 
2280790916  -26.80091    -62.20727    -0.15     -0.42     0.44     1 
2280790918  -26.80054    -62.14450    -0.50     -0.38     0.62     2 
2280790919  -26.80035    -62.11311     0.03     -0.27     0.27     1 
2280790923  -26.79951    -61.98756    -0.20     -0.23     0.31     1 
2280790925  -26.79904    -61.92479     0.32     -0.47     0.57     2 
2280790931  -26.79749    -61.73648    -0.14     -0.16     0.21     1 
2280790937  -26.79568    -61.54819     0.34      0.19     0.38     1 
2280790938  -26.79536    -61.51681    -0.06     -0.17     0.18     1 
2280790940  -26.79469    -61.45405    -0.23     -0.03     0.23     1 
2280790941  -26.79434    -61.42268     0.14     -0.05     0.14     1 
2280790942  -26.79399    -61.39130     0.05     -0.26     0.26     1 
2280790945  -26.79289    -61.29717     0.21     -0.18     0.28     1 
2280790946  -26.79251    -61.26579     0.02      0.03     0.04     1 
2280790953  -26.78965    -61.04619     0.20      0.31     0.37     1 
2280790959  -26.78692    -60.85798     0.39      0.11     0.41     1 
2280790960  -26.78645    -60.82661     0.18     -0.11     0.21     1 
2280790963  -26.78497    -60.73252     0.05     -0.07     0.08     1 
2280790964  -26.78447    -60.70116    -0.02     -0.02     0.03     1 
2280790965  -26.78395    -60.66980     0.13     -0.03     0.13     1 
2280790966  -26.78343    -60.63844     0.21      0.06     0.22     1 
2280790967  -26.78291    -60.60708    -0.00     -0.08     0.08     1 
2280790968  -26.78237    -60.57572     0.25     -0.32     0.41     1 
2280790973  -26.77960    -60.41894    -0.10      0.02     0.10     1 
2280790992  -26.82619    -62.17570     0.12     -0.25     0.28     1 
2280790996  -26.82540    -62.05012     0.02     -0.43     0.43     1 
2280790997  -26.82519    -62.01873     0.05     -0.11     0.13     1 
2280790998  -26.82496    -61.98734    -0.35     -0.54     0.65     2 
2280791000  -26.82450    -61.92455    -0.29     -0.07     0.29     1 
2280791006  -26.82294    -61.73620    -0.20     -0.21     0.29     1 
2280791007  -26.82266    -61.70481    -0.01     -0.08     0.08     1 
2280791008  -26.82237    -61.67342     0.04     -0.16     0.17     1 
2280791014  -26.82048    -61.48510    -0.61      0.09     0.62     2 
2280791015  -26.82014    -61.45371    -0.04     -0.09     0.10     1 
2280791016  -26.81979    -61.42232     0.30      0.17     0.34     1 
2280791021  -26.81796    -61.26541    -0.04     -0.01     0.04     1 
2280791022  -26.81757    -61.23403     0.04     -0.11     0.12     1 
2280791023  -26.81717    -61.20264    -0.17     -0.35     0.39     1 
2280791035  -26.81189    -60.82613    -0.19      0.03     0.19     1 
2280791036  -26.81140    -60.79475     0.10      0.07     0.13     1 
2280791037  -26.81091    -60.76338     0.08      0.44     0.44     1 
2280791038  -26.81041    -60.73201     0.11     -0.03     0.11     1 
2280791039  -26.80991    -60.70064     0.22     -0.18     0.28     1 
2280791040  -26.80939    -60.66928     0.13      0.00     0.13     1 
2280791041  -26.80887    -60.63791     0.16     -0.09     0.19     1 
2280791042  -26.80834    -60.60654    -0.19      0.01     0.19     1 
2280791044  -26.80727    -60.54381     0.06      0.20     0.21     1 
2280791045  -26.80672    -60.51245    -0.02     -0.15     0.15     1 
2280791046  -26.80617    -60.48108     0.09     -0.03     0.10     1 
2280791067  -26.85165    -62.17552    -0.30     -0.27     0.41     1 
2280791072  -26.85064    -62.01851    -0.43     -0.25     0.50     1 
2280791073  -26.85042    -61.98711    -0.17     -0.45     0.48     1 
2280791074  -26.85019    -61.95571    -0.24     -0.44     0.50     2 
2280791088  -26.84626    -61.51615     0.30     -0.06     0.30     1 
2280791089  -26.84593    -61.48476    -0.21     -0.22     0.31     1 
2280791090  -26.84559    -61.45336    -0.10     -0.14     0.17     1 
2280791091  -26.84524    -61.42197    -0.02     -0.16     0.16     1 
2280791092  -26.84489    -61.39058    -0.16      0.08     0.18     1 
2280791093  -26.84453    -61.35919    -0.08     -0.03     0.09     1 
2280791094  -26.84416    -61.32780     0.07     -0.24     0.25     1 
2280791096  -26.84341    -61.26502    -0.01     -0.01     0.01     1 
2280791097  -26.84302    -61.23363    -0.12     -0.05     0.13     1 
2280791098  -26.84262    -61.20224     0.16      0.03     0.16     1 
2280791103  -26.84054    -61.04531     0.34     -0.01     0.34     1 
2280791104  -26.84010    -61.01393     0.20     -0.06     0.21     1 
2280791107  -26.83875    -60.91978    -0.16      0.02     0.16     1 
2280791109  -26.83781    -60.85702     0.31     -0.07     0.31     1 
2280791110  -26.83733    -60.82564    -0.34      0.11     0.36     1 
2280791112  -26.83635    -60.76288     0.05      0.08     0.09     1 
2280791114  -26.83535    -60.70013     0.02     -0.02     0.03     1 
2280791116  -26.83431    -60.63738    -0.05      0.12     0.13     1 
2280791117  -26.83378    -60.60601     0.13      0.05     0.14     1 
2280791118  -26.83325    -60.57463     0.17      0.03     0.17     1 
2280791119  -26.83271    -60.54326     0.04     -0.15     0.16     1 
2280791120  -26.83216    -60.51189    -0.20     -0.14     0.24     1 
2280791121  -26.83160    -60.48052     0.16      0.06     0.17     1 
2280791142  -26.87710    -62.17533    -0.19     -0.50     0.53     2 
2280791146  -26.87631    -62.04970    -0.29     -0.42     0.51     2 
2280791149  -26.87565    -61.95547    -0.36     -0.18     0.40     1 
2280791160  -26.87267    -61.61002    -0.14     -0.29     0.32     1 
2280791165  -26.87104    -61.45302     0.07     -0.11     0.13     1 
2280791166  -26.87070    -61.42162    -0.05     -0.17     0.18     1 
2280791167  -26.87034    -61.39022    -0.08      0.01     0.08     1 
2280791168  -26.86998    -61.35882    -0.17      0.03     0.18     1 
2280791169  -26.86961    -61.32742    -0.00     -0.06     0.06     1 
2280791170  -26.86924    -61.29603     0.16     -0.18     0.24     1 
2280791171  -26.86885    -61.26463     0.07      0.03     0.07     1 
2280791172  -26.86847    -61.23324    -0.10     -0.22     0.24     1 
2280791173  -26.86807    -61.20184     0.10     -0.12     0.15     1 
2280791174  -26.86767    -61.17045    -0.20     -0.07     0.21     1 
2280791175  -26.86726    -61.13905     0.16     -0.16     0.22     1 
2280791176  -26.86684    -61.10766     0.22     -0.10     0.24     1 
2280791177  -26.86642    -61.07627     0.06      0.43     0.43     1 
2280791182  -26.86419    -60.91931     0.14      0.06     0.15     1 
2280791185  -26.86277    -60.82515     0.09      0.15     0.17     1 
2280791189  -26.86079    -60.69962    -0.50     -0.38     0.63     2 
2280791190  -26.86027    -60.66823     0.24     -0.09     0.26     1 
2280791192  -26.85922    -60.60547     0.03      0.08     0.09     1 
2280791193  -26.85869    -60.57409    -0.22     -0.11     0.25     1 
2280791195  -26.85760    -60.51134     0.16     -0.34     0.38     1 
2280791196  -26.85704    -60.47996    -0.09     -0.13     0.16     1 
2280791198  -26.85591    -60.41721     0.03     -0.25     0.26     1 
2280791215  -26.90292    -62.23798    -0.03     -0.17     0.17     1 
2280791220  -26.90198    -62.08090    -0.06     -0.12     0.13     1 
2280791221  -26.90177    -62.04948    -0.24     -0.22     0.33     1 
2280791224  -26.90111    -61.95524    -0.50     -0.17     0.53     2 
2280791225  -26.90087    -61.92383    -0.15     -0.39     0.42     1 
2280791230  -26.89959    -61.76676     0.00     -0.15     0.15     1 
2280791233  -26.89873    -61.67253    -0.10     -0.53     0.54     2 
2280791235  -26.89813    -61.60971    -0.09     -0.22     0.23     1 
2280791236  -26.89782    -61.57830    -0.10     -0.24     0.26     1 
2280791239  -26.89683    -61.48408    -0.41      0.33     0.53     2 
2280791240  -26.89650    -61.45267    -0.18     -0.19     0.26     1 
2280791241  -26.89615    -61.42126     0.23     -0.28     0.36     1 
2280791242  -26.89579    -61.38986    -0.01      0.03     0.03     1 
2280791243  -26.89543    -61.35845     0.17     -0.37     0.41     1 
2280791244  -26.89506    -61.32705     0.06     -0.08     0.10     1 
2280791245  -26.89469    -61.29565     0.07      0.07     0.10     1 
2280791246  -26.89430    -61.26424    -0.04      0.02     0.05     1 
2280791247  -26.89391    -61.23284    -0.08     -0.21     0.22     1 
2280791248  -26.89352    -61.20144     0.17     -0.17     0.24     1 
2280791249  -26.89312    -61.17003     0.19     -0.03     0.19     1 
2280791252  -26.89186    -61.07583     0.04     -0.07     0.08     1 
2280791256  -26.89010    -60.95025    -0.08     -0.08     0.11     1 
2280791257  -26.88964    -60.91885     0.28      0.16     0.32     1 
2280791264  -26.88623    -60.69910     0.26     -0.12     0.29     1 
2280791265  -26.88571    -60.66771     0.10     -0.14     0.17     1 
2280791266  -26.88519    -60.63632    -0.09      0.13     0.15     1 
2280791268  -26.88413    -60.57355    -0.17      0.11     0.20     1 
2280791269  -26.88358    -60.54216     0.33     -0.27     0.43     1 
2280791270  -26.88303    -60.51078    -0.13      0.10     0.16     1 
2280791272  -26.88191    -60.44801    -0.00      0.20     0.20     1 
2280791273  -26.88134    -60.41663    -0.02     -0.02     0.02     1 
2280791292  -26.92802    -62.17496     0.03     -0.36     0.36     1 
2280791295  -26.92744    -62.08069    -0.13     -0.11     0.17     1 
2280791299  -26.92656    -61.95501    -0.19     -0.25     0.31     1 
2280791300  -26.92633    -61.92359    -0.17     -0.14     0.22     1 
2280791307  -26.92448    -61.70365    -0.08     -0.33     0.34     1 
2280791308  -26.92419    -61.67223    -0.25     -0.29     0.38     1 
2280791309  -26.92389    -61.64082     0.07     -0.05     0.08     1 
2280791313  -26.92262    -61.51515    -0.13     -0.24     0.27     1 
2280791314  -26.92229    -61.48374    -0.15      0.09     0.17     1 
2280791315  -26.92195    -61.45232    -0.05     -0.25     0.26     1 
2280791317  -26.92124    -61.38950     0.03     -0.37     0.37     1 
2280791318  -26.92088    -61.35809    -0.08     -0.04     0.09     1 
2280791320  -26.92014    -61.29526     0.20     -0.26     0.33     1 
2280791321  -26.91975    -61.26385     0.03     -0.04     0.05     1 
2280791322  -26.91936    -61.23244     0.15     -0.03     0.15     1 
2280791323  -26.91897    -61.20103     0.26      0.07     0.27     1 
2280791324  -26.91856    -61.16963    -0.12      0.06     0.13     1 
2280791326  -26.91773    -61.10681    -0.03      0.01     0.04     1 
2280791327  -26.91731    -61.07540     0.01      0.00     0.01     1 
2280791330  -26.91599    -60.98119     0.12     -0.15     0.19     1 
2280791331  -26.91554    -60.94978     0.11     -0.12     0.16     1 
2280791332  -26.91508    -60.91838    -0.20      0.16     0.26     1 
2280791333  -26.91461    -60.88698    -0.05     -0.09     0.10     1 
2280791335  -26.91366    -60.82418     0.19      0.09     0.21     1 
2280791343  -26.90956    -60.57300     0.20     -0.05     0.21     1 
2280791344  -26.90902    -60.54161     0.42      0.09     0.43     1 
2280791346  -26.90791    -60.47883     0.25      0.14     0.28     1 
2280791347  -26.90735    -60.44744    -0.04      0.07     0.08     1 
2280791370  -26.95290    -62.08049    -0.08     -0.58     0.58     2 
2280791378  -26.95103    -61.82906     0.01     -0.09     0.09     1 
2280791379  -26.95077    -61.79763    -0.12     -0.27     0.30     1 
2280791381  -26.95022    -61.73478     0.30      0.05     0.30     1 
2280791382  -26.94993    -61.70336    -0.10     -0.26     0.28     1 
2280791383  -26.94964    -61.67193    -0.06     -0.33     0.34     1 
2280791384  -26.94934    -61.64051     0.17      0.27     0.32     1 
2280791387  -26.94840    -61.54624    -0.03     -0.26     0.27     1 
2280791389  -26.94774    -61.48340     0.07     -0.23     0.25     1 
2280791390  -26.94740    -61.45198     0.20     -0.06     0.21     1 
2280791392  -26.94669    -61.38914    -0.01     -0.13     0.13     1 
2280791393  -26.94633    -61.35772    -0.01     -0.27     0.27     1 
2280791395  -26.94559    -61.29488     0.17     -0.14     0.22     1 
2280791396  -26.94520    -61.26346     0.13     -0.08     0.16     1 
2280791397  -26.94481    -61.23205     0.02     -0.14     0.14     1 
2280791399  -26.94401    -61.16921     0.19     -0.19     0.27     1 
2280791402  -26.94276    -61.07497    -0.01     -0.07     0.07     1 
2280791404  -26.94188    -61.01215    -0.32      0.24     0.40     1 
2280791407  -26.94053    -60.91792    -0.07      0.27     0.28     1 
2280791408  -26.94006    -60.88651    -0.13     -0.05     0.13     1 
2280791409  -26.93958    -60.85510     0.04     -0.29     0.29     1 
2280791411  -26.93861    -60.79228     0.12      0.06     0.13     1 
2280791412  -26.93812    -60.76088    -0.11     -0.01     0.11     1 
2280791418  -26.93500    -60.57246     0.18      0.06     0.19     1 
2280791421  -26.93335    -60.47826     0.12     -0.25     0.28     1 
2280791422  -26.93278    -60.44687    -0.05      0.02     0.05     1 
2280791440  -26.97929    -62.23747    -0.21      0.15     0.26     1 
2280791448  -26.97771    -61.98597    -0.25     -0.40     0.47     1 
2280791452  -26.97675    -61.86023     0.19     -0.35     0.40     1 
2280791458  -26.97509    -61.67164    -0.07     -0.10     0.12     1 
2280791461  -26.97417    -61.57734    -0.05     -0.35     0.35     1 
2280791462  -26.97385    -61.54591     0.14     -0.18     0.23     1 
2280791463  -26.97353    -61.51448     0.05     -0.16     0.17     1 
2280791465  -26.97285    -61.45163    -0.15     -0.20     0.25     1 
2280791466  -26.97250    -61.42020    -0.28     -0.16     0.32     1 
2280791467  -26.97215    -61.38877     0.17      0.07     0.18     1 
2280791468  -26.97178    -61.35735     0.06     -0.07     0.09     1 
2280791469  -26.97141    -61.32592     0.08     -0.11     0.14     1 
2280791471  -26.97065    -61.26307     0.02     -0.16     0.16     1 
2280791472  -26.97026    -61.23165     0.22     -0.12     0.25     1 
2280791473  -26.96986    -61.20023    -0.02     -0.17     0.17     1 
2280791475  -26.96905    -61.13738     0.26     -0.27     0.37     1 
2280791476  -26.96863    -61.10596     0.05     -0.02     0.06     1 
2280791478  -26.96777    -61.04312     0.17     -0.20     0.27     1 
2280791480  -26.96688    -60.98028     0.21     -0.11     0.23     1 
2280791481  -26.96643    -60.94886     0.02     -0.08     0.08     1 
2280791482  -26.96597    -60.91745     0.20      0.05     0.21     1 
2280791485  -26.96455    -60.82320    -0.02      0.12     0.12     1 
2280791486  -26.96406    -60.79179    -0.02      0.02     0.03     1 
2280791487  -26.96356    -60.76038    -0.05     -0.04     0.06     1 
2280791489  -26.96255    -60.69755    -0.03     -0.18     0.19     1 
2280791490  -26.96203    -60.66614    -0.15     -0.21     0.26     1 
2280791491  -26.96151    -60.63473     0.12     -0.14     0.18     1 
2280791493  -26.96044    -60.57191     0.06     -0.20     0.21     1 
2280791494  -26.95989    -60.54051     0.40     -0.22     0.46     1 
2280791495  -26.95934    -60.50910     0.11     -0.33     0.34     1 
2280791496  -26.95878    -60.47770     0.24      0.19     0.30     1 
2280791497  -26.95822    -60.44629    -0.11      0.02     0.11     1 
2280791512  -27.00523    -62.33163    -0.52      0.01     0.52     2 
2280791514  -27.00492    -62.26874    -0.34     -0.21     0.40     1 
2280791516  -27.00458    -62.20585    -0.13     -0.65     0.66     2 
2280791521  -27.00360    -62.04863    -0.03     -0.40     0.40     1 
2280791523  -27.00316    -61.98574    -0.08     -0.21     0.23     1 
2280791524  -27.00293    -61.95430    -0.36      0.30     0.47     1 
2280791526  -27.00245    -61.89142    -0.36     -0.50     0.61     2 
2280791528  -27.00194    -61.82853    -0.47     -0.22     0.52     2 
2280791531  -27.00113    -61.73421     0.02     -0.28     0.28     1 
2280791532  -27.00084    -61.70278    -0.15     -0.13     0.20     1 
2280791533  -27.00055    -61.67134    -0.14     -0.17     0.22     1 
2280791536  -26.99963    -61.57702    -0.06     -0.20     0.21     1 
2280791537  -26.99931    -61.54559    -0.04     -0.11     0.12     1 
2280791538  -26.99898    -61.51415     0.09     -0.09     0.13     1 
2280791539  -26.99864    -61.48271    -0.21     -0.06     0.22     1 
2280791540  -26.99830    -61.45128    -0.19     -0.41     0.46     1 
2280791544  -26.99686    -61.32554    -0.03      0.10     0.11     1 
2280791545  -26.99648    -61.29411    -0.01     -0.33     0.33     1 
2280791546  -26.99610    -61.26268     0.04     -0.04     0.06     1 
2280791547  -26.99571    -61.23125     0.09     -0.01     0.09     1 
2280791548  -26.99531    -61.19982     0.34     -0.23     0.41     1 
2280791549  -26.99491    -61.16839    -0.17     -0.50     0.53     2 
2280791550  -26.99449    -61.13696    -0.01     -0.30     0.30     1 
2280791553  -26.99322    -61.04268    -0.12      0.01     0.12     1 
2280791554  -26.99278    -61.01125     0.15     -0.03     0.16     1 
2280791555  -26.99233    -60.97983    -0.32     -0.44     0.54     2 
2280791558  -26.99094    -60.88556     0.08     -0.06     0.10     1 
2280791559  -26.99047    -60.85413     0.07      0.22     0.23     1 
2280791560  -26.98999    -60.82271     0.23     -0.16     0.28     1 
2280791561  -26.98950    -60.79129    -0.08     -0.02     0.08     1 
2280791562  -26.98900    -60.75987    -0.03      0.12     0.13     1 
2280791563  -26.98850    -60.72845     0.05     -0.40     0.40     1 
2280791566  -26.98695    -60.63420    -0.18      0.17     0.24     1 
2280791567  -26.98642    -60.60278     0.13      0.02     0.13     1 
2280791568  -26.98588    -60.57137     0.08      0.10     0.13     1 
2280791571  -26.98422    -60.47713     0.00     -0.17     0.17     1 
2280791572  -26.98365    -60.44572     0.10     -0.12     0.16     1 
2280791588  -27.03054    -62.30003    -0.34     -0.28     0.44     1 
2280791590  -27.03021    -62.23712    -0.13     -0.65     0.66     2 
2280791591  -27.03003    -62.20567    -0.12     -0.52     0.53     2 
2280791592  -27.02985    -62.17422     0.06     -0.37     0.38     1 
2280791602  -27.02766    -61.85972    -0.11     -0.26     0.28     1 
2280791604  -27.02713    -61.79682     0.03     -0.12     0.12     1 
2280791606  -27.02658    -61.73393    -0.17     -0.21     0.27     1 
2280791607  -27.02630    -61.70248    -0.02     -0.41     0.41     1 
2280791608  -27.02600    -61.67104    -0.00     -0.14     0.14     1 
2280791614  -27.02409    -61.48237    -0.06     -0.28     0.28     1 
2280791618  -27.02268    -61.35661    -0.54      0.11     0.55     2 
2280791619  -27.02231    -61.32517    -0.08     -0.03     0.09     1 
2280791620  -27.02193    -61.29373     0.11      0.02     0.11     1 
2280791621  -27.02155    -61.26229     0.18     -0.08     0.20     1 
2280791622  -27.02116    -61.23085     0.06     -0.12     0.14     1 
2280791623  -27.02076    -61.19942     0.20     -0.27     0.33     1 
2280791626  -27.01952    -61.10511     0.05     -0.07     0.09     1 
2280791629  -27.01822    -61.01080     0.07     -0.04     0.08     1 
2280791630  -27.01777    -60.97937    -0.12      0.16     0.20     1 
2280791631  -27.01732    -60.94794    -0.19      0.03     0.19     1 
2280791634  -27.01591    -60.85365     0.26     -0.06     0.27     1 
2280791635  -27.01543    -60.82222     0.11     -0.34     0.36     1 
2280791636  -27.01494    -60.79079     0.34     -0.10     0.36     1 
2280791637  -27.01444    -60.75937    -0.03     -0.01     0.03     1 
2280791640  -27.01291    -60.66509     0.24     -0.06     0.24     1 
2280791641  -27.01239    -60.63367    -0.28     -0.16     0.33     1 
2280791642  -27.01185    -60.60224     0.11     -0.21     0.24     1 
2280791643  -27.01131    -60.57082     0.35     -0.15     0.38     1 
2280791644  -27.01077    -60.53940     0.10     -0.10     0.14     1 
2280791645  -27.01022    -60.50798    -0.02     -0.31     0.31     1 
2280791646  -27.00966    -60.47656     0.17     -0.28     0.33     1 
2280791647  -27.00909    -60.44514     0.12      0.00     0.12     1 
2280791663  -27.05599    -62.29987    -0.09     -0.37     0.38     1 
2280791665  -27.05567    -62.23695    -0.30     -0.39     0.49     1 
2280791667  -27.05531    -62.17403    -0.06     -0.40     0.40     1 
2280791672  -27.05430    -62.01674    -0.33     -0.32     0.46     1 
2280791677  -27.05311    -61.85946    -0.12     -0.34     0.37     1 
2280791678  -27.05285    -61.82801    -0.12     -0.42     0.43     1 
2280791679  -27.05259    -61.79655     0.09     -0.26     0.28     1 
2280791680  -27.05232    -61.76510    -0.08     -0.27     0.28     1 
2280791681  -27.05204    -61.73364     0.10     -0.13     0.17     1 
2280791682  -27.05175    -61.70219    -0.13      0.15     0.20     1 
2280791684  -27.05116    -61.63928    -0.15     -0.05     0.16     1 
2280791688  -27.04988    -61.51348    -0.02      0.06     0.07     1 
2280791692  -27.04850    -61.38768    -0.03     -0.05     0.06     1 
2280791693  -27.04813    -61.35624    -0.13      0.10     0.17     1 
2280791694  -27.04776    -61.32479     0.03      0.07     0.07     1 
2280791695  -27.04738    -61.29334     0.31     -0.25     0.40     1 
2280791696  -27.04700    -61.26190     0.23      0.03     0.23     1 
2280791697  -27.04661    -61.23045    -0.06     -0.11     0.12     1 
2280791698  -27.04621    -61.19901     0.11     -0.13     0.17     1 
2280791702  -27.04454    -61.07324    -0.07     -0.05     0.08     1 
2280791705  -27.04322    -60.97892     0.14     -0.06     0.15     1 
2280791706  -27.04276    -60.94748    -0.11     -0.08     0.14     1 
2280791707  -27.04230    -60.91604    -0.02     -0.23     0.23     1 
2280791708  -27.04183    -60.88460    -0.23     -0.44     0.50     1 
2280791709  -27.04135    -60.85317     0.24     -0.03     0.25     1 
2280791710  -27.04087    -60.82173    -0.10     -0.12     0.16     1 
2280791711  -27.04038    -60.79030     0.07     -0.06     0.09     1 
2280791712  -27.03988    -60.75886     0.19      0.47     0.51     2 
2280791716  -27.03783    -60.63313     0.09     -0.12     0.15     1 
2280791717  -27.03729    -60.60170    -0.15     -0.12     0.19     1 
2280791719  -27.03621    -60.53885    -0.04      0.20     0.21     1 
2280791720  -27.03565    -60.50742     0.03      0.17     0.18     1 
2280791721  -27.03509    -60.47599     0.23     -0.21     0.31     1 
2280791752  -27.07857    -61.85920    -0.11     -0.14     0.18     1 
2280791754  -27.07804    -61.79628     0.01     -0.22     0.22     1 
2280791755  -27.07777    -61.76482    -0.16     -0.22     0.28     1 
2280791757  -27.07720    -61.70190    -0.31     -0.18     0.36     1 
2280791758  -27.07691    -61.67044    -0.09     -0.17     0.19     1 
2280791759  -27.07661    -61.63898    -0.05     -0.13     0.14     1 
2280791761  -27.07598    -61.57606    -0.08      0.05     0.09     1 
2280791763  -27.07533    -61.51314     0.21     -0.20     0.29     1 
2280791764  -27.07500    -61.48169    -0.04     -0.08     0.09     1 
2280791765  -27.07465    -61.45023    -0.20     -0.23     0.30     1 
2280791766  -27.07430    -61.41877    -0.18     -0.06     0.19     1 
2280791768  -27.07358    -61.35587    -0.08     -0.17     0.19     1 
2280791769  -27.07321    -61.32441     0.07     -0.18     0.19     1 
2280791770  -27.07283    -61.29296     0.02     -0.24     0.24     1 
2280791773  -27.07165    -61.19860     0.13     -0.34     0.36     1 
2280791776  -27.07041    -61.10425     0.25      0.07     0.26     1 
2280791777  -27.06999    -61.07280    -0.04     -0.19     0.20     1 
2280791778  -27.06955    -61.04135     0.17     -0.03     0.17     1 
2280791780  -27.06866    -60.97846    -0.17     -0.07     0.19     1 
2280791781  -27.06821    -60.94702    -0.03      0.01     0.03     1 
2280791782  -27.06774    -60.91557    -0.16     -0.10     0.19     1 
2280791783  -27.06727    -60.88412    -0.12     -0.22     0.25     1 
2280791784  -27.06680    -60.85268    -0.26     -0.54     0.60     2 
2280791785  -27.06631    -60.82124     0.08      0.03     0.08     1 
2280791786  -27.06582    -60.78980     0.15     -0.33     0.36     1 
2280791788  -27.06482    -60.72691     0.11      0.12     0.16     1 
2280791789  -27.06431    -60.69548    -0.05     -0.34     0.35     1 
2280791791  -27.06326    -60.63260     0.51     -0.01     0.51     2 
2280791793  -27.06219    -60.56973     0.27     -0.07     0.27     1 
2280791794  -27.06164    -60.53829    -0.00     -0.47     0.47     1 
2280791795  -27.06109    -60.50686     0.06     -0.20     0.21     1 
2280791796  -27.06053    -60.47542    -0.07     -0.48     0.48     1 
2280791814  -27.10675    -62.26808    -0.41     -0.25     0.48     1 
2280791820  -27.10564    -62.07924    -0.01     -0.11     0.11     1 
2280791828  -27.10376    -61.82748    -0.21     -0.10     0.24     1 
2280791832  -27.10266    -61.70160    -0.32     -0.12     0.34     1 
2280791833  -27.10236    -61.67014    -0.17     -0.10     0.19     1 
2280791834  -27.10206    -61.63867    -0.18     -0.07     0.19     1 
2280791835  -27.10175    -61.60720    -0.07     -0.27     0.28     1 
2280791836  -27.10144    -61.57574    -0.18     -0.25     0.31     1 
2280791837  -27.10112    -61.54427    -0.18     -0.18     0.26     1 
2280791838  -27.10078    -61.51281    -0.06     -0.13     0.14     1 
2280791839  -27.10045    -61.48134    -0.12     -0.09     0.15     1 
2280791840  -27.10010    -61.44988    -0.13     -0.28     0.31     1 
2280791841  -27.09975    -61.41842     0.04      0.11     0.12     1 
2280791845  -27.09828    -61.29257     0.15     -0.05     0.16     1 
2280791849  -27.09670    -61.16674    -0.01     -0.01     0.01     1 
2280791850  -27.09628    -61.13528     0.29     -0.12     0.32     1 
2280791853  -27.09500    -61.04091     0.00     -0.03     0.03     1 
2280791855  -27.09411    -60.97800     0.16     -0.05     0.17     1 
2280791856  -27.09365    -60.94655     0.26     -0.17     0.31     1 
2280791857  -27.09319    -60.91510    -0.07     -0.00     0.07     1 
2280791858  -27.09272    -60.88365    -0.46      0.33     0.56     2 
2280791859  -27.09224    -60.85220     0.09     -0.07     0.11     1 
2280791860  -27.09175    -60.82075     0.06     -0.04     0.07     1 
2280791861  -27.09126    -60.78930     0.11     -0.11     0.16     1 
2280791862  -27.09077    -60.75785     0.01     -0.09     0.09     1 
2280791863  -27.09026    -60.72640     0.02     -0.04     0.05     1 
2280791865  -27.08923    -60.66351     0.04     -0.07     0.08     1 
2280791866  -27.08870    -60.63206     0.41     -0.06     0.42     1 
2280791867  -27.08817    -60.60062     0.08     -0.37     0.38     1 
2280791868  -27.08763    -60.56918    -0.00     -0.07     0.07     1 
2280791869  -27.08708    -60.53773    -0.14     -0.15     0.21     1 
2280791870  -27.08653    -60.50629    -0.07     -0.26     0.27     1 
2280791871  -27.08596    -60.47485     0.09     -0.12     0.14     1 
2280791889  -27.13221    -62.26792     0.16     -0.08     0.18     1 
2280791891  -27.13187    -62.20495    -0.06     -0.30     0.31     1 
2280791908  -27.12782    -61.66983    -0.19     -0.06     0.20     1 
2280791909  -27.12751    -61.63836    -0.20      0.05     0.21     1 
2280791911  -27.12689    -61.57541    -0.06     -0.05     0.08     1 
2280791915  -27.12556    -61.44953    -0.14     -0.20     0.24     1 
2280791916  -27.12521    -61.41806     0.10     -0.22     0.25     1 
2280791919  -27.12411    -61.32365    -0.06     -0.18     0.19     1 
2280791922  -27.12295    -61.22925     0.09     -0.07     0.11     1 
2280791923  -27.12255    -61.19779     0.02     -0.41     0.41     1 
2280791924  -27.12214    -61.16632    -0.02     -0.10     0.10     1 
2280791925  -27.12173    -61.13486    -0.13     -0.21     0.25     1 
2280791927  -27.12088    -61.07193     0.16      0.26     0.30     1 
2280791928  -27.12044    -61.04047    -0.57     -0.20     0.61     2 
2280791929  -27.12000    -61.00901    -0.13     -0.14     0.19     1 
2280791930  -27.11955    -60.97755    -0.04     -0.25     0.26     1 
2280791932  -27.11863    -60.91463    -0.13      0.01     0.13     1 
2280791933  -27.11816    -60.88317    -0.13     -0.11     0.17     1 
2280791935  -27.11720    -60.82025     0.21     -0.11     0.24     1 
2280791936  -27.11670    -60.78880     0.09     -0.12     0.15     1 
2280791937  -27.11621    -60.75734     0.06     -0.15     0.16     1 
2280791939  -27.11519    -60.69443    -0.07     -0.26     0.26     1 
2280791940  -27.11467    -60.66298    -0.14      0.16     0.21     1 
2280791941  -27.11414    -60.63153     0.01      0.03     0.03     1 
2280791943  -27.11306    -60.56863    -0.10     -0.18     0.21     1 
2280791944  -27.11252    -60.53718     0.16     -0.01     0.16     1 
2280791945  -27.11196    -60.50573    -0.09     -0.42     0.43     1 
2280791946  -27.11140    -60.47428     0.08     -0.41     0.42     1 
2280791966  -27.15732    -62.20477    -0.24     -0.17     0.30     1 
2280791974  -27.15567    -61.95288     0.08     -0.36     0.37     1 
2280791977  -27.15493    -61.85843    -0.11     -0.12     0.16     1 
2280791988  -27.15169    -61.51214    -0.51      0.27     0.57     2 
2280791989  -27.15135    -61.48066    -0.07     -0.14     0.16     1 
2280791991  -27.15066    -61.41770    -0.09     -0.21     0.23     1 
2280791992  -27.15030    -61.38623     0.11     -0.02     0.11     1 
2280791996  -27.14879    -61.26033    -0.12     -0.07     0.14     1 
2280791997  -27.14840    -61.22885     0.29      0.57     0.64     2 
2280791998  -27.14800    -61.19738     0.07     -0.08     0.10     1 
2280792001  -27.14675    -61.10296     0.33     -0.13     0.35     1 
2280792002  -27.14632    -61.07149    -0.00     -0.02     0.02     1 
2280792004  -27.14544    -61.00856     0.14     -0.18     0.23     1 
2280792005  -27.14500    -60.97709    -0.17     -0.25     0.30     1 
2280792006  -27.14454    -60.94562     0.12     -0.01     0.12     1 
2280792007  -27.14407    -60.91416     0.07     -0.16     0.17     1 
2280792008  -27.14360    -60.88269     0.01     -0.10     0.10     1 
2280792010  -27.14264    -60.81976     0.33      0.01     0.33     1 
2280792012  -27.14165    -60.75683     0.23     -0.21     0.31     1 
2280792015  -27.14011    -60.66245    -0.38      0.29     0.48     1 
2280792017  -27.13904    -60.59953    -0.43      0.17     0.46     1 
2280792018  -27.13850    -60.56808    -0.14     -0.03     0.14     1 
2280792019  -27.13795    -60.53662     0.27      0.11     0.29     1 
2280792020  -27.13740    -60.50516     0.00     -0.09     0.09     1 
2280792021  -27.13684    -60.47371     0.10     -0.26     0.28     1 
2280792037  -27.18344    -62.33057    -0.11      0.13     0.17     1 
2280792038  -27.18329    -62.29908    -0.22     -0.49     0.54     2 
2280792041  -27.18278    -62.20459     0.26     -0.04     0.26     1 
2280792047  -27.18158    -62.01563     0.22     -0.27     0.35     1 
2280792063  -27.17714    -61.51180    -0.05     -0.19     0.19     1 
2280792064  -27.17680    -61.48031     0.19     -0.23     0.29     1 
2280792067  -27.17575    -61.38586     0.21      0.08     0.22     1 
2280792068  -27.17538    -61.35438     0.45     -0.15     0.47     1 
2280792069  -27.17501    -61.32289    -0.02     -0.08     0.08     1 
2280792070  -27.17463    -61.29141    -0.25     -0.17     0.31     1 
2280792073  -27.17345    -61.19697     0.20     -0.08     0.21     1 
2280792074  -27.17304    -61.16549     0.12      0.13     0.17     1 
2280792077  -27.17177    -61.07106     0.08      0.05     0.09     1 
2280792079  -27.17089    -61.00811     0.05     -0.19     0.20     1 
2280792080  -27.17044    -60.97663     0.18     -0.04     0.19     1 
2280792081  -27.16998    -60.94515    -0.30     -0.17     0.34     1 
2280792082  -27.16952    -60.91368    -0.12     -0.20     0.23     1 
2280792083  -27.16905    -60.88221     0.12     -0.14     0.18     1 
2280792084  -27.16857    -60.85074    -0.09     -0.14     0.17     1 
2280792085  -27.16808    -60.81927     0.19      0.13     0.23     1 
2280792087  -27.16709    -60.75633     0.20     -0.42     0.46     1 
2280792090  -27.16555    -60.66192    -0.09     -0.06     0.11     1 
2280792091  -27.16502    -60.63045     0.09     -0.36     0.38     1 
2280792092  -27.16448    -60.59899    -0.28     -0.12     0.31     1 
2280792093  -27.16394    -60.56753    -0.05     -0.31     0.32     1 
2280792094  -27.16339    -60.53606    -0.08     -0.12     0.15     1 
2280792095  -27.16283    -60.50460    -0.13      0.04     0.14     1 
2280792112  -27.20890    -62.33042     0.05     -0.36     0.36     1 
2280792113  -27.20874    -62.29892     0.08     -0.31     0.33     1 
2280792117  -27.20806    -62.17291    -0.04     -0.19     0.20     1 
2280792122  -27.20704    -62.01541    -0.09      0.10     0.14     1 
2280792126  -27.20610    -61.88941    -0.25     -0.01     0.25     1 
2280792127  -27.20584    -61.85791    -0.10     -0.07     0.12     1 
2280792128  -27.20558    -61.82641     0.06     -0.15     0.16     1 
2280792139  -27.20225    -61.47997    -0.07     -0.16     0.17     1 
2280792140  -27.20191    -61.44848    -0.01     -0.12     0.12     1 
2280792141  -27.20156    -61.41698    -0.28     -0.09     0.30     1 
2280792142  -27.20120    -61.38549     0.03     -0.08     0.09     1 
2280792143  -27.20083    -61.35400     0.03     -0.39     0.39     1 
2280792145  -27.20008    -61.29102    -0.21     -0.06     0.22     1 
2280792146  -27.19969    -61.25953     0.15     -0.18     0.23     1 
2280792153  -27.19678    -61.03914    -0.12     -0.30     0.32     1 
2280792154  -27.19633    -61.00765    -0.14     -0.04     0.15     1 
2280792155  -27.19588    -60.97617     0.14     -0.28     0.32     1 
2280792156  -27.19543    -60.94469    -0.20     -0.05     0.21     1 
2280792159  -27.19401    -60.85025     0.11     -0.37     0.39     1 
2280792160  -27.19352    -60.81877     0.26     -0.34     0.42     1 
2280792164  -27.19150    -60.69286     0.45      0.27     0.53     2 
2280792165  -27.19098    -60.66139    -0.00     -0.05     0.05     1 
2280792168  -27.18938    -60.56697    -0.01     -0.43     0.43     1 
2280792169  -27.18883    -60.53550    -0.01     -0.05     0.06     1 
2280792170  -27.18827    -60.50403    -0.05     -0.17     0.18     1 
2280792185  -27.23464    -62.39329     0.05     -0.11     0.12     1 
2280792198  -27.23227    -61.98367    -0.23     -0.40     0.46     1 
2280792206  -27.23021    -61.73163     0.30     -0.13     0.32     1 
2280792208  -27.22963    -61.66863    -0.15      0.03     0.15     1 
2280792211  -27.22870    -61.57412    -0.08     -0.08     0.11     1 
2280792212  -27.22837    -61.54262     0.03     -0.04     0.05     1 
2280792214  -27.22770    -61.47962     0.01      0.07     0.07     1 
2280792215  -27.22736    -61.44812    -0.01     -0.03     0.03     1 
2280792216  -27.22701    -61.41662     0.08      0.03     0.09     1 
2280792217  -27.22665    -61.38513     0.02     -0.12     0.13     1 
2280792220  -27.22553    -61.29064     0.18     -0.08     0.20     1 
2280792221  -27.22514    -61.25914    -0.35     -0.10     0.37     1 
2280792228  -27.22222    -61.03869     0.27      0.24     0.36     1 
2280792229  -27.22178    -61.00720    -0.19     -0.22     0.29     1 
2280792231  -27.22087    -60.94422     0.12      0.08     0.14     1 
2280792232  -27.22040    -60.91273     0.11     -0.09     0.14     1 
2280792234  -27.21945    -60.84976     0.04     -0.42     0.42     1 
2280792235  -27.21896    -60.81827    -0.02     -0.04     0.05     1 
2280792238  -27.21746    -60.72382    -0.05     -0.23     0.24     1 
2280792239  -27.21694    -60.69234    -0.05     -0.27     0.27     1 
2280792240  -27.21642    -60.66086    -0.14     -0.24     0.28     1 
2280792242  -27.21536    -60.59790     0.25     -0.25     0.36     1 
2280792244  -27.21426    -60.53494     0.02     -0.19     0.19     1 
2280792245  -27.21371    -60.50347    -0.06     -0.38     0.39     1 
2280792267  -27.25897    -62.17253    -0.21     -0.22     0.30     1 
2280792283  -27.25508    -61.66832    -0.02      0.10     0.10     1 
2280792290  -27.25281    -61.44777    -0.13     -0.15     0.20     1 
2280792291  -27.25246    -61.41626     0.16      0.00     0.16     1 
2280792292  -27.25210    -61.38476    -0.05     -0.25     0.26     1 
2280792294  -27.25136    -61.32175     0.17     -0.30     0.35     1 
2280792295  -27.25097    -61.29025     0.10     -0.16     0.19     1 
2280792305  -27.24677    -60.97525     0.04     -0.15     0.16     1 
2280792307  -27.24585    -60.91226    -0.16     -0.39     0.42     1 
2280792308  -27.24537    -60.88076    -0.01     -0.27     0.27     1 
2280792309  -27.24489    -60.84927    -0.07     -0.26     0.27     1 
2280792310  -27.24440    -60.81778     0.16     -0.21     0.26     1 
2280792312  -27.24341    -60.75480    -0.11     -0.19     0.22     1 
2280792313  -27.24290    -60.72331     0.20     -0.21     0.29     1 
2280792317  -27.24079    -60.59735    -0.11     -0.13     0.17     1 
2280792318  -27.24025    -60.56587    -0.04     -0.29     0.29     1 
2280792319  -27.23970    -60.53438    -0.18     -0.08     0.19     1 
2280792320  -27.23914    -60.50290    -0.03     -0.29     0.29     1 
2280792359  -27.28023    -61.63650    -0.03     -0.07     0.07     1 
2280792360  -27.27992    -61.60499     0.06      0.07     0.10     1 
2280792365  -27.27826    -61.44741    -0.21      0.03     0.21     1 
2280792366  -27.27791    -61.41590    -0.05     -0.05     0.07     1 
2280792370  -27.27642    -61.28986     0.14     -0.07     0.16     1 
2280792371  -27.27603    -61.25835     0.02     -0.29     0.29     1 
2280792372  -27.27564    -61.22684     0.01     -0.11     0.11     1 
2280792378  -27.27311    -61.03780     0.35     -0.09     0.36     1 
2280792379  -27.27267    -61.00629    -0.08     -0.05     0.10     1 
2280792380  -27.27221    -60.97479    -0.35     -0.02     0.35     1 
2280792381  -27.27175    -60.94329    -0.06      0.10     0.12     1 
2280792382  -27.27129    -60.91178     0.47     -0.27     0.54     2 
2280792383  -27.27081    -60.88028    -0.09     -0.15     0.17     1 
2280792384  -27.27033    -60.84878    -0.26     -0.29     0.39     1 
2280792386  -27.26935    -60.78578     0.08     -0.22     0.23     1 
2280792387  -27.26885    -60.75429     0.01     -0.23     0.23     1 
2280792390  -27.26730    -60.65980     0.03      0.06     0.07     1 
2280792392  -27.26623    -60.59681    -0.05     -0.21     0.21     1 
2280792412  -27.31073    -62.32981    -0.48      0.34     0.59     2 
2280792418  -27.30969    -62.14063    -0.15     -0.29     0.32     1 
2280792422  -27.30886    -62.01451    -0.07     -0.05     0.09     1 
2280792435  -27.30537    -61.60467    -0.57     -0.05     0.57     2 
2280792436  -27.30505    -61.57315    -0.10      0.01     0.10     1 
2280792443  -27.30263    -61.35250    -0.37     -0.20     0.42     1 
2280792444  -27.30225    -61.32099     0.19      0.28     0.34     1 
2280792445  -27.30187    -61.28947    -0.03     -0.05     0.05     1 
2280792446  -27.30148    -61.25795     0.01     -0.28     0.28     1 
2280792448  -27.30068    -61.19492    -0.09     -0.26     0.28     1 
2280792449  -27.30027    -61.16340    -0.28      0.01     0.28     1 
2280792453  -27.29856    -61.03735     0.10     -0.12     0.16     1 
2280792454  -27.29811    -61.00584     0.01     -0.07     0.07     1 
2280792455  -27.29766    -60.97433     0.21     -0.04     0.21     1 
2280792456  -27.29720    -60.94282    -0.31     -0.10     0.32     1 
2280792457  -27.29673    -60.91131     0.56      0.13     0.57     2 
2280792458  -27.29626    -60.87980     0.16     -0.04     0.17     1 
2280792460  -27.29529    -60.81678     0.14     -0.19     0.24     1 
2280792461  -27.29479    -60.78528    -0.19      0.03     0.19     1 
2280792462  -27.29429    -60.75377    -0.02     -0.28     0.28     1 
2280792465  -27.29274    -60.65926     0.10     -0.27     0.29     1 
2280792467  -27.29167    -60.59626     0.03     -0.23     0.24     1 
2280792468  -27.29112    -60.56476    -0.22     -0.13     0.26     1 
2280792490  -27.33570    -62.23504    -0.09     -0.43     0.44     1 
2280792495  -27.33475    -62.07736     0.07     -0.03     0.07     1 
2280792496  -27.33454    -62.04582    -0.11      0.16     0.19     1 
2280792497  -27.33432    -62.01428    -0.02      0.06     0.06     1 
2280792499  -27.33386    -61.95121    -0.34     -0.28     0.44     1 
2280792506  -27.33203    -61.73048     0.03     -0.13     0.13     1 
2280792517  -27.32844    -61.38365     0.10     -0.11     0.15     1 
2280792518  -27.32808    -61.35213     0.22      0.08     0.24     1 
2280792521  -27.32693    -61.25755    -0.01     -0.15     0.15     1 
2280792523  -27.32613    -61.19451     0.07     -0.04     0.08     1 
2280792529  -27.32355    -61.00538     0.08     -0.09     0.12     1 
2280792530  -27.32310    -60.97387    -0.02      0.07     0.07     1 
2280792531  -27.32264    -60.94235    -0.03     -0.24     0.24     1 
2280792532  -27.32217    -60.91083    -0.07     -0.08     0.10     1 
2280792533  -27.32170    -60.87931     0.07     -0.23     0.24     1 
2280792534  -27.32122    -60.84780     0.12     -0.07     0.14     1 
2280792535  -27.32073    -60.81629     0.23     -0.25     0.34     1 
2280792536  -27.32023    -60.78477     0.11     -0.16     0.19     1 
2280792537  -27.31973    -60.75326     0.06     -0.17     0.18     1 
2280792538  -27.31922    -60.72175     0.05     -0.11     0.12     1 
2280792540  -27.31818    -60.65873     0.14     -0.28     0.31     1 
2280792542  -27.31711    -60.59571    -0.02     -0.05     0.06     1 
2280792543  -27.31656    -60.56420    -0.04     -0.24     0.24     1 
2280792544  -27.31601    -60.53270    -0.19     -0.33     0.38     1 
2280792559  -27.36207    -62.42415    -0.10     -0.52     0.53     2 
2280792570  -27.36020    -62.07715    -0.53     -0.06     0.54     2 
2280792571  -27.35999    -62.04560     0.04     -0.00     0.04     1 
2280792572  -27.35977    -62.01406    -0.15      0.13     0.19     1 
2280792576  -27.35882    -61.88789    -0.13     -0.10     0.16     1 
2280792578  -27.35831    -61.82481    -0.01      0.00     0.01     1 
2280792580  -27.35776    -61.76172    -0.12     -0.01     0.12     1 
2280792583  -27.35689    -61.66711    -0.43      0.04     0.43     1 
2280792587  -27.35563    -61.54096     0.02      0.00     0.02     1 
2280792591  -27.35425    -61.41482    -0.12      0.24     0.27     1 
2280792593  -27.35353    -61.35175    -0.00      0.07     0.07     1 
2280792595  -27.35277    -61.28869     0.20      0.18     0.27     1 
2280792597  -27.35198    -61.22562     0.03      0.13     0.14     1 
2280792599  -27.35116    -61.16256     0.14     -0.13     0.19     1 
2280792600  -27.35074    -61.13103     0.38     -0.09     0.39     1 
2280792605  -27.34855    -60.97340     0.01      0.01     0.02     1 
2280792606  -27.34808    -60.94188    -0.06     -0.08     0.10     1 
2280792607  -27.34762    -60.91035     0.25     -0.12     0.27     1 
2280792608  -27.34714    -60.87883     0.11     -0.30     0.32     1 
2280792609  -27.34666    -60.84731    -0.15     -0.22     0.26     1 
2280792610  -27.34617    -60.81579    -0.11     -0.11     0.16     1 
2280792611  -27.34567    -60.78427     0.02     -0.13     0.13     1 
2280792612  -27.34517    -60.75275     0.01     -0.16     0.16     1 
2280792614  -27.34414    -60.68971    -0.07     -0.27     0.28     1 
2280792615  -27.34361    -60.65819    -0.02     -0.13     0.13     1 
2280792616  -27.34308    -60.62668    -0.22     -0.33     0.39     1 
2280792617  -27.34254    -60.59516    -0.10     -0.08     0.13     1 
2280792618  -27.34200    -60.56365    -0.13     -0.14     0.19     1 
2280792619  -27.34144    -60.53213     0.03      0.13     0.13     1 
2280792634  -27.38752    -62.42401    -0.18      0.22     0.28     1 
2280792642  -27.38625    -62.17159    -0.05      0.09     0.11     1 
2280792643  -27.38606    -62.14004    -0.09      0.19     0.21     1 
2280792644  -27.38586    -62.10849     0.11      0.25     0.27     1 
2280792647  -27.38523    -62.01383    -0.22     -0.15     0.26     1 
2280792651  -27.38428    -61.88763    -0.17      0.14     0.22     1 
2280792655  -27.38322    -61.76144    -0.06      0.17     0.19     1 
2280792660  -27.38173    -61.60371     0.10      0.05     0.11     1 
2280792661  -27.38141    -61.57217     0.01      0.03     0.03     1 
2280792664  -27.38041    -61.47754    -0.04     -0.04     0.06     1 
2280792665  -27.38006    -61.44600    -0.00      0.32     0.32     1 
2280792670  -27.37821    -61.28829     0.14     -0.05     0.15     1 
2280792672  -27.37743    -61.22522    -0.01      0.02     0.02     1 
2280792673  -27.37702    -61.19368     0.11     -0.11     0.15     1 
2280792674  -27.37661    -61.16214    -0.02     -0.03     0.04     1 
2280792675  -27.37619    -61.13061     0.21     -0.12     0.25     1 
2280792678  -27.37489    -61.03600    -0.03     -0.05     0.06     1 
2280792679  -27.37444    -61.00447    -0.23     -0.33     0.40     1 
2280792680  -27.37399    -60.97294     0.03     -0.16     0.16     1 
2280792681  -27.37353    -60.94141     0.04     -0.20     0.21     1 
2280792682  -27.37306    -60.90988     0.03     -0.35     0.35     1 
2280792683  -27.37258    -60.87835     0.02     -0.02     0.03     1 
2280792684  -27.37210    -60.84682     0.14     -0.06     0.15     1 
2280792685  -27.37161    -60.81529    -0.08     -0.15     0.17     1 
2280792686  -27.37111    -60.78376     0.09      0.10     0.14     1 
2280792687  -27.37061    -60.75223     0.02     -0.15     0.15     1 
2280792688  -27.37010    -60.72071     0.06     -0.12     0.13     1 
2280792689  -27.36958    -60.68918    -0.23     -0.21     0.31     1 
2280792693  -27.36743    -60.56309    -0.24     -0.21     0.32     1 
2280792694  -27.36688    -60.53157    -0.09     -0.05     0.10     1 
2280792714  -27.41224    -62.26608    -0.02      0.06     0.06     1 
2280792716  -27.41189    -62.20296     0.07      0.00     0.07     1 
2280792717  -27.41171    -62.17140     0.01      0.10     0.10     1 
2280792718  -27.41152    -62.13984     0.01      0.11     0.11     1 
2280792719  -27.41132    -62.10828     0.03      0.13     0.13     1 
2280792720  -27.41112    -62.07672    -0.12      0.02     0.12     1 
2280792721  -27.41090    -62.04516     0.03      0.03     0.04     1 
2280792722  -27.41068    -62.01361     0.01      0.07     0.07     1 
2280792736  -27.40686    -61.57184     0.06      0.13     0.14     1 
2280792742  -27.40479    -61.38254    -0.27      0.27     0.38     1 
2280792743  -27.40442    -61.35100    -0.14      0.18     0.22     1 
2280792747  -27.40287    -61.22481    -0.52      0.06     0.52     2 
2280792749  -27.40206    -61.16172     0.07      0.53     0.54     2 
2280792750  -27.40164    -61.13018    -0.08      0.13     0.16     1 
2280792755  -27.39943    -60.97247     0.05      0.17     0.18     1 
2280792756  -27.39897    -60.94094     0.15      0.10     0.17     1 
2280792757  -27.39850    -60.90940     0.08     -0.21     0.23     1 
2280792758  -27.39802    -60.87786    -0.02     -0.05     0.05     1 
2280792759  -27.39754    -60.84632    -0.16     -0.09     0.18     1 
2280792760  -27.39705    -60.81479     0.11     -0.16     0.19     1 
2280792761  -27.39655    -60.78325     0.22     -0.25     0.33     1 
2280792762  -27.39605    -60.75172     0.07     -0.00     0.07     1 
2280792763  -27.39553    -60.72019     0.08     -0.09     0.12     1 
2280792764  -27.39502    -60.68865    -0.12     -0.15     0.19     1 
2280792765  -27.39449    -60.65712    -0.06     -0.17     0.18     1 
2280792766  -27.39396    -60.62559     0.02     -0.27     0.27     1 
2280792767  -27.39342    -60.59406     0.03     -0.22     0.23     1 
2280792789  -27.43770    -62.26591    -0.08      0.20     0.21     1 
2280792790  -27.43753    -62.23434     0.03      0.15     0.16     1 
2280792791  -27.43735    -62.20278     0.04      0.11     0.12     1 
2280792792  -27.43717    -62.17121     0.05      0.09     0.10     1 
2280792793  -27.43698    -62.13964     0.06      0.05     0.08     1 
2280792797  -27.43614    -62.01338     0.33      0.02     0.33     1 
2280792800  -27.43544    -61.91869     0.15     -0.03     0.15     1 
2280792802  -27.43493    -61.85556    -0.15      0.17     0.23     1 
2280792808  -27.43325    -61.66619    -0.07     -0.05     0.09     1 
2280792810  -27.43263    -61.60307     0.06      0.11     0.13     1 
2280792811  -27.43231    -61.57151    -0.04      0.15     0.16     1 
2280792821  -27.42872    -61.25596     0.37     -0.37     0.52     2 
2280792827  -27.42622    -61.06665    -0.00      0.12     0.12     1 
2280792830  -27.42488    -60.97201     0.13     -0.12     0.18     1 
2280792831  -27.42441    -60.94046     0.16     -0.07     0.17     1 
2280792832  -27.42394    -60.90892     0.33     -0.29     0.44     1 
2280792833  -27.42347    -60.87737     0.12     -0.02     0.12     1 
2280792834  -27.42298    -60.84583    -0.31     -0.22     0.38     1 
2280792835  -27.42249    -60.81429     0.13      0.09     0.16     1 
2280792836  -27.42199    -60.78274     0.15      0.08     0.17     1 
2280792838  -27.42097    -60.71966    -0.14      0.04     0.15     1 
2280792839  -27.42045    -60.68812    -0.11      0.05     0.13     1 
2280792840  -27.41993    -60.65658     0.22     -0.31     0.38     1 
2280792841  -27.41939    -60.62505     0.00     -0.06     0.06     1 
2280792842  -27.41885    -60.59351     0.16     -0.16     0.22     1 
2280792843  -27.41830    -60.56197     0.02     -0.11     0.11     1 
2280792863  -27.46332    -62.29731    -0.10      0.09     0.13     1 
2280792864  -27.46316    -62.26574    -0.04      0.13     0.13     1 
2280792865  -27.46298    -62.23417     0.04      0.02     0.05     1 
2280792866  -27.46281    -62.20259     0.02      0.01     0.02     1 
2280792868  -27.46243    -62.13945     0.12      0.07     0.14     1 
2280792883  -27.45870    -61.66589     0.02      0.21     0.21     1 
2280792884  -27.45839    -61.63432     0.12      0.16     0.20     1 
2280792885  -27.45808    -61.60275     0.08      0.24     0.25     1 
2280792890  -27.45641    -61.44493     0.34      0.34     0.48     1 
2280792896  -27.45416    -61.25556    -0.13      0.00     0.13     1 
2280792900  -27.45253    -61.12932    -0.21     -0.10     0.23     1 
2280792901  -27.45210    -61.09777    -0.17      0.27     0.32     1 
2280792904  -27.45077    -61.00310     0.24      0.17     0.29     1 
2280792906  -27.44985    -60.93999     0.08     -0.02     0.08     1 
2280792907  -27.44938    -60.90844     0.04     -0.05     0.06     1 
2280792908  -27.44891    -60.87689     0.12      0.01     0.12     1 
2280792909  -27.44842    -60.84534     0.27      0.14     0.30     1 
2280792910  -27.44793    -60.81379    -0.30     -0.08     0.31     1 
2280792911  -27.44743    -60.78224     0.10      0.02     0.10     1 
2280792912  -27.44693    -60.75069    -0.02     -0.08     0.08     1 
2280792914  -27.44589    -60.68759    -0.37     -0.04     0.37     1 
2280792915  -27.44536    -60.65605     0.12     -0.10     0.15     1 
2280792916  -27.44483    -60.62450     0.01     -0.07     0.08     1 
2280792917  -27.44429    -60.59296     0.04     -0.25     0.25     1 
2280792918  -27.44374    -60.56141    -0.04     -0.22     0.22     1 
2280792933  -27.48948    -62.45507    -0.09      0.10     0.14     1 
2280792941  -27.48826    -62.20241     0.27     -0.31     0.41     1 
2280792943  -27.48789    -62.13925    -0.21      0.30     0.36     1 
2280792968  -27.48077    -61.34986    -0.07      0.02     0.07     1 
2280792971  -27.47961    -61.25516     0.09      0.05     0.10     1 
2280792976  -27.47754    -61.09733    -0.26      0.25     0.36     1 
2280792977  -27.47711    -61.06576    -0.07      0.36     0.36     1 
2280792978  -27.47667    -61.03420     0.54      0.26     0.60     2 
2280792980  -27.47576    -60.97108    -0.03      0.21     0.22     1 
2280792982  -27.47483    -60.90796     0.07     -0.22     0.23     1 
2280792983  -27.47435    -60.87640     0.21     -0.12     0.24     1 
2280792984  -27.47386    -60.84484     0.07     -0.05     0.08     1 
2280792986  -27.47287    -60.78173     0.08     -0.03     0.09     1 
2280792987  -27.47236    -60.75017    -0.05     -0.04     0.06     1 
2280792988  -27.47185    -60.71862    -0.03     -0.05     0.05     1 
2280792989  -27.47133    -60.68706     0.05     -0.04     0.06     1 
2280792992  -27.46973    -60.59240     0.04     -0.29     0.29     1 
2280792993  -27.46918    -60.56085    -0.06     -0.12     0.13     1 
2280793014  -27.51407    -62.26540     0.11      0.21     0.24     1 
2280793019  -27.51315    -62.10746     0.02      0.14     0.14     1 
2280793021  -27.51272    -62.04429    -0.37      0.41     0.55     2 
2280793023  -27.51228    -61.98111     0.10      0.08     0.13     1 
2280793042  -27.50659    -61.38106     0.15      0.20     0.25     1 
2280793046  -27.50506    -61.25475     0.30      0.21     0.36     1 
2280793052  -27.50255    -61.06532     0.09      0.12     0.15     1 
2280793055  -27.50120    -60.97061    -0.21     -0.02     0.21     1 
2280793057  -27.50027    -60.90748     0.32     -0.13     0.35     1 
2280793058  -27.49979    -60.87591    -0.04      0.09     0.10     1 
2280793059  -27.49930    -60.84434    -0.05      0.00     0.05     1 
2280793063  -27.49729    -60.71809    -0.29     -0.28     0.40     1 
2280793064  -27.49677    -60.68653    -0.02     -0.21     0.21     1 
2280793065  -27.49624    -60.65497     0.15     -0.05     0.16     1 
2280793066  -27.49570    -60.62341    -0.07     -0.05     0.09     1 
2280793067  -27.49516    -60.59185    -0.00     -0.05     0.05     1 
2280793068  -27.49461    -60.56029    -0.00     -0.12     0.12     1 
2280793083  -27.54040    -62.45482    -0.08      0.34     0.35     1 
2280793087  -27.53984    -62.32843    -0.02      0.01     0.02     1 
2280793094  -27.53860    -62.10726    -0.04      0.15     0.15     1 
2280793098  -27.53773    -61.98088     0.11      0.15     0.19     1 
2280793101  -27.53700    -61.88610     0.04     -0.11     0.11     1 
2280793115  -27.53276    -61.44385     0.07      0.04     0.08     1 
2280793119  -27.53129    -61.31752     0.24      0.46     0.52     2 
2280793126  -27.52843    -61.09645     0.02      0.39     0.39     1 
2280793127  -27.52800    -61.06487     0.17      0.07     0.19     1 
2280793129  -27.52710    -61.00172    -0.05     -0.01     0.05     1 
2280793130  -27.52665    -60.97015    -0.17     -0.02     0.17     1 
2280793133  -27.52523    -60.87542     0.36      0.01     0.36     1 
2280793137  -27.52324    -60.74914     0.03     -0.06     0.07     1 
2280793138  -27.52273    -60.71757     0.10      0.16     0.19     1 
2280793139  -27.52221    -60.68600    -0.06      0.08     0.10     1 
2280793140  -27.52168    -60.65443     0.13     -0.07     0.15     1 
2280793141  -27.52114    -60.62286    -0.02     -0.17     0.17     1 
2280793142  -27.52060    -60.59130    -0.11     -0.29     0.31     1 
2280793161  -27.56545    -62.35988     0.03      0.25     0.25     1 
2280793168  -27.56425    -62.13865     0.05      0.06     0.08     1 
2280793171  -27.56364    -62.04385     0.09      0.14     0.17     1 
2280793176  -27.56246    -61.88584     0.09     -0.05     0.10     1 
2280793182  -27.56081    -61.69625     0.04      0.31     0.31     1 
2280793185  -27.55989    -61.60146    -0.15     -0.37     0.40     1 
2280793189  -27.55856    -61.47509     0.22      0.19     0.29     1 
2280793190  -27.55821    -61.44349     0.13      0.41     0.43     1 
2280793193  -27.55711    -61.34872     0.32      0.21     0.38     1 
2280793194  -27.55673    -61.31713     0.16      0.35     0.38     1 
2280793195  -27.55635    -61.28554     0.11      0.23     0.25     1 
2280793201  -27.55388    -61.09601    -0.35      0.22     0.42     1 
2280793202  -27.55344    -61.06443     0.32     -0.01     0.33     1 
2280793204  -27.55255    -61.00126     0.31      0.13     0.34     1 
2280793205  -27.55209    -60.96968     0.04      0.23     0.23     1 
2280793206  -27.55162    -60.93809     0.21      0.05     0.21     1 
2280793207  -27.55115    -60.90651    -0.03      0.08     0.08     1 
2280793208  -27.55067    -60.87493    -0.02     -0.04     0.04     1 
2280793211  -27.54919    -60.78019    -0.11      0.13     0.17     1 
2280793212  -27.54868    -60.74862     0.03     -0.00     0.03     1 
2280793213  -27.54817    -60.71704    -0.18     -0.13     0.22     1 
2280793215  -27.54712    -60.65389    -0.07     -0.10     0.12     1 
2280793236  -27.59091    -62.35973    -0.09      0.27     0.28     1 
2280793237  -27.59076    -62.32812    -0.22      0.13     0.25     1 
2280793239  -27.59044    -62.26489     0.17      0.08     0.19     1 
2280793245  -27.58930    -62.07523     0.16      0.17     0.23     1 
2280793246  -27.58909    -62.04362     0.05      0.15     0.16     1 
2280793259  -27.58565    -61.63274    -0.13      0.21     0.25     1 
2280793267  -27.58293    -61.37994     0.03      0.03     0.04     1 
2280793269  -27.58218    -61.31674     0.10      0.18     0.20     1 
2280793278  -27.57844    -61.03239     0.16     -0.02     0.16     1 
2280793279  -27.57799    -61.00080     0.10      0.10     0.14     1 
2280793281  -27.57707    -60.93762     0.14      0.09     0.16     1 
2280793282  -27.57659    -60.90603     0.13      0.10     0.17     1 
2280793284  -27.57563    -60.84286     0.32      0.14     0.35     1 
2280793286  -27.57463    -60.77968    -0.04      0.09     0.10     1 
2280793289  -27.57308    -60.68493    -0.07     -0.05     0.08     1 
2280793290  -27.57255    -60.65335     0.02     -0.09     0.10     1 
2280793291  -27.57202    -60.62177     0.02     -0.07     0.08     1 
2280793292  -27.57147    -60.59019     0.03     -0.07     0.07     1 
2280793311  -27.61637    -62.35958    -0.12     -0.05     0.14     1 
2280793312  -27.61622    -62.32796    -0.04      0.23     0.23     1 
2280793313  -27.61606    -62.29634     0.13      0.05     0.14     1 
2280793317  -27.61536    -62.16987     0.04      0.05     0.07     1 
2280793332  -27.61171    -61.69565     0.06      0.27     0.27     1 
2280793333  -27.61141    -61.66404     0.04      0.31     0.31     1 
2280793337  -27.61014    -61.53760    -0.11      0.34     0.36     1 
2280793345  -27.60724    -61.28475     0.58     -0.04     0.58     2 
2280793349  -27.60562    -61.15834     0.45      0.24     0.51     2 
2280793354  -27.60343    -61.00034     0.10      0.20     0.22     1 
2280793355  -27.60297    -60.96874     0.20      0.13     0.24     1 
2280793356  -27.60251    -60.93714     0.14      0.06     0.15     1 
2280793357  -27.60203    -60.90555     0.11      0.12     0.16     1 
2280793360  -27.60057    -60.81076     0.10      0.02     0.10     1 
2280793361  -27.60007    -60.77917     0.00     -0.01     0.01     1 
2280793364  -27.59852    -60.68440     0.12      0.21     0.24     1 
2280793366  -27.59745    -60.62122     0.06     -0.03     0.06     1 
2280793367  -27.59691    -60.58963    -0.01     -0.08     0.08     1 
2280793383  -27.64223    -62.45431    -0.18      0.11     0.21     1 
2280793384  -27.64210    -62.42269     0.02      0.09     0.09     1 
2280793385  -27.64196    -62.39106     0.12      0.25     0.28     1 
2280793391  -27.64100    -62.20130     0.07      0.24     0.25     1 
2280793392  -27.64081    -62.16968     0.25      0.12     0.28     1 
2280793393  -27.64062    -62.13805     0.47      0.32     0.57     2 
2280793409  -27.63655    -61.63211    -0.21      0.28     0.35     1 
2280793413  -27.63525    -61.50565    -0.02      0.06     0.06     1 
2280793420  -27.63269    -61.28435     0.61     -0.04     0.61     2 
2280793427  -27.62977    -61.06309    -0.22      0.25     0.33     1 
2280793429  -27.62888    -60.99988     0.11      0.31     0.32     1 
2280793430  -27.62842    -60.96827     0.17      0.17     0.24     1 
2280793432  -27.62748    -60.90506     0.16      0.27     0.32     1 
2280793435  -27.62601    -60.81026     0.00      0.02     0.02     1 
2280793436  -27.62551    -60.77866    -0.07     -0.09     0.11     1 
2280793438  -27.62448    -60.71546     0.18      0.12     0.22     1 
2280793440  -27.62343    -60.65226     0.17     -0.02     0.17     1 
2280793441  -27.62289    -60.62067     0.00     -0.03     0.03     1 
2280793457  -27.66781    -62.48582    -0.11      0.07     0.12     1 
2280793459  -27.66756    -62.42255    -0.02      0.13     0.13     1 
2280793467  -27.66627    -62.16949     0.21      0.07     0.22     1 
2280793468  -27.66608    -62.13786     0.05      0.23     0.24     1 
2280793471  -27.66545    -62.04296     0.03      0.04     0.05     1 
2280793473  -27.66500    -61.97970    -0.01      0.13     0.13     1 
2280793474  -27.66477    -61.94807     0.13      0.13     0.19     1 
2280793475  -27.66452    -61.91644     0.08      0.20     0.21     1 
2280793481  -27.66291    -61.72667     0.15      0.21     0.26     1 
2280793487  -27.66104    -61.53692    -0.02      0.22     0.22     1 
2280793495  -27.65813    -61.28395     0.30      0.33     0.44     1 
2280793496  -27.65774    -61.25234    -0.08      0.36     0.36     1 
2280793500  -27.65609    -61.12587     0.09      0.50     0.51     2 
2280793501  -27.65565    -61.09425     0.14      0.04     0.15     1 
2280793505  -27.65386    -60.96780     0.16     -0.01     0.16     1 
2280793510  -27.65145    -60.80975     0.16      0.16     0.23     1 
2280793511  -27.65095    -60.77814     0.14      0.06     0.15     1 
2280793535  -27.69288    -62.39078     0.47      0.08     0.47     1 
2280793542  -27.69173    -62.16929     0.06      0.13     0.14     1 
2280793543  -27.69153    -62.13766     0.24      0.05     0.25     1 
2280793544  -27.69133    -62.10602     0.14      0.17     0.22     1 
2280793545  -27.69112    -62.07438     0.06     -0.13     0.14     1 
2280793547  -27.69069    -62.01110     0.07      0.19     0.20     1 
2280793548  -27.69046    -61.97946     0.05      0.37     0.37     1 
2280793549  -27.69022    -61.94783     0.07      0.17     0.18     1 
2280793550  -27.68998    -61.91619     0.04      0.35     0.35     1 
2280793555  -27.68865    -61.75801     0.39     -0.02     0.39     1 
2280793564  -27.68580    -61.47332    -0.10      0.25     0.27     1 
2280793568  -27.68435    -61.34681     0.28      0.24     0.37     1 
2280793569  -27.68397    -61.31518     0.36      0.08     0.37     1 
2280793570  -27.68358    -61.28356     0.09      0.18     0.20     1 
2280793576  -27.68110    -61.09381     0.31      0.34     0.46     1 
2280793577  -27.68066    -61.06219    -0.09      0.51     0.51     2 
2280793578  -27.68022    -61.03057     0.00      0.09     0.09     1 
2280793580  -27.67930    -60.96733     0.32      0.22     0.39     1 
2280793581  -27.67883    -60.93571    -0.08      0.17     0.19     1 
2280793584  -27.67739    -60.84086     0.18     -0.15     0.24     1 
2280793585  -27.67689    -60.80924    -0.11      0.04     0.12     1 
2280793586  -27.67639    -60.77763     0.28      0.00     0.28     1 
2280793589  -27.67483    -60.68279     0.11      0.21     0.24     1 
2280793590  -27.67430    -60.65118     0.11     -0.12     0.17     1 
2280793610  -27.71833    -62.39064     0.25      0.12     0.28     1 
2280793616  -27.71737    -62.20075    -0.08      0.25     0.26     1 
2280793617  -27.71718    -62.16910     0.06      0.11     0.12     1 
2280793618  -27.71699    -62.13746    -0.03      0.02     0.04     1 
2280793619  -27.71679    -62.10581     0.06      0.01     0.06     1 
2280793624  -27.71567    -61.94758     0.28      0.04     0.28     1 
2280793625  -27.71543    -61.91594     0.13      0.15     0.20     1 
2280793629  -27.71438    -61.78937     0.20      0.17     0.26     1 
2280793630  -27.71410    -61.75773     0.20     -0.01     0.20     1 
2280793631  -27.71381    -61.72608     0.03     -0.47     0.47     1 
2280793645  -27.70903    -61.28316     0.48      0.20     0.52     2 
2280793649  -27.70740    -61.15663     0.36      0.33     0.49     1 
2280793650  -27.70697    -61.12500     0.07      0.19     0.20     1 
2280793653  -27.70566    -61.03011     0.05      0.23     0.23     1 
2280793654  -27.70520    -60.99848     0.28      0.36     0.46     1 
2280793660  -27.70233    -60.80873    -0.14      0.24     0.27     1 
2280793662  -27.70131    -60.74549     0.12      0.07     0.14     1 
2280793664  -27.70027    -60.68225     0.10      0.03     0.10     1 
2280793681  -27.74429    -62.51712     0.04      0.04     0.06     1 
2280793688  -27.74334    -62.29553    -0.26     -0.02     0.26     1 
2280793689  -27.74318    -62.26387    -0.24     -0.08     0.25     1 
2280793692  -27.74264    -62.16891    -0.03      0.35     0.35     1 
2280793693  -27.74244    -62.13725    -0.23      0.31     0.39     1 
2280793694  -27.74224    -62.10560     0.14      0.05     0.15     1 
2280793702  -27.74037    -61.85238     0.16      0.06     0.17     1 
2280793703  -27.74011    -61.82073     0.08     -0.09     0.12     1 
2280793704  -27.73983    -61.78909     0.09      0.20     0.22     1 
2280793705  -27.73955    -61.75744    -0.08      0.06     0.10     1 
2280793707  -27.73897    -61.69414     0.26      0.37     0.45     1 
2280793709  -27.73836    -61.63084     0.21      0.22     0.31     1 
2280793719  -27.73486    -61.31440     0.09      0.09     0.13     1 
2280793720  -27.73447    -61.28276     0.34      0.24     0.41     1 
2280793721  -27.73408    -61.25112     0.05      0.34     0.35     1 
2280793726  -27.73199    -61.09293    -0.08      0.10     0.12     1 
2280793727  -27.73155    -61.06129     0.10      0.10     0.14     1 
2280793729  -27.73065    -60.99802     0.02      0.09     0.09     1 
2280793730  -27.73018    -60.96639    -0.07      0.01     0.07     1 
2280793732  -27.72924    -60.90312    -0.16      0.24     0.28     1 
2280793734  -27.72827    -60.83986     0.25      0.04     0.26     1 
2280793736  -27.72726    -60.77660    -0.06      0.06     0.09     1 
2280793738  -27.72623    -60.71334     0.15     -0.10     0.19     1 
2280793739  -27.72571    -60.68171     0.07      0.14     0.16     1 
2280793765  -27.76846    -62.23204    -0.30      0.19     0.35     1 
2280793769  -27.76770    -62.10539    -0.05     -0.16     0.17     1 
2280793777  -27.76583    -61.85212    -0.52     -0.04     0.52     2 
2280793778  -27.76556    -61.82046    -0.21      0.23     0.31     1 
2280793781  -27.76472    -61.72549    -0.01      0.04     0.04     1 
2280793793  -27.76069    -61.34566     0.15      0.00     0.15     1 
2280793795  -27.75992    -61.28236     0.12      0.03     0.13     1 
2280793799  -27.75829    -61.15577     0.05     -0.00     0.05     1 
2280793801  -27.75743    -61.09248     0.31     -0.05     0.32     1 
2280793804  -27.75609    -60.99755     0.23     -0.03     0.23     1 
2280793806  -27.75516    -60.93427     0.05      0.36     0.37     1 
2280793808  -27.75420    -60.87099     0.52      0.25     0.58     2 
2280793810  -27.75321    -60.80772     0.22     -0.04     0.22     1 
2280793812  -27.75219    -60.74444     0.12      0.03     0.12     1 
2280793813  -27.75167    -60.71281     0.19      0.03     0.19     1 
2280793814  -27.75114    -60.68117    -0.16      0.06     0.17     1 
2280793834  -27.79484    -62.42188     0.12     -0.03     0.12     1 
2280793852  -27.79128    -61.85185     0.46      0.04     0.46     1 
2280793871  -27.78497    -61.25030     0.23     -0.24     0.34     1 
2280793879  -27.78153    -60.99709     0.47      0.21     0.52     2 
2280793880  -27.78107    -60.96544    -0.25      0.29     0.38     1 
2280793885  -27.77865    -60.80721     0.02     -0.05     0.05     1 
2280793889  -27.77658    -60.68064    -0.15      0.12     0.19     1 
2280793910  -27.82016    -62.39007     0.23      0.17     0.28     1 
2280793911  -27.82002    -62.35839    -0.12     -0.34     0.36     1 
2280793918  -27.81881    -62.13665     0.22     -0.10     0.24     1 
2280793920  -27.81840    -62.07330     0.02      0.09     0.09     1 
2280793923  -27.81773    -61.97828     0.08      0.07     0.10     1 
2280793924  -27.81749    -61.94660     0.25     -0.07     0.26     1 
2280793927  -27.81673    -61.85158     0.16      0.09     0.18     1 
2280793950  -27.80875    -61.12325    -0.02     -0.01     0.03     1 
2280793956  -27.80604    -60.93331    -0.16      0.14     0.21     1 
2280793957  -27.80556    -60.90165     0.21      0.01     0.21     1 
2280793958  -27.80508    -60.87000     0.14      0.02     0.15     1 
2280793961  -27.80358    -60.77504     0.14      0.11     0.18     1 
2280793962  -27.80307    -60.74339     0.17     -0.14     0.22     1 
2280793965  -27.80148    -60.64845     0.18      0.05     0.19     1 
2280793984  -27.84575    -62.42161     0.41     -0.26     0.49     1 
2280793987  -27.84532    -62.32655     0.14     -0.14     0.20     1 
2280793988  -27.84516    -62.29487     0.01      0.10     0.10     1 
2280793991  -27.84464    -62.19982     0.12      0.07     0.14     1 
2280794007  -27.84077    -61.69292     0.34      0.02     0.34     1 
2280794021  -27.83586    -61.24949    -0.15     -0.09     0.17     1 
2280794025  -27.83420    -61.12282     0.35      0.07     0.35     1 
2280794026  -27.83376    -61.09115    -0.35     -0.04     0.35     1 
2280794032  -27.83100    -60.90117    -0.01     -0.17     0.18     1 
2280794034  -27.83002    -60.83784     0.13      0.10     0.16     1 
2280794038  -27.82798    -60.71121     0.17     -0.04     0.18     1 
2280794039  -27.82745    -60.67955    -0.04     -0.02     0.04     1 
2280794040  -27.82692    -60.64790     0.15      0.05     0.15     1 
2280794057  -27.87146    -62.48486     0.07      0.02     0.07     1 
2280794060  -27.87107    -62.38978     0.08     -0.22     0.23     1 
2280794061  -27.87093    -62.35809     0.03     -0.07     0.08     1 
2280794062  -27.87078    -62.32640    -0.09      0.11     0.14     1 
2280794064  -27.87045    -62.26301     0.07     -0.08     0.10     1 
2280794065  -27.87028    -62.23132    -0.24     -0.38     0.45     1 
2280794082  -27.86623    -61.69262     0.41     -0.10     0.42     1 
2280794084  -27.86561    -61.62925     0.05      0.41     0.41     1 
2280794098  -27.86049    -61.18573     0.30     -0.01     0.30     1 
2280794100  -27.85964    -61.12238     0.10     -0.04     0.11     1 
2280794104  -27.85786    -60.99569     0.10      0.05     0.11     1 
2280794109  -27.85546    -60.83734     0.08     -0.06     0.10     1 
2280794112  -27.85394    -60.74234    -0.12      0.04     0.12     1 
2280794113  -27.85342    -60.71068    -0.12      0.09     0.15     1 
2280794114  -27.85289    -60.67901     0.15     -0.09     0.17     1 
2280794131  -27.89703    -62.51644     0.21      0.09     0.23     1 
2280794137  -27.89623    -62.32624    -0.05     -0.02     0.05     1 
2280794139  -27.89591    -62.26284    -0.05      0.04     0.07     1 
2280794155  -27.89226    -61.75570     0.39     -0.22     0.45     1 
2280794156  -27.89197    -61.72400     0.15     -0.14     0.21     1 
2280794159  -27.89106    -61.62893    -0.02     -0.15     0.15     1 
2280794184  -27.88090    -60.83683     0.07     -0.10     0.12     1 
2280794188  -27.87886    -60.71014     0.02     -0.02     0.03     1 
2280794205  -27.92260    -62.54804     0.00     -0.11     0.11     1 
2280794208  -27.92225    -62.45291    -0.04     -0.35     0.35     1 
2280794215  -27.92119    -62.23096    -0.00      0.00     0.01     1 
2280794216  -27.92101    -62.19926     0.08     -0.05     0.10     1 
2280794218  -27.92063    -62.13584     0.12     -0.31     0.33     1 
2280794227  -27.91854    -61.85051     0.15      0.08     0.17     1 
2280794228  -27.91827    -61.81881     0.09      0.05     0.10     1 
2280794229  -27.91800    -61.78711     0.44      0.13     0.46     1 
2280794230  -27.91771    -61.75541    -0.21      0.02     0.21     1 
2280794260  -27.90584    -60.80465     0.05     -0.26     0.26     1 
2280794263  -27.90429    -60.70961    -0.15     -0.37     0.40     1 
2280794280  -27.94805    -62.54793    -0.15      0.11     0.18     1 
2280794283  -27.94771    -62.45278    -0.17     -0.02     0.17     1 
2280794284  -27.94758    -62.42107    -0.34     -0.02     0.35     1 
2280794286  -27.94730    -62.35764    -0.05      0.00     0.05     1 
2280794287  -27.94714    -62.32592    -0.03     -0.07     0.08     1 
2280794293  -27.94608    -62.13564     0.12     -0.39     0.41     1 
2280794298  -27.94499    -61.97708     0.22      0.04     0.22     1 
2280794300  -27.94451    -61.91366     0.43     -0.28     0.51     2 
2280794304  -27.94345    -61.78682     0.22     -0.00     0.22     1 
2280794305  -27.94317    -61.75511     0.19     -0.04     0.19     1 
2280794308  -27.94227    -61.65999    -0.03     -0.10     0.11     1 
2280794334  -27.93178    -60.83582    -0.49     -0.19     0.53     2 
2280794358  -27.97316    -62.45266     0.06     -0.08     0.10     1 
2280794359  -27.97303    -62.42093    -0.02     -0.03     0.04     1 
2280794360  -27.97290    -62.38921     0.07     -0.22     0.24     1 
2280794361  -27.97275    -62.35749     0.01     -0.08     0.08     1 
2280794362  -27.97260    -62.32577     0.01     -0.26     0.26     1 
2280794363  -27.97244    -62.29404    -0.32     -0.37     0.49     1 
2280794364  -27.97227    -62.26232     0.20     -0.19     0.28     1 
2280794370  -27.97112    -62.07200    -0.09     -0.37     0.38     1 
2280794371  -27.97090    -62.04028    -0.08     -0.37     0.38     1 
2280794375  -27.96996    -61.91340     0.25     -0.21     0.33     1 
2280794379  -27.96890    -61.78654     0.15     -0.09     0.18     1 
2280794380  -27.96862    -61.75482     0.21     -0.25     0.33     1 
2280794381  -27.96833    -61.72311     0.34     -0.17     0.38     1 
2280794382  -27.96803    -61.69139    -0.04     -0.15     0.16     1 
2280794383  -27.96772    -61.65968     0.06     -0.09     0.11     1 
2280794387  -27.96643    -61.53282    -0.11     -0.19     0.22     1 
2280794431  -27.99886    -62.51599     0.03      0.13     0.13     1 
2280794433  -27.99862    -62.45253    -0.17     -0.20     0.26     1 
2280794434  -27.99849    -62.42080    -0.14     -0.12     0.19     1 
2280794439  -27.99773    -62.26215    -0.30     -0.08     0.31     1 
2280794453  -27.99463    -61.81798    -0.06     -0.14     0.16     1 
2280794454  -27.99435    -61.78625     0.38     -0.18     0.42     1 
2280794455  -27.99407    -61.75453     0.20     -0.10     0.23     1 
2280794457  -27.99348    -61.69108    -0.15     -0.38     0.41     1 
2280794462  -27.99188    -61.53248    -0.06     -0.16     0.17     1 
2280794508  -28.02407    -62.45240    -0.01     -0.23     0.23     1 
2280794511  -28.02366    -62.35719    -0.04     -0.01     0.04     1 
2280794514  -28.02318    -62.26198    -0.21     -0.16     0.27     1 
2280794517  -28.02264    -62.16677    -0.29      0.49     0.57     2 
2280794519  -28.02224    -62.10330    -0.46      0.07     0.47     1 
2280794530  -28.01952    -61.75424     0.16     -0.29     0.33     1 
2280794531  -28.01923    -61.72251    -0.15     -0.29     0.32     1 
2280794548  -28.01315    -61.18317    -0.11      0.10     0.15     1 
2280794583  -28.04953    -62.45227    -0.01     -0.37     0.37     1 
2280794587  -28.04896    -62.32529     0.15      0.03     0.15     1 
2280794588  -28.04881    -62.29355    -0.29      0.10     0.31     1 
2280794590  -28.04846    -62.23006    -0.30      0.09     0.32     1 
2280794591  -28.04828    -62.19832    -0.43      0.44     0.62     2 
2280794592  -28.04809    -62.16657     0.13      0.23     0.26     1 
2280794593  -28.04790    -62.13483    -0.38     -0.04     0.39     1 
2280794594  -28.04769    -62.10309     0.19     -0.06     0.20     1 
2280794601  -28.04606    -61.88090    -0.03      0.31     0.31     1 
2280794606  -28.04468    -61.72221    -0.06     -0.21     0.22     1 
2280794657  -28.07511    -62.48389     0.06     -0.60     0.60     2 
2280794659  -28.07485    -62.42039     0.21      0.11     0.24     1 
2280794660  -28.07472    -62.38864    -0.18     -0.36     0.40     1 
2280794662  -28.07442    -62.32513    -0.06     -0.15     0.16     1 
2280794664  -28.07409    -62.26163    -0.20     -0.45     0.49     1 
2280794667  -28.07355    -62.16638     0.18     -0.26     0.32     1 
2280794669  -28.07315    -62.10287    -0.10     -0.13     0.16     1 
2280794731  -28.10068    -62.51553    -0.17     -0.21     0.27     1 
2280794732  -28.10056    -62.48377     0.03     -0.19     0.19     1 
2280794733  -28.10044    -62.45201     0.45     -0.19     0.49     1 
2280794734  -28.10031    -62.42025     0.58     -0.22     0.62     2 
2280794736  -28.10003    -62.35673    -0.16     -0.13     0.21     1 
2280794738  -28.09971    -62.29321    -0.28     -0.26     0.38     1 
2280794744  -28.09860    -62.10266    -0.17     -0.38     0.42     1 
2280794811  -28.12548    -62.35658    -0.61     -0.01     0.61     2 
2280794812  -28.12533    -62.32481    -0.18     -0.21     0.28     1 
2280794823  -28.12316    -61.97539    -0.09      0.20     0.22     1 
2280794905  -28.14677    -61.75277     0.13      0.00     0.13     1 
2280794978  -28.17279    -61.81602    -0.20     -0.12     0.24     1 
2280794979  -28.17251    -61.78425    -0.09     -0.08     0.13     1 
2280794980  -28.17222    -61.75247    -0.01     -0.13     0.13     1 
2280795054  -28.19796    -61.78396     0.04     -0.05     0.07     1 
2280795055  -28.19767    -61.75218    -0.08     -0.05     0.09     1 
2280795056  -28.19738    -61.72039     0.16     -0.22     0.27     1 
2280795059  -28.19645    -61.62505     0.17     -0.16     0.23     1 
2280795061  -28.19580    -61.56149    -0.07      0.03     0.07     1 
2280795132  -28.22253    -61.68830     0.03     -0.26     0.26     1 
2280795133  -28.22222    -61.65651     0.15     -0.07     0.16     1 
2280795134  -28.22190    -61.62472     0.22     -0.23     0.32     1 
2280795135  -28.22158    -61.59293     0.20     -0.13     0.24     1 
2280795212  -28.24636    -61.52901    -0.02     -0.34     0.34     1 
2280795213  -28.24601    -61.49722    -0.01     -0.40     0.40     1 
2280795293  -28.26962    -61.33786    -0.24     -0.59     0.64     2 
----------------------------------------------------------------------
---------------------------------------------------
Total correlated GCPs in Upper Left Quadrant: 240

GCP statistics this quadrant only (in Pixels)
Line residual statistics:
  Mean: -0.099
  Median: -0.098
  Standard Deviation: 0.193

Sample residual statistics:
  Mean: -0.178
  Median: -0.172
  Standard Deviation: 0.184

Quadrant RMSE: 0.335

---------------------------------------------------
Total correlated GCPs in Upper Right Quadrant: 574

GCP statistics this quadrant only (in Pixels)
Line residual statistics:
  Mean: 0.022
  Median: 0.025
  Standard Deviation: 0.168

Sample residual statistics:
  Mean: -0.073
  Median: -0.073
  Standard Deviation: 0.166

Quadrant RMSE: 0.248

---------------------------------------------------
Total correlated GCPs in Lower Left Quadrant: 229

GCP statistics this quadrant only (in Pixels)
Line residual statistics:
  Mean: 0.016
  Median: 0.029
  Standard Deviation: 0.192

Sample residual statistics:
  Mean: 0.010
  Median: 0.043
  Standard Deviation: 0.196

Quadrant RMSE: 0.276

---------------------------------------------------
Total correlated GCPs in Lower Right Quadrant: 164

GCP statistics this quadrant only (in Pixels)
Line residual statistics:
  Mean: 0.087
  Median: 0.096
  Standard Deviation: 0.174

Sample residual statistics:
  Mean: 0.065
  Median: 0.050
  Standard Deviation: 0.176

Quadrant RMSE: 0.270

---------------------------------------------------
---------------------------------------------------
Total correlated GCPs in scene: 1217

GCP statistics entire scene (in Pixels)
Line residual statistics:
  Mean: 0.006
  Median: 0.009
  Standard Deviation: 0.187

Sample residual statistics:
  Mean: -0.060
  Median: -0.060
  Standard Deviation: 0.192

Scene RMSE: 0.275

