==============================================================================
==============================================================================
Sun. Feb. 22 2015                  LANDSAT 5                       Time: 02:17
                            Image Assessment System
                            GEOMETRIC VERIFY Report
==============================================================================
Order ID: 0601502211844_00118                          Path / Row - 228 / 79
Reference Image: L51CUB1010203130100_HDF.L1G

Color mapping per rank
----------------------
Rank  1 is Green: total residual <= 0.5
Rank  2 is Cyan: 0.5 < total residual <=  1
Rank  3 is Blue:  1 < total residual <=  2
Rank  4 is Yellow:  2 < total residual <=  3
Rank  5 is Red:  3 < total residual

Percentage of residuals by rank
-------------------------------
Rank   1 -- 95.9%
Rank   2 --  4.1%
Rank   3 --  0.0%
Rank   4 --  0.0%
Rank   5 --  0.0%

       GCP    Latitude    Longitude  Sample   Line     Total    Rank
        ID                           Residual Residual Residual
              (Degree)    (Degree)   (Pixel)  (Pixel)  (Pixel)
----------------------------------------------------------------------
2280790093  -26.52572    -62.11523     0.34      0.29     0.45     1 
2280790094  -26.52552    -62.08301     0.33     -0.21     0.39     1 
2280790095  -26.52530    -62.05080     0.09     -0.27     0.29     1 
2280790168  -26.55118    -62.11503     0.38     -0.40     0.55     2 
2280790171  -26.55054    -62.01837     0.43     -0.07     0.43     1 
2280790173  -26.55009    -61.95392    -0.06     -0.06     0.08     1 
2280790242  -26.57683    -62.14707     0.31      0.07     0.32     1 
2280790244  -26.57643    -62.08261     0.09     -0.40     0.41     1 
2280790248  -26.57554    -61.95369    -0.09     -0.11     0.14     1 
2280790253  -26.57427    -61.79256    -0.05     -0.13     0.14     1 
2280790254  -26.57399    -61.76033     0.06      0.03     0.07     1 
2280790255  -26.57371    -61.72810    -0.05     -0.09     0.11     1 
2280790334  -26.59795    -61.59890     0.07      0.04     0.08     1 
2280790390  -26.62813    -62.21118    -0.05      0.51     0.51     2 
2280790401  -26.62571    -61.85650     0.03     -0.03     0.04     1 
2280790408  -26.62372    -61.63083     0.08     -0.04     0.09     1 
2280790409  -26.62341    -61.59859     0.01     -0.03     0.03     1 
2280790410  -26.62309    -61.56635     0.12     -0.14     0.19     1 
2280790411  -26.62276    -61.53411     0.07     -0.08     0.10     1 
2280790413  -26.62208    -61.46964     0.16     -0.30     0.34     1 
2280790466  -26.65340    -62.17876     0.14     -0.13     0.19     1 
2280790471  -26.65238    -62.01750    -0.16     -0.22     0.28     1 
2280790473  -26.65192    -61.95300    -0.00     -0.07     0.07     1 
2280790475  -26.65143    -61.88850    -0.25     -0.16     0.30     1 
2280790476  -26.65117    -61.85625     0.02     -0.55     0.55     2 
2280790484  -26.64886    -61.59828    -0.04      0.17     0.17     1 
2280790485  -26.64854    -61.56603     0.14      0.05     0.15     1 
2280790489  -26.64718    -61.43706    -0.05     -0.09     0.10     1 
2280790492  -26.64608    -61.34034     0.12      0.23     0.26     1 
2280790493  -26.64570    -61.30810     0.14      0.17     0.22     1 
2280790494  -26.64532    -61.27586     0.02      0.15     0.15     1 
2280790495  -26.64492    -61.24362     0.10     -0.03     0.11     1 
2280790541  -26.67886    -62.17857    -0.06     -0.22     0.23     1 
2280790544  -26.67827    -62.08180    -0.30     -0.14     0.32     1 
2280790547  -26.67761    -61.98502     0.12     -0.17     0.21     1 
2280790548  -26.67738    -61.95276     0.06     -0.16     0.17     1 
2280790552  -26.67637    -61.82374    -0.00     -0.24     0.24     1 
2280790556  -26.67524    -61.69472    -0.34     -0.30     0.45     1 
2280790563  -26.67299    -61.46896    -0.06      0.04     0.07     1 
2280790568  -26.67115    -61.30772    -0.00      0.08     0.08     1 
2280790570  -26.67037    -61.24323    -0.09     -0.03     0.09     1 
2280790573  -26.66914    -61.14650    -0.18     -0.06     0.19     1 
2280790575  -26.66829    -61.08201     0.14      0.06     0.15     1 
2280790614  -26.70468    -62.24292    -0.04      0.41     0.41     1 
2280790618  -26.70393    -62.11386     0.32     -0.25     0.40     1 
2280790619  -26.70373    -62.08159     0.22     -0.03     0.22     1 
2280790621  -26.70329    -62.01706    -0.03     -0.13     0.13     1 
2280790625  -26.70234    -61.88800     0.40     -0.40     0.57     2 
2280790632  -26.70039    -61.66217    -0.04     -0.01     0.04     1 
2280790633  -26.70009    -61.62991     0.32     -0.22     0.39     1 
2280790634  -26.69977    -61.59765     0.22     -0.08     0.23     1 
2280790635  -26.69945    -61.56540     0.24     -0.12     0.27     1 
2280790638  -26.69844    -61.46862     0.06     -0.01     0.06     1 
2280790640  -26.69773    -61.40411    -0.12      0.06     0.14     1 
2280790643  -26.69661    -61.30735     0.05     -0.02     0.05     1 
2280790648  -26.69459    -61.14609     0.05      0.14     0.14     1 
2280790650  -26.69373    -61.08159     0.08     -0.24     0.26     1 
2280790654  -26.69193    -60.95260    -0.13     -0.05     0.14     1 
2280790655  -26.69146    -60.92035     0.08     -0.16     0.18     1 
2280790690  -26.72996    -62.21048     0.07     -0.51     0.52     2 
2280790691  -26.72978    -62.17821     0.05     -0.19     0.20     1 
2280790699  -26.72805    -61.92003     0.10      0.06     0.12     1 
2280790708  -26.72554    -61.62961    -0.06      0.09     0.11     1 
2280790709  -26.72523    -61.59734    -0.16     -0.01     0.16     1 
2280790713  -26.72389    -61.46828    -0.09     -0.13     0.16     1 
2280790715  -26.72318    -61.40375     0.04      0.01     0.04     1 
2280790716  -26.72281    -61.37149     0.19      0.04     0.19     1 
2280790717  -26.72244    -61.33923    -0.01     -0.03     0.04     1 
2280790718  -26.72206    -61.30697    -0.06     -0.06     0.09     1 
2280790719  -26.72167    -61.27471    -0.01     -0.00     0.01     1 
2280790721  -26.72087    -61.21019    -0.16      0.11     0.19     1 
2280790726  -26.71874    -61.04890    -0.06     -0.04     0.07     1 
2280790728  -26.71784    -60.98440    -0.02      0.01     0.02     1 
2280790730  -26.71691    -60.91989     0.19      0.24     0.31     1 
2280790731  -26.71643    -60.88764    -0.03      0.13     0.14     1 
2280790734  -26.71496    -60.79089     0.38      0.02     0.39     1 
2280790735  -26.71445    -60.75864     0.00     -0.14     0.14     1 
2280790764  -26.75560    -62.24259    -0.25     -0.02     0.25     1 
2280790765  -26.75542    -62.21030     0.10     -0.34     0.35     1 
2280790781  -26.75160    -61.69385     0.35     -0.12     0.36     1 
2280790785  -26.75036    -61.56476    -0.31     -0.11     0.33     1 
2280790786  -26.75003    -61.53248     0.08      0.04     0.09     1 
2280790788  -26.74934    -61.46794    -0.16      0.13     0.21     1 
2280790790  -26.74863    -61.40340    -0.16     -0.19     0.25     1 
2280790791  -26.74826    -61.37113    -0.09     -0.07     0.11     1 
2280790792  -26.74789    -61.33886    -0.08      0.33     0.34     1 
2280790793  -26.74751    -61.30659    -0.02     -0.08     0.08     1 
2280790794  -26.74712    -61.27432    -0.21      0.08     0.22     1 
2280790797  -26.74591    -61.17753    -0.18     -0.10     0.21     1 
2280790802  -26.74374    -61.01621     0.06      0.13     0.15     1 
2280790803  -26.74329    -60.98395     0.01     -0.24     0.24     1 
2280790804  -26.74282    -60.95169     0.05     -0.01     0.05     1 
2280790806  -26.74188    -60.88717    -0.18      0.04     0.19     1 
2280790807  -26.74139    -60.85491    -0.18      0.07     0.19     1 
2280790808  -26.74090    -60.82265     0.17      0.06     0.18     1 
2280790810  -26.73989    -60.75814     0.05      0.05     0.07     1 
2280790811  -26.73938    -60.72589     0.12      0.01     0.12     1 
2280790812  -26.73886    -60.69363     0.15      0.10     0.18     1 
2280790813  -26.73833    -60.66138     0.12     -0.04     0.13     1 
2280790814  -26.73779    -60.62913     0.34      0.26     0.43     1 
2280790815  -26.73725    -60.59688     0.09      0.01     0.10     1 
2280790816  -26.73670    -60.56463     0.26     -0.03     0.26     1 
2280790845  -26.77989    -62.04869     0.15     -0.55     0.57     2 
2280790852  -26.77819    -61.82269    -0.09     -0.05     0.10     1 
2280790853  -26.77792    -61.79041    -0.03     -0.13     0.14     1 
2280790855  -26.77735    -61.72584    -0.05      0.03     0.06     1 
2280790856  -26.77706    -61.69356    -0.11     -0.16     0.20     1 
2280790857  -26.77676    -61.66128     0.03     -0.10     0.10     1 
2280790859  -26.77613    -61.59672    -0.10     -0.01     0.10     1 
2280790860  -26.77581    -61.56444    -0.02      0.05     0.05     1 
2280790862  -26.77514    -61.49988    -0.45     -0.12     0.47     1 
2280790864  -26.77444    -61.43532    -0.05     -0.18     0.19     1 
2280790867  -26.77334    -61.33849    -0.00      0.02     0.02     1 
2280790872  -26.77135    -61.17712     0.12      0.17     0.20     1 
2280790873  -26.77094    -61.14485     0.07      0.23     0.24     1 
2280790874  -26.77051    -61.11258    -0.05      0.04     0.07     1 
2280790875  -26.77008    -61.08031     0.14     -0.09     0.16     1 
2280790876  -26.76964    -61.04804     0.38      0.19     0.42     1 
2280790878  -26.76873    -60.98350    -0.10      0.42     0.43     1 
2280790879  -26.76827    -60.95123    -0.14     -0.01     0.14     1 
2280790880  -26.76780    -60.91896    -0.06      0.11     0.12     1 
2280790882  -26.76684    -60.85443     0.23     -0.10     0.25     1 
2280790884  -26.76584    -60.78990    -0.06      0.16     0.17     1 
2280790885  -26.76534    -60.75764     0.24      0.29     0.37     1 
2280790886  -26.76482    -60.72538    -0.12      0.14     0.19     1 
2280790887  -26.76430    -60.69312     0.21      0.07     0.22     1 
2280790888  -26.76377    -60.66086     0.08     -0.02     0.08     1 
2280790889  -26.76323    -60.62860     0.18     -0.26     0.32     1 
2280790890  -26.76269    -60.59634     0.04      0.04     0.06     1 
2280790891  -26.76214    -60.56408    -0.03     -0.31     0.31     1 
2280790892  -26.76158    -60.53183    -0.36      0.14     0.39     1 
2280790893  -26.76102    -60.49957     0.12     -0.01     0.12     1 
2280790894  -26.76044    -60.46732     0.27     -0.06     0.27     1 
2280790914  -26.80652    -62.24225    -0.02     -0.18     0.18     1 
2280790921  -26.80513    -62.01619     0.08     -0.42     0.43     1 
2280790922  -26.80490    -61.98389     0.22     -0.28     0.36     1 
2280790924  -26.80442    -61.91931    -0.15     -0.14     0.21     1 
2280790927  -26.80365    -61.82243     0.01     -0.10     0.10     1 
2280790928  -26.80337    -61.79014    -0.15     -0.28     0.32     1 
2280790929  -26.80309    -61.75785     0.11     -0.04     0.11     1 
2280790931  -26.80251    -61.69327     0.46      0.16     0.49     1 
2280790933  -26.80190    -61.62869    -0.15     -0.02     0.15     1 
2280790934  -26.80159    -61.59640     0.06     -0.06     0.09     1 
2280790935  -26.80126    -61.56412     0.02     -0.17     0.17     1 
2280790939  -26.79989    -61.43497     0.07     -0.03     0.07     1 
2280790940  -26.79953    -61.40269     0.50      0.16     0.52     2 
2280790941  -26.79916    -61.37040     0.10      0.02     0.10     1 
2280790943  -26.79841    -61.30584     0.12     -0.05     0.13     1 
2280790945  -26.79762    -61.24127     0.14     -0.06     0.15     1 
2280790948  -26.79638    -61.14443     0.15     -0.01     0.15     1 
2280790950  -26.79552    -61.07988    -0.21     -0.04     0.21     1 
2280790951  -26.79508    -61.04760    -0.01      0.11     0.11     1 
2280790956  -26.79276    -60.88623     0.15     -0.06     0.16     1 
2280790957  -26.79228    -60.85395     0.06      0.02     0.06     1 
2280790958  -26.79179    -60.82168    -0.15      0.10     0.18     1 
2280790959  -26.79128    -60.78941    -0.04     -0.03     0.05     1 
2280790960  -26.79078    -60.75714    -0.19      0.34     0.39     1 
2280790961  -26.79026    -60.72487     0.07      0.01     0.07     1 
2280790962  -26.78974    -60.69260     0.21      0.02     0.21     1 
2280790963  -26.78921    -60.66034    -0.14     -0.17     0.22     1 
2280790964  -26.78867    -60.62807    -0.01      0.12     0.12     1 
2280790965  -26.78813    -60.59580     0.45      0.29     0.53     2 
2280790966  -26.78758    -60.56354     0.41     -0.07     0.41     1 
2280790967  -26.78702    -60.53128     0.33      0.10     0.35     1 
2280790968  -26.78645    -60.49901     0.07     -0.24     0.25     1 
2280790969  -26.78588    -60.46675    -0.17     -0.00     0.17     1 
2280790970  -26.78530    -60.43449    -0.12     -0.08     0.15     1 
2280790971  -26.78471    -60.40223    -0.11      0.15     0.19     1 
2280790991  -26.83161    -62.17747    -0.14     -0.26     0.30     1 
2280790997  -26.83036    -61.98366    -0.16     -0.32     0.36     1 
2280790999  -26.82988    -61.91906    -0.34     -0.21     0.40     1 
2280791003  -26.82883    -61.78987    -0.09     -0.10     0.13     1 
2280791004  -26.82855    -61.75757    -0.19     -0.30     0.36     1 
2280791005  -26.82826    -61.72527    -0.22     -0.24     0.32     1 
2280791009  -26.82704    -61.59609    -0.06     -0.16     0.17     1 
2280791010  -26.82672    -61.56379    -0.12     -0.18     0.22     1 
2280791012  -26.82605    -61.49921     0.15     -0.06     0.16     1 
2280791013  -26.82570    -61.46692    -0.34     -0.17     0.38     1 
2280791014  -26.82534    -61.43462     0.00      0.11     0.11     1 
2280791018  -26.82386    -61.30546    -0.05      0.03     0.06     1 
2280791021  -26.82266    -61.20859    -0.05     -0.00     0.05     1 
2280791026  -26.82053    -61.04716    -0.07      0.01     0.07     1 
2280791030  -26.81869    -60.91804     0.04      0.25     0.26     1 
2280791031  -26.81821    -60.88575     0.01      0.19     0.19     1 
2280791032  -26.81772    -60.85348     0.11      0.14     0.17     1 
2280791034  -26.81673    -60.78892    -0.27      0.08     0.29     1 
2280791035  -26.81622    -60.75664     0.25     -0.00     0.25     1 
2280791036  -26.81570    -60.72436    -0.03     -0.12     0.13     1 
2280791038  -26.81465    -60.65982    -0.11      0.12     0.16     1 
2280791039  -26.81411    -60.62754    -0.03      0.03     0.04     1 
2280791040  -26.81357    -60.59527     0.42     -0.02     0.42     1 
2280791041  -26.81302    -60.56300     0.21     -0.11     0.24     1 
2280791042  -26.81246    -60.53073     0.09     -0.04     0.10     1 
2280791043  -26.81189    -60.49846    -0.04      0.08     0.09     1 
2280791044  -26.81132    -60.46619    -0.08      0.02     0.08     1 
2280791046  -26.81014    -60.40165    -0.05     -0.02     0.06     1 
2280791064  -26.85743    -62.24191    -0.16     -0.24     0.28     1 
2280791071  -26.85604    -62.01575     0.12     -0.40     0.42     1 
2280791072  -26.85581    -61.98344    -0.09     -0.27     0.29     1 
2280791073  -26.85558    -61.95113    -0.22     -0.12     0.25     1 
2280791074  -26.85533    -61.91882     0.09      0.08     0.12     1 
2280791075  -26.85508    -61.88652    -0.06     -0.09     0.11     1 
2280791081  -26.85342    -61.69268     0.23     -0.45     0.50     2 
2280791082  -26.85312    -61.66038    -0.02     -0.08     0.08     1 
2280791083  -26.85281    -61.62808    -0.03     -0.12     0.12     1 
2280791086  -26.85184    -61.53117    -0.10     -0.07     0.12     1 
2280791087  -26.85150    -61.49887    -0.03      0.03     0.04     1 
2280791088  -26.85115    -61.46657    -0.04     -0.05     0.06     1 
2280791090  -26.85044    -61.40197    -0.22     -0.33     0.40     1 
2280791091  -26.85007    -61.36968    -0.03     -0.09     0.09     1 
2280791092  -26.84969    -61.33738     0.03     -0.05     0.06     1 
2280791093  -26.84931    -61.30508     0.09     -0.01     0.09     1 
2280791094  -26.84892    -61.27278     0.14     -0.01     0.14     1 
2280791095  -26.84852    -61.24049    -0.10      0.00     0.10     1 
2280791096  -26.84811    -61.20819     0.08      0.00     0.08     1 
2280791097  -26.84770    -61.17590     0.09      0.17     0.19     1 
2280791098  -26.84728    -61.14361     0.15      0.30     0.34     1 
2280791099  -26.84685    -61.11131     0.04      0.01     0.04     1 
2280791100  -26.84642    -61.07902     0.23      0.06     0.24     1 
2280791101  -26.84597    -61.04673    -0.07     -0.02     0.07     1 
2280791103  -26.84507    -60.98215    -0.15     -0.22     0.27     1 
2280791104  -26.84460    -60.94986    -0.26     -0.16     0.30     1 
2280791105  -26.84413    -60.91757     0.00     -0.14     0.14     1 
2280791106  -26.84365    -60.88528     0.16     -0.09     0.18     1 
2280791107  -26.84316    -60.85299     0.27     -0.09     0.28     1 
2280791109  -26.84217    -60.78842    -0.16     -0.01     0.16     1 
2280791110  -26.84166    -60.75614     0.16      0.11     0.20     1 
2280791111  -26.84115    -60.72386     0.50     -0.18     0.53     2 
2280791112  -26.84062    -60.69157     0.10      0.08     0.12     1 
2280791113  -26.84009    -60.65929     0.05      0.07     0.08     1 
2280791114  -26.83955    -60.62701     0.12     -0.19     0.22     1 
2280791115  -26.83901    -60.59473     0.15      0.07     0.17     1 
2280791116  -26.83845    -60.56245     0.22     -0.18     0.28     1 
2280791117  -26.83789    -60.53017     0.06     -0.08     0.10     1 
2280791118  -26.83733    -60.49790     0.23     -0.24     0.33     1 
2280791119  -26.83675    -60.46562    -0.15     -0.20     0.25     1 
2280791121  -26.83558    -60.40107     0.05     -0.10     0.11     1 
2280791141  -26.88253    -62.17710     0.10     -0.04     0.11     1 
2280791145  -26.88172    -62.04784     0.05     -0.27     0.27     1 
2280791148  -26.88103    -61.95089     0.09     -0.09     0.13     1 
2280791149  -26.88079    -61.91858     0.09      0.13     0.15     1 
2280791150  -26.88054    -61.88627    -0.09     -0.13     0.16     1 
2280791151  -26.88028    -61.85395    -0.06     -0.07     0.09     1 
2280791156  -26.87888    -61.69239    -0.09     -0.04     0.10     1 
2280791157  -26.87857    -61.66008    -0.09     -0.13     0.16     1 
2280791158  -26.87826    -61.62777    -0.18     -0.02     0.18     1 
2280791159  -26.87795    -61.59546     0.34     -0.03     0.34     1 
2280791161  -26.87729    -61.53084    -0.09     -0.08     0.12     1 
2280791162  -26.87695    -61.49854     0.09     -0.35     0.37     1 
2280791163  -26.87660    -61.46623     0.09      0.06     0.11     1 
2280791164  -26.87625    -61.43392    -0.23      0.17     0.29     1 
2280791165  -26.87589    -61.40162     0.13      0.01     0.13     1 
2280791166  -26.87552    -61.36931    -0.00     -0.07     0.07     1 
2280791167  -26.87514    -61.33700     0.43      0.06     0.44     1 
2280791168  -26.87476    -61.30470    -0.08     -0.05     0.10     1 
2280791169  -26.87437    -61.27240    -0.15      0.20     0.25     1 
2280791170  -26.87397    -61.24009    -0.11     -0.07     0.13     1 
2280791171  -26.87356    -61.20779    -0.31     -0.11     0.33     1 
2280791172  -26.87315    -61.17549     0.11      0.14     0.17     1 
2280791173  -26.87273    -61.14319     0.29     -0.15     0.33     1 
2280791177  -26.87097    -61.01399     0.16      0.00     0.16     1 
2280791178  -26.87051    -60.98170    -0.04      0.06     0.07     1 
2280791181  -26.86910    -60.88481    -0.07      0.16     0.18     1 
2280791185  -26.86710    -60.75564    -0.02      0.06     0.06     1 
2280791186  -26.86659    -60.72335     0.27     -0.21     0.35     1 
2280791187  -26.86606    -60.69106     0.10     -0.03     0.10     1 
2280791189  -26.86499    -60.62648    -0.43     -0.09     0.44     1 
2280791190  -26.86445    -60.59419    -0.12      0.07     0.14     1 
2280791191  -26.86389    -60.56191    -0.11     -0.07     0.13     1 
2280791192  -26.86333    -60.52962    -0.18     -0.15     0.23     1 
2280791193  -26.86276    -60.49734    -0.02     -0.02     0.03     1 
2280791195  -26.86161    -60.43277    -0.11      0.01     0.11     1 
2280791214  -26.90835    -62.24157    -0.48      0.22     0.53     2 
2280791219  -26.90739    -62.07995    -0.25     -0.48     0.54     2 
2280791220  -26.90718    -62.04763    -0.28     -0.43     0.51     2 
2280791224  -26.90625    -61.91834    -0.09     -0.12     0.15     1 
2280791225  -26.90599    -61.88602     0.02     -0.24     0.24     1 
2280791226  -26.90574    -61.85370    -0.07     -0.04     0.08     1 
2280791228  -26.90520    -61.78906    -0.08     -0.11     0.14     1 
2280791229  -26.90491    -61.75674    -0.04     -0.19     0.19     1 
2280791230  -26.90463    -61.72442    -0.06     -0.04     0.07     1 
2280791233  -26.90372    -61.62746     0.03     -0.40     0.40     1 
2280791235  -26.90308    -61.56283     0.09     -0.01     0.09     1 
2280791236  -26.90274    -61.53052    -0.15     -0.08     0.17     1 
2280791239  -26.90170    -61.43357     0.07     -0.15     0.17     1 
2280791240  -26.90134    -61.40126    -0.23      0.03     0.23     1 
2280791241  -26.90097    -61.36894    -0.11      0.00     0.11     1 
2280791242  -26.90059    -61.33663    -0.38      0.35     0.52     2 
2280791244  -26.89982    -61.27201    -0.03     -0.19     0.19     1 
2280791245  -26.89942    -61.23970    -0.03     -0.24     0.24     1 
2280791246  -26.89901    -61.20739     0.18     -0.10     0.21     1 
2280791248  -26.89817    -61.14277    -0.01     -0.34     0.34     1 
2280791250  -26.89731    -61.07816     0.13      0.11     0.17     1 
2280791256  -26.89454    -60.88434     0.03     -0.21     0.21     1 
2280791258  -26.89356    -60.81973     0.13     -0.07     0.15     1 
2280791261  -26.89203    -60.72284     0.20     -0.19     0.27     1 
2280791262  -26.89150    -60.69054     0.05     -0.07     0.09     1 
2280791265  -26.88988    -60.59365    -0.10      0.24     0.26     1 
2280791266  -26.88933    -60.56136     0.02     -0.14     0.14     1 
2280791267  -26.88877    -60.52907     0.29     -0.26     0.38     1 
2280791268  -26.88820    -60.49678     0.25      0.15     0.29     1 
2280791270  -26.88704    -60.43220     0.14     -0.09     0.17     1 
2280791294  -26.93285    -62.07974    -0.02     -0.25     0.25     1 
2280791295  -26.93263    -62.04741     0.04     -0.16     0.16     1 
2280791300  -26.93145    -61.88577     0.03     -0.12     0.13     1 
2280791301  -26.93119    -61.85344    -0.02     -0.14     0.14     1 
2280791304  -26.93037    -61.75646    -0.08     -0.02     0.08     1 
2280791307  -26.92948    -61.65948    -0.02     -0.05     0.06     1 
2280791313  -26.92751    -61.46554    -0.03     -0.11     0.11     1 
2280791316  -26.92642    -61.36858    -0.02     -0.19     0.20     1 
2280791318  -26.92566    -61.30394    -0.10     -0.04     0.11     1 
2280791319  -26.92526    -61.27162    -0.38      0.26     0.46     1 
2280791320  -26.92487    -61.23931     0.03     -0.07     0.08     1 
2280791321  -26.92446    -61.20699     0.04     -0.15     0.16     1 
2280791322  -26.92404    -61.17467     0.01      0.15     0.15     1 
2280791324  -26.92319    -61.11004    -0.01      0.01     0.02     1 
2280791325  -26.92276    -61.07773     0.00     -0.23     0.23     1 
2280791327  -26.92186    -61.01310     0.24     -0.05     0.24     1 
2280791328  -26.92140    -60.98079    -0.09     -0.38     0.39     1 
2280791330  -26.92046    -60.91617     0.02     -0.06     0.07     1 
2280791331  -26.91998    -60.88386     0.02      0.22     0.22     1 
2280791332  -26.91949    -60.85155    -0.23     -0.02     0.23     1 
2280791334  -26.91850    -60.78694    -0.16      0.17     0.23     1 
2280791337  -26.91694    -60.69002     0.19     -0.03     0.20     1 
2280791339  -26.91587    -60.62542    -0.02      0.17     0.17     1 
2280791340  -26.91532    -60.59311     0.03      0.11     0.11     1 
2280791341  -26.91477    -60.56081     0.36      0.23     0.43     1 
2280791342  -26.91421    -60.52851     0.08      0.29     0.30     1 
2280791343  -26.91364    -60.49621    -0.06     -0.25     0.26     1 
2280791345  -26.91248    -60.43162     0.03     -0.40     0.40     1 
2280791366  -26.95891    -62.17655     0.18     -0.38     0.42     1 
2280791370  -26.95809    -62.04720     0.31     -0.09     0.33     1 
2280791373  -26.95740    -61.95019    -0.14     -0.09     0.17     1 
2280791374  -26.95716    -61.91785    -0.42     -0.33     0.53     2 
2280791379  -26.95583    -61.75618     0.03      0.14     0.14     1 
2280791380  -26.95554    -61.72384    -0.01     -0.09     0.09     1 
2280791381  -26.95524    -61.69151     0.03     -0.07     0.08     1 
2280791385  -26.95398    -61.56218     0.32      0.32     0.45     1 
2280791386  -26.95365    -61.52985     0.01     -0.09     0.09     1 
2280791388  -26.95296    -61.46520     0.09      0.03     0.09     1 
2280791391  -26.95187    -61.36821    -0.10     -0.07     0.12     1 
2280791392  -26.95149    -61.33589    -0.20     -0.01     0.20     1 
2280791393  -26.95111    -61.30356    -0.12     -0.29     0.31     1 
2280791394  -26.95071    -61.27123    -0.11      0.05     0.12     1 
2280791395  -26.95031    -61.23891     0.01     -0.49     0.49     1 
2280791396  -26.94991    -61.20658    -0.10      0.25     0.27     1 
2280791398  -26.94907    -61.14194     0.22     -0.25     0.33     1 
2280791399  -26.94864    -61.10962     0.12      0.07     0.14     1 
2280791400  -26.94820    -61.07730    -0.07      0.04     0.08     1 
2280791401  -26.94776    -61.04498     0.20     -0.14     0.25     1 
2280791402  -26.94731    -61.01266    -0.17      0.02     0.17     1 
2280791403  -26.94685    -60.98034     0.04     -0.05     0.06     1 
2280791404  -26.94638    -60.94802     0.03     -0.01     0.03     1 
2280791405  -26.94591    -60.91570    -0.13      0.24     0.28     1 
2280791406  -26.94543    -60.88338    -0.01     -0.07     0.07     1 
2280791407  -26.94494    -60.85107     0.33     -0.03     0.33     1 
2280791409  -26.94394    -60.78644     0.31     -0.09     0.33     1 
2280791410  -26.94343    -60.75413    -0.17     -0.17     0.23     1 
2280791411  -26.94291    -60.72181     0.04      0.06     0.08     1 
2280791412  -26.94238    -60.68950     0.02     -0.13     0.14     1 
2280791414  -26.94131    -60.62488     0.14     -0.06     0.15     1 
2280791417  -26.93964    -60.52796    -0.30     -0.08     0.31     1 
2280791419  -26.93850    -60.46335     0.28     -0.43     0.51     2 
2280791420  -26.93791    -60.43104     0.11     -0.18     0.21     1 
2280791439  -26.98473    -62.24106    -0.43     -0.22     0.49     1 
2280791442  -26.98417    -62.14402    -0.27     -0.39     0.47     1 
2280791449  -26.98261    -61.91761     0.24      0.30     0.38     1 
2280791450  -26.98236    -61.88526    -0.15      0.46     0.49     1 
2280791458  -26.98008    -61.62654    -0.29      0.12     0.31     1 
2280791459  -26.97976    -61.59420     0.23      0.01     0.23     1 
2280791460  -26.97943    -61.56186    -0.18     -0.34     0.39     1 
2280791461  -26.97910    -61.52952     0.10     -0.06     0.12     1 
2280791464  -26.97805    -61.43252    -0.00     -0.21     0.21     1 
2280791467  -26.97694    -61.33551     0.01     -0.10     0.10     1 
2280791469  -26.97616    -61.27085     0.15     -0.00     0.15     1 
2280791470  -26.97576    -61.23851     0.11     -0.39     0.41     1 
2280791471  -26.97536    -61.20618    -0.12     -0.10     0.16     1 
2280791473  -26.97452    -61.14152    -0.07     -0.21     0.23     1 
2280791474  -26.97409    -61.10919     0.08     -0.04     0.09     1 
2280791476  -26.97321    -61.04454     0.20     -0.17     0.26     1 
2280791477  -26.97275    -61.01221    -0.01     -0.01     0.01     1 
2280791478  -26.97229    -60.97988    -0.11     -0.00     0.11     1 
2280791479  -26.97183    -60.94756     0.18     -0.25     0.31     1 
2280791481  -26.97087    -60.88291     0.33      0.01     0.33     1 
2280791483  -26.96988    -60.81826     0.09     -0.02     0.09     1 
2280791484  -26.96938    -60.78594     0.17      0.16     0.23     1 
2280791487  -26.96782    -60.68898     0.19     -0.47     0.51     2 
2280791488  -26.96729    -60.65667    -0.02     -0.16     0.16     1 
2280791490  -26.96620    -60.59203     0.08     -0.24     0.25     1 
2280791491  -26.96564    -60.55972     0.34     -0.18     0.38     1 
2280791494  -26.96393    -60.46278     0.04     -0.09     0.10     1 
2280791513  -27.01036    -62.27324    -0.11     -0.21     0.24     1 
2280791514  -27.01019    -62.24089    -0.05     -0.15     0.15     1 
2280791530  -27.00644    -61.72327    -0.09     -0.37     0.38     1 
2280791534  -27.00521    -61.59388    -0.01     -0.16     0.16     1 
2280791535  -27.00489    -61.56154     0.09      0.15     0.17     1 
2280791536  -27.00455    -61.52919    -0.07      0.08     0.10     1 
2280791537  -27.00421    -61.49685    -0.10      0.32     0.33     1 
2280791539  -27.00351    -61.43216     0.32     -0.06     0.33     1 
2280791540  -27.00314    -61.39982     0.08      0.02     0.08     1 
2280791541  -27.00277    -61.36748    -0.13     -0.13     0.18     1 
2280791543  -27.00201    -61.30280    -0.04     -0.17     0.17     1 
2280791544  -27.00161    -61.27046    -0.44     -0.43     0.61     2 
2280791545  -27.00121    -61.23812     0.20     -0.20     0.29     1 
2280791546  -27.00080    -61.20578     0.15     -0.15     0.21     1 
2280791547  -27.00039    -61.17344    -0.07     -0.22     0.23     1 
2280791548  -26.99996    -61.14110     0.37     -0.38     0.53     2 
2280791549  -26.99953    -61.10877    -0.10      0.10     0.14     1 
2280791551  -26.99865    -61.04410     0.18     -0.15     0.24     1 
2280791554  -26.99727    -60.94710    -0.21     -0.18     0.28     1 
2280791555  -26.99679    -60.91476    -0.42      0.35     0.55     2 
2280791556  -26.99631    -60.88243    -0.12     -0.38     0.40     1 
2280791557  -26.99582    -60.85010     0.00      0.07     0.07     1 
2280791558  -26.99533    -60.81777    -0.19      0.01     0.19     1 
2280791559  -26.99482    -60.78544     0.11     -0.07     0.13     1 
2280791560  -26.99431    -60.75312    -0.06      0.00     0.06     1 
2280791561  -26.99379    -60.72079     0.22     -0.44     0.49     1 
2280791562  -26.99326    -60.68846    -0.40     -0.26     0.48     1 
2280791564  -26.99219    -60.62382    -0.16      0.03     0.16     1 
2280791565  -26.99164    -60.59149    -0.07      0.04     0.08     1 
2280791566  -26.99108    -60.55917     0.02     -0.23     0.23     1 
2280791567  -26.99052    -60.52685     0.14     -0.13     0.19     1 
2280791568  -26.98995    -60.49453    -0.04     -0.32     0.33     1 
2280791569  -26.98937    -60.46221     0.23     -0.17     0.29     1 
2280791587  -27.03598    -62.30544    -0.36     -0.26     0.45     1 
2280791590  -27.03547    -62.20835     0.08     -0.20     0.22     1 
2280791591  -27.03528    -62.17600     0.18     -0.20     0.27     1 
2280791598  -27.03377    -61.94948     0.02     -0.15     0.15     1 
2280791605  -27.03190    -61.72298     0.24      0.00     0.24     1 
2280791608  -27.03099    -61.62592     0.13     -0.07     0.15     1 
2280791611  -27.03000    -61.52886    -0.16     -0.01     0.16     1 
2280791612  -27.02966    -61.49651    -0.17     -0.15     0.23     1 
2280791613  -27.02931    -61.46416     0.04     -0.08     0.09     1 
2280791614  -27.02896    -61.43181     0.01      0.02     0.03     1 
2280791615  -27.02859    -61.39946     0.04      0.01     0.05     1 
2280791617  -27.02784    -61.33476     0.06      0.26     0.27     1 
2280791618  -27.02745    -61.30241     0.00     -0.52     0.52     2 
2280791619  -27.02706    -61.27007    -0.15     -0.06     0.16     1 
2280791620  -27.02666    -61.23772    -0.01     -0.26     0.26     1 
2280791621  -27.02625    -61.20537     0.04     -0.28     0.28     1 
2280791622  -27.02584    -61.17303     0.04      0.06     0.07     1 
2280791624  -27.02498    -61.10834    -0.02     -0.13     0.13     1 
2280791625  -27.02454    -61.07600    -0.47     -0.03     0.47     1 
2280791627  -27.02364    -61.01131    -0.00     -0.24     0.24     1 
2280791628  -27.02318    -60.97897    -0.10      0.08     0.13     1 
2280791629  -27.02271    -60.94663     0.06     -0.09     0.11     1 
2280791631  -27.02176    -60.88196     0.00      0.07     0.07     1 
2280791634  -27.02026    -60.78495     0.25     -0.21     0.33     1 
2280791635  -27.01975    -60.75261    -0.16     -0.32     0.36     1 
2280791637  -27.01870    -60.68794     0.34     -0.01     0.34     1 
2280791638  -27.01817    -60.65561     0.14     -0.58     0.59     2 
2280791639  -27.01762    -60.62328     0.01     -0.18     0.18     1 
2280791640  -27.01708    -60.59095    -0.02     -0.18     0.18     1 
2280791641  -27.01652    -60.55862     0.02     -0.02     0.03     1 
2280791642  -27.01595    -60.52629     0.10     -0.16     0.19     1 
2280791644  -27.01480    -60.46164    -0.04     -0.23     0.23     1 
2280791661  -27.06159    -62.33765    -0.23     -0.21     0.31     1 
2280791671  -27.05970    -62.01397     0.31     -0.24     0.39     1 
2280791672  -27.05947    -61.98161    -0.20     -0.06     0.21     1 
2280791673  -27.05923    -61.94924     0.01     -0.21     0.21     1 
2280791677  -27.05820    -61.81978    -0.01     -0.27     0.27     1 
2280791681  -27.05706    -61.69033    -0.15     -0.17     0.23     1 
2280791682  -27.05675    -61.65797     0.00     -0.28     0.28     1 
2280791683  -27.05644    -61.62561     0.00      0.03     0.03     1 
2280791685  -27.05579    -61.56089    -0.18     -0.16     0.24     1 
2280791687  -27.05511    -61.49617     0.08     -0.14     0.16     1 
2280791688  -27.05476    -61.46381     0.01     -0.03     0.04     1 
2280791689  -27.05441    -61.43145    -0.28     -0.23     0.36     1 
2280791690  -27.05404    -61.39910    -0.06     -0.34     0.34     1 
2280791691  -27.05367    -61.36674    -0.19     -0.33     0.38     1 
2280791693  -27.05290    -61.30203     0.01     -0.10     0.10     1 
2280791695  -27.05211    -61.23732    -0.07      0.03     0.07     1 
2280791696  -27.05170    -61.20497     0.15     -0.19     0.24     1 
2280791700  -27.04999    -61.07556     0.20     -0.32     0.38     1 
2280791701  -27.04954    -61.04321    -0.03     -0.10     0.10     1 
2280791703  -27.04863    -60.97852     0.02     -0.11     0.11     1 
2280791706  -27.04720    -60.88148    -0.03     -0.19     0.20     1 
2280791707  -27.04671    -60.84913    -0.25     -0.01     0.25     1 
2280791708  -27.04621    -60.81679    -0.08     -0.12     0.14     1 
2280791709  -27.04570    -60.78445    -0.25      0.05     0.25     1 
2280791710  -27.04519    -60.75210     0.20     -0.07     0.21     1 
2280791711  -27.04467    -60.71976    -0.04     -0.05     0.06     1 
2280791712  -27.04414    -60.68742     0.19     -0.13     0.23     1 
2280791714  -27.04306    -60.62274    -0.18     -0.02     0.18     1 
2280791715  -27.04251    -60.59041     0.09     -0.26     0.28     1 
2280791719  -27.04024    -60.46106     0.13     -0.32     0.34     1 
2280791745  -27.08538    -62.04612     0.08      0.05     0.09     1 
2280791748  -27.08468    -61.94900    -0.17     -0.10     0.19     1 
2280791756  -27.08251    -61.69004    -0.23     -0.07     0.24     1 
2280791758  -27.08189    -61.62530    -0.15     -0.28     0.32     1 
2280791760  -27.08124    -61.56056    -0.10     -0.11     0.15     1 
2280791761  -27.08091    -61.52820    -0.06      0.02     0.06     1 
2280791762  -27.08056    -61.49583     0.10     -0.16     0.19     1 
2280791764  -27.07986    -61.43110     0.12     -0.15     0.19     1 
2280791765  -27.07949    -61.39874     0.07     -0.13     0.15     1 
2280791766  -27.07912    -61.36637     0.05      0.09     0.11     1 
2280791768  -27.07835    -61.30165     0.19     -0.10     0.21     1 
2280791769  -27.07796    -61.26928     0.13     -0.12     0.17     1 
2280791770  -27.07756    -61.23692     0.04     -0.43     0.44     1 
2280791771  -27.07715    -61.20456     0.20     -0.17     0.26     1 
2280791772  -27.07673    -61.17220     0.22      0.10     0.24     1 
2280791773  -27.07631    -61.13985     0.27      0.07     0.28     1 
2280791774  -27.07587    -61.10749    -0.15     -0.04     0.16     1 
2280791775  -27.07543    -61.07513    -0.01      0.06     0.06     1 
2280791776  -27.07499    -61.04277     0.37     -0.18     0.41     1 
2280791777  -27.07453    -61.01042    -0.13     -0.23     0.27     1 
2280791778  -27.07407    -60.97806    -0.05      0.01     0.05     1 
2280791779  -27.07360    -60.94571     0.42     -0.15     0.45     1 
2280791780  -27.07313    -60.91335    -0.04      0.07     0.08     1 
2280791781  -27.07264    -60.88100     0.16     -0.22     0.27     1 
2280791782  -27.07215    -60.84865     0.02     -0.14     0.14     1 
2280791783  -27.07165    -60.81630    -0.12     -0.32     0.34     1 
2280791784  -27.07115    -60.78395     0.09     -0.22     0.24     1 
2280791785  -27.07063    -60.75160     0.10     -0.35     0.37     1 
2280791786  -27.07011    -60.71925     0.33     -0.07     0.34     1 
2280791787  -27.06958    -60.68690     0.08     -0.21     0.23     1 
2280791790  -27.06795    -60.58986     0.05     -0.28     0.28     1 
2280791791  -27.06739    -60.55752    -0.09     -0.22     0.23     1 
2280791792  -27.06683    -60.52517     0.24     -0.20     0.32     1 
2280791793  -27.06625    -60.49283     0.10     -0.19     0.21     1 
2280791794  -27.06567    -60.46049     0.19     -0.47     0.51     2 
2280791811  -27.11251    -62.33735    -0.21     -0.50     0.54     2 
2280791817  -27.11146    -62.14305     0.35     -0.07     0.36     1 
2280791823  -27.11014    -61.94877    -0.14     -0.50     0.52     2 
2280791833  -27.10734    -61.62499    -0.07      0.03     0.08     1 
2280791834  -27.10702    -61.59261    -0.08     -0.13     0.15     1 
2280791839  -27.10531    -61.43075    -0.01     -0.10     0.10     1 
2280791840  -27.10494    -61.39837     0.25     -0.34     0.42     1 
2280791841  -27.10457    -61.36600     0.08     -0.30     0.31     1 
2280791842  -27.10419    -61.33363     0.18     -0.07     0.19     1 
2280791843  -27.10380    -61.30126     0.07     -0.33     0.33     1 
2280791844  -27.10341    -61.26889     0.02     -0.23     0.23     1 
2280791847  -27.10218    -61.17179    -0.06     -0.07     0.09     1 
2280791848  -27.10175    -61.13943     0.01      0.04     0.05     1 
2280791851  -27.10043    -61.04233     0.03     -0.08     0.09     1 
2280791852  -27.09998    -61.00997    -0.26     -0.04     0.27     1 
2280791854  -27.09905    -60.94524     0.28     -0.25     0.38     1 
2280791855  -27.09857    -60.91288     0.34      0.06     0.35     1 
2280791856  -27.09809    -60.88052     0.13      0.19     0.22     1 
2280791857  -27.09759    -60.84816     0.06      0.05     0.08     1 
2280791858  -27.09709    -60.81580     0.00     -0.10     0.10     1 
2280791859  -27.09659    -60.78345     0.13     -0.20     0.24     1 
2280791860  -27.09607    -60.75109    -0.05     -0.23     0.24     1 
2280791862  -27.09502    -60.68638     0.07     -0.11     0.13     1 
2280791864  -27.09394    -60.62167    -0.02     -0.15     0.15     1 
2280791865  -27.09339    -60.58932     0.02     -0.28     0.28     1 
2280791866  -27.09283    -60.55697    -0.29     -0.19     0.35     1 
2280791867  -27.09226    -60.52461     0.13     -0.35     0.37     1 
2280791886  -27.13797    -62.33720     0.01     -0.09     0.09     1 
2280791888  -27.13765    -62.27242    -0.10     -0.19     0.21     1 
2280791896  -27.13607    -62.01330     0.17     -0.27     0.32     1 
2280791909  -27.13248    -61.59229    -0.05     -0.13     0.14     1 
2280791910  -27.13215    -61.55991    -0.00     -0.05     0.05     1 
2280791913  -27.13112    -61.46277    -0.05     -0.02     0.06     1 
2280791914  -27.13076    -61.43039    -0.07     -0.10     0.13     1 
2280791915  -27.13039    -61.39801    -0.03     -0.18     0.18     1 
2280791919  -27.12886    -61.26850    -0.01     -0.09     0.09     1 
2280791920  -27.12845    -61.23613     0.17     -0.52     0.55     2 
2280791926  -27.12588    -61.04189    -0.37     -0.08     0.38     1 
2280791927  -27.12542    -61.00952     0.07     -0.10     0.12     1 
2280791928  -27.12496    -60.97715     0.07     -0.25     0.26     1 
2280791930  -27.12401    -60.91241     0.17     -0.18     0.25     1 
2280791931  -27.12353    -60.88004     0.22     -0.19     0.29     1 
2280791934  -27.12203    -60.78294     0.15     -0.12     0.19     1 
2280791935  -27.12151    -60.75058     0.26     -0.04     0.26     1 
2280791936  -27.12099    -60.71822     0.06     -0.50     0.51     2 
2280791937  -27.12046    -60.68585    -0.01     -0.12     0.12     1 
2280791938  -27.11992    -60.65349    -0.13     -0.12     0.18     1 
2280791940  -27.11883    -60.58877    -0.08     -0.28     0.29     1 
2280791942  -27.11770    -60.52405     0.07     -0.44     0.44     1 
2280791943  -27.11713    -60.49170    -0.04     -0.22     0.23     1 
2280791970  -27.16175    -62.04548     0.17     -0.14     0.22     1 
2280791971  -27.16152    -62.01308    -0.10     -0.25     0.27     1 
2280791985  -27.15760    -61.55959    -0.14     -0.12     0.19     1 
2280791987  -27.15692    -61.49481    -0.01     -0.01     0.01     1 
2280791990  -27.15584    -61.39765    -0.21     -0.12     0.24     1 
2280791992  -27.15509    -61.33288     0.12     -0.08     0.15     1 
2280791994  -27.15430    -61.26811     0.13     -0.12     0.18     1 
2280791999  -27.15221    -61.10620    -0.04      0.11     0.12     1 
2280792000  -27.15177    -61.07382     0.18     -0.19     0.26     1 
2280792002  -27.15087    -61.00906     0.07     -0.05     0.08     1 
2280792003  -27.15040    -60.97669    -0.05     -0.42     0.43     1 
2280792004  -27.14993    -60.94431     0.10      0.08     0.12     1 
2280792005  -27.14945    -60.91194    -0.09     -0.16     0.18     1 
2280792006  -27.14897    -60.87956    -0.03     -0.24     0.24     1 
2280792008  -27.14798    -60.81481     0.01      0.14     0.14     1 
2280792010  -27.14695    -60.75007    -0.02      0.14     0.15     1 
2280792011  -27.14643    -60.71770     0.22      0.11     0.25     1 
2280792014  -27.14482    -60.62059     0.02     -0.06     0.07     1 
2280792015  -27.14426    -60.58823     0.02     -0.28     0.28     1 
2280792016  -27.14370    -60.55586    -0.13     -0.20     0.24     1 
2280792017  -27.14314    -60.52349     0.11     -0.13     0.17     1 
2280792018  -27.14256    -60.49113    -0.14     -0.52     0.54     2 
2280792056  -27.18432    -61.68885    -0.13     -0.14     0.19     1 
2280792061  -27.18272    -61.52686    -0.17      0.04     0.18     1 
2280792062  -27.18237    -61.49447     0.01     -0.12     0.12     1 
2280792065  -27.18129    -61.39728    -0.33     -0.39     0.52     2 
2280792066  -27.18092    -61.36489     0.30     -0.31     0.43     1 
2280792067  -27.18054    -61.33250     0.14      0.14     0.19     1 
2280792068  -27.18015    -61.30011    -0.07     -0.19     0.21     1 
2280792069  -27.17975    -61.26772    -0.33      0.04     0.33     1 
2280792072  -27.17852    -61.17055    -0.20     -0.24     0.32     1 
2280792075  -27.17722    -61.07339     0.16     -0.38     0.42     1 
2280792076  -27.17677    -61.04100    -0.20     -0.07     0.21     1 
2280792077  -27.17631    -61.00861     0.01     -0.40     0.40     1 
2280792078  -27.17585    -60.97623     0.11     -0.13     0.17     1 
2280792079  -27.17538    -60.94385     0.16     -0.22     0.27     1 
2280792080  -27.17490    -60.91146     0.01      0.27     0.27     1 
2280792081  -27.17441    -60.87908     0.18     -0.22     0.29     1 
2280792082  -27.17392    -60.84670    -0.04     -0.19     0.20     1 
2280792084  -27.17291    -60.78194     0.22     -0.45     0.50     1 
2280792085  -27.17239    -60.74956    -0.00      0.01     0.01     1 
2280792089  -27.17026    -60.62005     0.21     -0.01     0.21     1 
2280792090  -27.16970    -60.58768    -0.04     -0.16     0.17     1 
2280792091  -27.16914    -60.55531    -0.01     -0.14     0.14     1 
2280792092  -27.16857    -60.52293    -0.14     -0.24     0.28     1 
2280792134  -27.20883    -61.59134    -0.00     -0.09     0.09     1 
2280792135  -27.20850    -61.55893    -0.03     -0.53     0.53     2 
2280792136  -27.20817    -61.52653     0.07     -0.24     0.25     1 
2280792138  -27.20747    -61.46172    -0.00     -0.05     0.05     1 
2280792139  -27.20711    -61.42932    -0.43     -0.25     0.50     1 
2280792140  -27.20674    -61.39692     0.04     -0.17     0.18     1 
2280792141  -27.20637    -61.36452     0.39      0.09     0.40     1 
2280792142  -27.20599    -61.33212     0.01     -0.27     0.27     1 
2280792143  -27.20560    -61.29972    -0.02     -0.39     0.40     1 
2280792144  -27.20520    -61.26732     0.16     -0.16     0.22     1 
2280792145  -27.20480    -61.23493    -0.14     -0.31     0.34     1 
2280792147  -27.20397    -61.17013    -0.21      0.02     0.21     1 
2280792151  -27.20221    -61.04055     0.27     -0.05     0.28     1 
2280792152  -27.20176    -61.00816    -0.13     -0.35     0.37     1 
2280792154  -27.20082    -60.94338    -0.26     -0.14     0.30     1 
2280792157  -27.19936    -60.84621     0.30     -0.51     0.59     2 
2280792159  -27.19835    -60.78144    -0.02     -0.05     0.05     1 
2280792161  -27.19731    -60.71666    -0.16     -0.40     0.43     1 
2280792164  -27.19569    -60.61951    -0.10     -0.29     0.31     1 
2280792165  -27.19514    -60.58713     0.43     -0.19     0.47     1 
2280792166  -27.19458    -60.55475    -0.06     -0.37     0.38     1 
2280792168  -27.19343    -60.48999    -0.11     -0.46     0.48     1 
2280792187  -27.23964    -62.30418     0.06     -0.21     0.22     1 
2280792188  -27.23948    -62.27176    -0.00      0.03     0.03     1 
2280792192  -27.23875    -62.14208     0.13     -0.25     0.28     1 
2280792213  -27.23292    -61.46137    -0.03      0.01     0.03     1 
2280792214  -27.23256    -61.42896     0.11     -0.03     0.11     1 
2280792217  -27.23144    -61.33174    -0.01     -0.59     0.59     2 
2280792218  -27.23105    -61.29934    -0.14     -0.08     0.17     1 
2280792219  -27.23065    -61.26693    -0.16     -0.40     0.43     1 
2280792226  -27.22766    -61.04011     0.16     -0.59     0.61     2 
2280792228  -27.22674    -60.97531    -0.10     -0.05     0.11     1 
2280792229  -27.22626    -60.94291    -0.10     -0.03     0.10     1 
2280792230  -27.22578    -60.91051     0.14     -0.14     0.20     1 
2280792231  -27.22530    -60.87812     0.22     -0.32     0.38     1 
2280792232  -27.22480    -60.84572    -0.01     -0.27     0.27     1 
2280792234  -27.22379    -60.78093     0.28     -0.28     0.40     1 
2280792235  -27.22327    -60.74854    -0.21     -0.11     0.23     1 
2280792239  -27.22113    -60.61897    -0.09     -0.16     0.18     1 
2280792240  -27.22058    -60.58658    -0.02     -0.14     0.14     1 
2280792242  -27.21945    -60.52181     0.03     -0.23     0.24     1 
2280792260  -27.26541    -62.36888     0.13      0.25     0.28     1 
2280792266  -27.26440    -62.17431     0.25     -0.36     0.44     1 
2280792268  -27.26400    -62.10946    -0.04     -0.12     0.13     1 
2280792271  -27.26335    -62.01218    -0.23      0.08     0.25     1 
2280792273  -27.26287    -61.94733    -0.16     -0.38     0.41     1 
2280792283  -27.26006    -61.62311    -0.00     -0.00     0.00     1 
2280792290  -27.25764    -61.39619     0.02     -0.16     0.16     1 
2280792292  -27.25689    -61.33136     0.18      0.07     0.19     1 
2280792294  -27.25610    -61.26654     0.04     -0.09     0.10     1 
2280792301  -27.25310    -61.03966     0.09     -0.37     0.39     1 
2280792302  -27.25265    -61.00726    -0.07     -0.32     0.33     1 
2280792303  -27.25218    -60.97485    -0.30     -0.17     0.34     1 
2280792304  -27.25171    -60.94244    -0.15     -0.13     0.20     1 
2280792308  -27.24974    -60.81283     0.06     -0.17     0.18     1 
2280792310  -27.24871    -60.74802    -0.10     -0.33     0.35     1 
2280792311  -27.24819    -60.71563    -0.06     -0.33     0.34     1 
2280792314  -27.24657    -60.61843    -0.26     -0.36     0.45     1 
2280792315  -27.24601    -60.58604    -0.33     -0.45     0.56     2 
2280792316  -27.24545    -60.55364     0.15     -0.45     0.47     1 
2280792317  -27.24488    -60.52125    -0.04     -0.33     0.34     1 
2280792334  -27.29101    -62.40117     0.01     -0.24     0.24     1 
2280792335  -27.29087    -62.36873     0.01      0.22     0.22     1 
2280792341  -27.28985    -62.17412     0.44     -0.02     0.44     1 
2280792346  -27.28880    -62.01196     0.04      0.02     0.04     1 
2280792347  -27.28857    -61.97953     0.01     -0.16     0.16     1 
2280792348  -27.28833    -61.94709    -0.09     -0.29     0.30     1 
2280792352  -27.28729    -61.81737    -0.12     -0.12     0.17     1 
2280792356  -27.28614    -61.68765    -0.06      0.24     0.25     1 
2280792357  -27.28583    -61.65523     0.17     -0.04     0.18     1 
2280792358  -27.28551    -61.62280     0.12      0.12     0.17     1 
2280792364  -27.28346    -61.42825     0.01      0.18     0.18     1 
2280792367  -27.28233    -61.33098    -0.04     -0.10     0.10     1 
2280792368  -27.28194    -61.29856     0.13     -0.26     0.29     1 
2280792369  -27.28155    -61.26614    -0.01     -0.42     0.42     1 
2280792372  -27.28031    -61.16888    -0.11     -0.10     0.15     1 
2280792375  -27.27900    -61.07163    -0.02     -0.05     0.05     1 
2280792376  -27.27855    -61.03922    -0.10     -0.11     0.15     1 
2280792377  -27.27809    -61.00680    -0.03      0.05     0.06     1 
2280792378  -27.27762    -60.97439     0.14      0.10     0.17     1 
2280792379  -27.27715    -60.94197     0.12      0.25     0.28     1 
2280792380  -27.27667    -60.90956     0.46     -0.26     0.53     2 
2280792381  -27.27618    -60.87715    -0.07     -0.36     0.37     1 
2280792382  -27.27569    -60.84474     0.05     -0.41     0.41     1 
2280792383  -27.27518    -60.81233    -0.06     -0.28     0.29     1 
2280792384  -27.27467    -60.77992    -0.13     -0.51     0.53     2 
2280792385  -27.27415    -60.74751    -0.07     -0.31     0.31     1 
2280792386  -27.27363    -60.71511    -0.02     -0.18     0.18     1 
2280792388  -27.27255    -60.65029    -0.08     -0.20     0.21     1 
2280792389  -27.27201    -60.61789    -0.14     -0.54     0.56     2 
2280792390  -27.27145    -60.58548    -0.09     -0.16     0.18     1 
2280792391  -27.27089    -60.55308    -0.31     -0.33     0.45     1 
2280792392  -27.27032    -60.52068    -0.04     -0.31     0.31     1 
2280792411  -27.31618    -62.33615    -0.29      0.21     0.36     1 
2280792414  -27.31568    -62.23882     0.09     -0.53     0.54     2 
2280792421  -27.31426    -62.01173     0.13      0.03     0.13     1 
2280792425  -27.31328    -61.88198    -0.19     -0.18     0.26     1 
2280792429  -27.31218    -61.75223    -0.29     -0.30     0.42     1 
2280792432  -27.31128    -61.65492    -0.09     -0.12     0.15     1 
2280792434  -27.31064    -61.59005    -0.09     -0.05     0.10     1 
2280792435  -27.31031    -61.55762    -0.05     -0.07     0.08     1 
2280792438  -27.30927    -61.46032     0.11     -0.07     0.14     1 
2280792440  -27.30854    -61.39546     0.28     -0.15     0.32     1 
2280792442  -27.30778    -61.33060    -0.04     -0.09     0.09     1 
2280792443  -27.30739    -61.29817    -0.03      0.08     0.08     1 
2280792444  -27.30699    -61.26575    -0.01     -0.02     0.02     1 
2280792445  -27.30659    -61.23332     0.27     -0.20     0.34     1 
2280792446  -27.30617    -61.20089    -0.14      0.00     0.14     1 
2280792451  -27.30399    -61.03877    -0.30     -0.12     0.33     1 
2280792453  -27.30307    -60.97393    -0.26     -0.12     0.29     1 
2280792454  -27.30259    -60.94150     0.02     -0.29     0.30     1 
2280792455  -27.30211    -60.90909    -0.00      0.08     0.08     1 
2280792456  -27.30162    -60.87667     0.32     -0.06     0.33     1 
2280792457  -27.30113    -60.84425    -0.20     -0.33     0.39     1 
2280792458  -27.30062    -60.81183     0.07     -0.09     0.11     1 
2280792459  -27.30011    -60.77942    -0.02      0.01     0.02     1 
2280792461  -27.29907    -60.71458    -0.02     -0.26     0.27     1 
2280792462  -27.29853    -60.68217    -0.01     -0.17     0.17     1 
2280792463  -27.29799    -60.64976     0.01     -0.54     0.54     2 
2280792464  -27.29744    -60.61735     0.06     -0.23     0.24     1 
2280792465  -27.29689    -60.58494     0.05     -0.37     0.37     1 
2280792495  -27.33994    -62.04395    -0.01      0.01     0.02     1 
2280792496  -27.33971    -62.01151     0.07     -0.01     0.07     1 
2280792506  -27.33704    -61.68706    -0.24     -0.02     0.24     1 
2280792516  -27.33362    -61.36266    -0.02     -0.06     0.06     1 
2280792518  -27.33284    -61.29778    -0.19     -0.27     0.33     1 
2280792519  -27.33244    -61.26535    -0.11     -0.16     0.20     1 
2280792520  -27.33203    -61.23291     0.06      0.23     0.24     1 
2280792521  -27.33162    -61.20048     0.20     -0.08     0.22     1 
2280792522  -27.33120    -61.16805     0.17     -0.47     0.50     2 
2280792527  -27.32898    -61.00589     0.06     -0.20     0.21     1 
2280792528  -27.32851    -60.97346    -0.11     -0.12     0.16     1 
2280792529  -27.32804    -60.94103     0.21     -0.14     0.25     1 
2280792530  -27.32756    -60.90861    -0.11      0.08     0.14     1 
2280792531  -27.32707    -60.87618    -0.28     -0.25     0.37     1 
2280792532  -27.32657    -60.84376     0.18     -0.31     0.36     1 
2280792535  -27.32503    -60.74648     0.14     -0.25     0.29     1 
2280792536  -27.32451    -60.71406     0.18     -0.27     0.32     1 
2280792537  -27.32397    -60.68164    -0.17     -0.24     0.29     1 
2280792538  -27.32343    -60.64922     0.17     -0.32     0.37     1 
2280792539  -27.32288    -60.61680     0.02     -0.12     0.12     1 
2280792540  -27.32232    -60.58438     0.04     -0.27     0.27     1 
2280792542  -27.32119    -60.51955     0.10     -0.56     0.57     2 
2280792567  -27.36603    -62.14110     0.02      0.14     0.14     1 
2280792568  -27.36583    -62.10865    -0.03     -0.07     0.08     1 
2280792570  -27.36540    -62.04373    -0.02      0.05     0.05     1 
2280792571  -27.36517    -62.01128     0.03      0.06     0.07     1 
2280792572  -27.36494    -61.97883    -0.21      0.16     0.26     1 
2280792576  -27.36393    -61.84901    -0.05      0.46     0.46     1 
2280792582  -27.36219    -61.65431     0.45     -0.20     0.49     1 
2280792585  -27.36121    -61.55696    -0.05     -0.06     0.08     1 
2280792586  -27.36087    -61.52451    -0.03     -0.08     0.08     1 
2280792589  -27.35981    -61.42717     0.02      0.04     0.05     1 
2280792590  -27.35944    -61.39473     0.14      0.06     0.16     1 
2280792591  -27.35906    -61.36228    -0.01     -0.06     0.06     1 
2280792593  -27.35829    -61.29740    -0.07     -0.02     0.07     1 
2280792594  -27.35789    -61.26495    -0.05     -0.06     0.07     1 
2280792595  -27.35748    -61.23251    -0.17      0.21     0.27     1 
2280792596  -27.35707    -61.20007    -0.17      0.23     0.29     1 
2280792597  -27.35665    -61.16763    -0.11     -0.07     0.13     1 
2280792598  -27.35621    -61.13519    -0.45     -0.40     0.60     2 
2280792602  -27.35442    -61.00544    -0.02     -0.09     0.09     1 
2280792603  -27.35395    -60.97300    -0.21     -0.11     0.24     1 
2280792604  -27.35348    -60.94056     0.35     -0.04     0.35     1 
2280792605  -27.35300    -60.90813     0.15     -0.03     0.16     1 
2280792606  -27.35251    -60.87570    -0.16     -0.17     0.23     1 
2280792607  -27.35201    -60.84326     0.07     -0.13     0.15     1 
2280792608  -27.35150    -60.81083     0.01     -0.18     0.18     1 
2280792609  -27.35099    -60.77840     0.19     -0.22     0.29     1 
2280792610  -27.35047    -60.74597     0.10     -0.28     0.29     1 
2280792612  -27.34941    -60.68111    -0.13     -0.31     0.34     1 
2280792613  -27.34887    -60.64868    -0.34     -0.11     0.36     1 
2280792642  -27.39148    -62.14090     0.10      0.08     0.13     1 
2280792643  -27.39128    -62.10844    -0.00      0.20     0.20     1 
2280792646  -27.39062    -62.01105    -0.21     -0.53     0.57     2 
2280792653  -27.38883    -61.78383     0.07      0.20     0.21     1 
2280792654  -27.38854    -61.75137     0.15      0.01     0.15     1 
2280792658  -27.38732    -61.62154     0.07      0.06     0.10     1 
2280792665  -27.38489    -61.39436    -0.03      0.18     0.18     1 
2280792668  -27.38374    -61.29701    -0.01     -0.32     0.32     1 
2280792669  -27.38334    -61.26456     0.02      0.02     0.03     1 
2280792670  -27.38293    -61.23211     0.17     -0.14     0.22     1 
2280792671  -27.38251    -61.19966    -0.09     -0.10     0.13     1 
2280792673  -27.38166    -61.13476     0.13      0.11     0.17     1 
2280792676  -27.38033    -61.03742    -0.14     -0.33     0.36     1 
2280792678  -27.37940    -60.97254    -0.07     -0.08     0.11     1 
2280792681  -27.37795    -60.87521     0.04     -0.27     0.27     1 
2280792682  -27.37745    -60.84277     0.08     -0.22     0.23     1 
2280792683  -27.37695    -60.81033    -0.12     -0.24     0.27     1 
2280792684  -27.37643    -60.77789     0.15     -0.24     0.28     1 
2280792685  -27.37591    -60.74545     0.03     -0.25     0.26     1 
2280792686  -27.37539    -60.71302    -0.02     -0.17     0.18     1 
2280792687  -27.37485    -60.68058     0.05     -0.34     0.34     1 
2280792688  -27.37431    -60.64815    -0.09     -0.20     0.22     1 
2280792689  -27.37375    -60.61571    -0.09     -0.34     0.35     1 
2280792691  -27.37263    -60.55085    -0.02     -0.38     0.38     1 
2280792712  -27.41785    -62.30307    -0.29      0.15     0.33     1 
2280792713  -27.41768    -62.27059     0.08      0.06     0.10     1 
2280792715  -27.41733    -62.20565     0.22      0.07     0.23     1 
2280792716  -27.41714    -62.17318     0.07     -0.01     0.07     1 
2280792717  -27.41694    -62.14071     0.10      0.03     0.10     1 
2280792718  -27.41674    -62.10824     0.01      0.10     0.10     1 
2280792724  -27.41536    -61.91342     0.19      0.09     0.21     1 
2280792732  -27.41309    -61.65369    -0.08      0.08     0.11     1 
2280792733  -27.41277    -61.62123     0.13      0.11     0.17     1 
2280792736  -27.41177    -61.52384    -0.34      0.25     0.42     1 
2280792738  -27.41107    -61.45891    -0.09      0.16     0.18     1 
2280792744  -27.40878    -61.26416    -0.04      0.17     0.17     1 
2280792745  -27.40838    -61.23170    -0.05     -0.07     0.08     1 
2280792746  -27.40796    -61.19924     0.13     -0.04     0.14     1 
2280792747  -27.40754    -61.16679    -0.01      0.07     0.07     1 
2280792748  -27.40711    -61.13434     0.02     -0.02     0.03     1 
2280792750  -27.40622    -61.06943     0.17     -0.18     0.25     1 
2280792753  -27.40484    -60.97207     0.05      0.00     0.05     1 
2280792754  -27.40436    -60.93962    -0.26     -0.11     0.29     1 
2280792755  -27.40388    -60.90717     0.04     -0.20     0.20     1 
2280792757  -27.40289    -60.84228    -0.13     -0.23     0.27     1 
2280792759  -27.40187    -60.77738     0.17     -0.24     0.29     1 
2280792760  -27.40135    -60.74494    -0.07     -0.09     0.12     1 
2280792762  -27.40029    -60.68005    -0.09     -0.17     0.19     1 
2280792763  -27.39974    -60.64761     0.22     -0.22     0.31     1 
2280792764  -27.39919    -60.61517    -0.12     -0.33     0.35     1 
2280792765  -27.39863    -60.58273     0.01     -0.25     0.25     1 
2280792766  -27.39807    -60.55029    -0.11     -0.25     0.27     1 
2280792783  -27.44389    -62.43283    -0.01      0.49     0.49     1 
2280792784  -27.44376    -62.40035    -0.49     -0.12     0.50     2 
2280792785  -27.44361    -62.36787    -0.17      0.04     0.18     1 
2280792789  -27.44296    -62.23795     0.09      0.18     0.20     1 
2280792790  -27.44278    -62.20547     0.10      0.06     0.11     1 
2280792791  -27.44259    -62.17299     0.11      0.12     0.17     1 
2280792796  -27.44154    -62.01060    -0.38     -0.00     0.38     1 
2280792800  -27.44055    -61.88070     0.16      0.08     0.18     1 
2280792807  -27.43854    -61.65338    -0.20     -0.10     0.22     1 
2280792811  -27.43723    -61.52350     0.03      0.12     0.12     1 
2280792819  -27.43423    -61.26376    -0.14     -0.07     0.15     1 
2280792820  -27.43382    -61.23130     0.04     -0.20     0.20     1 
2280792824  -27.43211    -61.10145    -0.04      0.00     0.04     1 
2280792825  -27.43167    -61.06898    -0.05     -0.17     0.18     1 
2280792828  -27.43028    -60.97161     0.02     -0.04     0.04     1 
2280792829  -27.42981    -60.93915    -0.25     -0.04     0.25     1 
2280792831  -27.42883    -60.87424     0.08     -0.02     0.09     1 
2280792832  -27.42833    -60.84178    -0.04     -0.09     0.10     1 
2280792834  -27.42731    -60.77687    -0.05     -0.20     0.21     1 
2280792835  -27.42679    -60.74442    -0.03     -0.15     0.15     1 
2280792836  -27.42626    -60.71197    -0.10     -0.33     0.34     1 
2280792837  -27.42572    -60.67952    -0.11     -0.33     0.34     1 
2280792838  -27.42518    -60.64707    -0.12     -0.38     0.40     1 
2280792839  -27.42463    -60.61462    -0.10     -0.30     0.31     1 
2280792840  -27.42407    -60.58217     0.17     -0.41     0.45     1 
2280792841  -27.42350    -60.54973     0.02     -0.22     0.22     1 
2280792860  -27.46907    -62.36772     0.25      0.09     0.26     1 
2280792862  -27.46876    -62.30275    -0.05      0.30     0.30     1 
2280792863  -27.46860    -62.27026     0.12      0.15     0.20     1 
2280792864  -27.46842    -62.23777     0.13      0.05     0.14     1 
2280792865  -27.46824    -62.20529     0.13      0.07     0.15     1 
2280792869  -27.46744    -62.07534    -0.10      0.11     0.15     1 
2280792873  -27.46651    -61.94541     0.00      0.01     0.01     1 
2280792874  -27.46626    -61.91292    -0.03     -0.38     0.38     1 
2280792881  -27.46430    -61.68555    -0.03      0.04     0.06     1 
2280792882  -27.46399    -61.65307     0.15      0.03     0.16     1 
2280792883  -27.46367    -61.62059     0.05     -0.32     0.32     1 
2280792885  -27.46302    -61.55564     0.04      0.08     0.09     1 
2280792886  -27.46268    -61.52316     0.18      0.05     0.19     1 
2280792889  -27.46161    -61.42573     0.27     -0.00     0.27     1 
2280792891  -27.46086    -61.36078     0.03     -0.05     0.05     1 
2280792892  -27.46047    -61.32831     0.13     -0.02     0.14     1 
2280792895  -27.45927    -61.23089     0.14      0.11     0.18     1 
2280792899  -27.45756    -61.10101     0.15      0.09     0.18     1 
2280792901  -27.45666    -61.03607    -0.01     -0.07     0.07     1 
2280792903  -27.45573    -60.97114    -0.00      0.20     0.20     1 
2280792904  -27.45525    -60.93868    -0.07     -0.08     0.11     1 
2280792905  -27.45477    -60.90621    -0.03     -0.35     0.35     1 
2280792906  -27.45427    -60.87375    -0.11     -0.13     0.17     1 
2280792907  -27.45377    -60.84129     0.13     -0.26     0.30     1 
2280792908  -27.45327    -60.80882     0.02     -0.31     0.31     1 
2280792909  -27.45275    -60.77636     0.18     -0.05     0.19     1 
2280792910  -27.45223    -60.74390    -0.01     -0.05     0.05     1 
2280792912  -27.45116    -60.67899     0.06     -0.32     0.33     1 
2280792913  -27.45062    -60.64653     0.04     -0.41     0.41     1 
2280792914  -27.45007    -60.61407    -0.08     -0.26     0.28     1 
2280792915  -27.44951    -60.58162     0.09     -0.15     0.18     1 
2280792938  -27.49405    -62.27009     0.12     -0.12     0.17     1 
2280792941  -27.49351    -62.17261     0.11      0.09     0.14     1 
2280792956  -27.48976    -61.68525     0.20      0.02     0.20     1 
2280792957  -27.48944    -61.65276     0.07      0.14     0.16     1 
2280792962  -27.48778    -61.49034     0.01      0.24     0.24     1 
2280792966  -27.48631    -61.36040     0.12      0.12     0.17     1 
2280792967  -27.48592    -61.32792     0.10      0.13     0.16     1 
2280792970  -27.48472    -61.23048     0.30      0.26     0.40     1 
2280792973  -27.48344    -61.13305    -0.09      0.05     0.10     1 
2280792978  -27.48117    -60.97068     0.17     -0.06     0.18     1 
2280792980  -27.48021    -60.90573     0.35     -0.40     0.53     2 
2280792981  -27.47971    -60.87326     0.05     -0.11     0.12     1 
2280792982  -27.47921    -60.84079    -0.18     -0.16     0.25     1 
2280792984  -27.47819    -60.77585    -0.10     -0.32     0.33     1 
2280792985  -27.47767    -60.74339     0.01     -0.21     0.21     1 
2280792986  -27.47714    -60.71092     0.03     -0.15     0.15     1 
2280792987  -27.47660    -60.67845     0.05     -0.30     0.31     1 
2280792988  -27.47606    -60.64599    -0.01     -0.26     0.26     1 
2280792989  -27.47550    -60.61353     0.01     -0.18     0.18     1 
2280792990  -27.47494    -60.58106     0.05     -0.25     0.26     1 
2280793016  -27.51896    -62.17242     0.03      0.01     0.03     1 
2280793017  -27.51877    -62.13992     0.05      0.05     0.07     1 
2280793024  -27.51717    -61.91242     0.02      0.05     0.06     1 
2280793028  -27.51609    -61.78243     0.07     -0.22     0.23     1 
2280793030  -27.51551    -61.71744    -0.05      0.06     0.08     1 
2280793031  -27.51521    -61.68495     0.29      0.27     0.40     1 
2280793032  -27.51490    -61.65245     0.06      0.27     0.27     1 
2280793040  -27.51214    -61.39252    -0.06      0.39     0.40     1 
2280793047  -27.50932    -61.16510    -0.05      0.08     0.10     1 
2280793048  -27.50889    -61.13262    -0.02     -0.33     0.33     1 
2280793050  -27.50800    -61.06765    -0.05     -0.06     0.08     1 
2280793051  -27.50755    -61.03517    -0.03     -0.21     0.22     1 
2280793052  -27.50708    -61.00269    -0.00      0.06     0.06     1 
2280793053  -27.50661    -60.97021    -0.00      0.13     0.13     1 
2280793054  -27.50614    -60.93773    -0.04     -0.16     0.16     1 
2280793055  -27.50565    -60.90525     0.27     -0.02     0.27     1 
2280793056  -27.50516    -60.87277    -0.03      0.04     0.05     1 
2280793058  -27.50415    -60.80782    -0.05      0.02     0.05     1 
2280793061  -27.50258    -60.71039    -0.05     -0.08     0.09     1 
2280793062  -27.50204    -60.67792     0.03     -0.14     0.14     1 
2280793063  -27.50149    -60.64545     0.01     -0.33     0.33     1 
2280793064  -27.50094    -60.61298     0.00     -0.21     0.21     1 
2280793065  -27.50038    -60.58051     0.04     -0.27     0.28     1 
2280793106  -27.54066    -61.68464    -0.08      0.15     0.17     1 
2280793107  -27.54035    -61.65214     0.19      0.28     0.34     1 
2280793112  -27.53868    -61.48964    -0.06      0.08     0.10     1 
2280793113  -27.53832    -61.45714     0.04      0.14     0.15     1 
2280793115  -27.53758    -61.39215     0.08      0.13     0.15     1 
2280793116  -27.53720    -61.35965    -0.03     -0.34     0.34     1 
2280793119  -27.53602    -61.26216     0.38      0.24     0.45     1 
2280793122  -27.53477    -61.16468     0.03      0.39     0.39     1 
2280793123  -27.53433    -61.13219     0.10      0.24     0.26     1 
2280793124  -27.53389    -61.09970    -0.01      0.49     0.49     1 
2280793125  -27.53345    -61.06721     0.13      0.10     0.17     1 
2280793126  -27.53299    -61.03472     0.11     -0.03     0.11     1 
2280793127  -27.53253    -61.00223     0.04     -0.11     0.12     1 
2280793128  -27.53205    -60.96974     0.13     -0.09     0.16     1 
2280793129  -27.53158    -60.93725     0.05     -0.02     0.05     1 
2280793134  -27.52907    -60.77483     0.08     -0.16     0.18     1 
2280793135  -27.52855    -60.74235     0.07     -0.07     0.10     1 
2280793136  -27.52802    -60.70987    -0.11     -0.13     0.18     1 
2280793137  -27.52748    -60.67739     0.09     -0.00     0.09     1 
2280793138  -27.52693    -60.64491    -0.01     -0.10     0.10     1 
2280793139  -27.52638    -60.61243     0.02     -0.22     0.23     1 
2280793140  -27.52582    -60.57995    -0.04     -0.25     0.26     1 
2280793157  -27.57131    -62.46469    -0.11      0.51     0.52     2 
2280793161  -27.57075    -62.33462     0.06      0.47     0.47     1 
2280793166  -27.56987    -62.17204     0.19     -0.05     0.20     1 
2280793170  -27.56904    -62.04198     0.10      0.08     0.13     1 
2280793171  -27.56881    -62.00946    -0.08      0.16     0.18     1 
2280793176  -27.56756    -61.84690    -0.16      0.13     0.20     1 
2280793180  -27.56642    -61.71685     0.07      0.06     0.09     1 
2280793181  -27.56611    -61.68434    -0.06      0.09     0.11     1 
2280793183  -27.56548    -61.61932    -0.06      0.01     0.06     1 
2280793185  -27.56482    -61.55430     0.02      0.01     0.02     1 
2280793186  -27.56448    -61.52180     0.22      0.15     0.26     1 
2280793187  -27.56413    -61.48929     0.16      0.34     0.38     1 
2280793188  -27.56377    -61.45678     0.22      0.30     0.37     1 
2280793190  -27.56303    -61.39178     0.06      0.13     0.14     1 
2280793191  -27.56265    -61.35927     0.12      0.18     0.22     1 
2280793192  -27.56227    -61.32677     0.10      0.01     0.10     1 
2280793194  -27.56147    -61.26176     0.24      0.27     0.36     1 
2280793200  -27.55889    -61.06676     0.00      0.07     0.07     1 
2280793202  -27.55797    -61.00177     0.04      0.17     0.17     1 
2280793203  -27.55750    -60.96927     0.17     -0.06     0.18     1 
2280793204  -27.55702    -60.93678    -0.05      0.04     0.06     1 
2280793205  -27.55653    -60.90429     0.09      0.04     0.10     1 
2280793208  -27.55503    -60.80681    -0.01     -0.17     0.17     1 
2280793210  -27.55399    -60.74183    -0.04     -0.21     0.21     1 
2280793211  -27.55345    -60.70934     0.04     -0.13     0.14     1 
2280793212  -27.55291    -60.67685     0.13     -0.14     0.19     1 
2280793213  -27.55237    -60.64436     0.06     -0.11     0.12     1 
2280793214  -27.55181    -60.61188     0.02     -0.09     0.10     1 
2280793215  -27.55125    -60.57939     0.11     -0.12     0.16     1 
2280793235  -27.59636    -62.36699     0.08      0.13     0.15     1 
2280793245  -27.59449    -62.04175    -0.14      0.08     0.16     1 
2280793248  -27.59379    -61.94419     0.25      0.00     0.25     1 
2280793249  -27.59353    -61.91167    -0.08      0.25     0.27     1 
2280793250  -27.59328    -61.87915     0.17     -0.58     0.60     2 
2280793252  -27.59274    -61.81411     0.13      0.32     0.34     1 
2280793253  -27.59245    -61.78159     0.24      0.10     0.26     1 
2280793256  -27.59156    -61.68404     0.06      0.11     0.12     1 
2280793257  -27.59125    -61.65152    -0.05      0.35     0.35     1 
2280793260  -27.59027    -61.55397    -0.05      0.14     0.15     1 
2280793261  -27.58993    -61.52146     0.00      0.20     0.20     1 
2280793262  -27.58958    -61.48894    -0.06      0.01     0.06     1 
2280793267  -27.58771    -61.32638    -0.05      0.03     0.06     1 
2280793273  -27.58522    -61.13133    -0.08     -0.16     0.18     1 
2280793275  -27.58433    -61.06632     0.03      0.03     0.04     1 
2280793276  -27.58388    -61.03381    -0.04      0.27     0.28     1 
2280793277  -27.58341    -61.00131     0.06     -0.09     0.11     1 
2280793278  -27.58294    -60.96881     0.26     -0.15     0.30     1 
2280793279  -27.58246    -60.93630     0.24     -0.07     0.25     1 
2280793280  -27.58197    -60.90380    -0.02      0.01     0.02     1 
2280793281  -27.58148    -60.87130     0.03     -0.04     0.05     1 
2280793282  -27.58098    -60.83880     0.07     -0.07     0.10     1 
2280793284  -27.57995    -60.77380    -0.08     -0.10     0.13     1 
2280793285  -27.57943    -60.74131    -0.15      0.01     0.15     1 
2280793287  -27.57835    -60.67631    -0.02     -0.24     0.24     1 
2280793310  -27.62181    -62.36685     0.02      0.13     0.13     1 
2280793314  -27.62116    -62.23672     0.10      0.14     0.17     1 
2280793316  -27.62079    -62.17165     0.07      0.02     0.07     1 
2280793324  -27.61899    -61.91142     0.28      0.12     0.30     1 
2280793331  -27.61701    -61.68373    -0.15      0.03     0.15     1 
2280793334  -27.61605    -61.58616     0.08      0.18     0.20     1 
2280793335  -27.61572    -61.55364     0.14      0.05     0.15     1 
2280793336  -27.61538    -61.52112     0.10      0.10     0.14     1 
2280793337  -27.61503    -61.48859    -0.01     -0.01     0.02     1 
2280793343  -27.61276    -61.29348    -0.10      0.02     0.10     1 
2280793349  -27.61023    -61.09838    -0.09      0.17     0.19     1 
2280793351  -27.60932    -61.03336     0.19      0.05     0.20     1 
2280793352  -27.60885    -61.00085     0.08     -0.12     0.14     1 
2280793353  -27.60838    -60.96834     0.04     -0.05     0.07     1 
2280793354  -27.60790    -60.93583     0.00     -0.05     0.05     1 
2280793355  -27.60741    -60.90332    -0.04      0.01     0.04     1 
2280793358  -27.60591    -60.80580    -0.06     -0.03     0.07     1 
2280793359  -27.60539    -60.77329    -0.08     -0.04     0.09     1 
2280793360  -27.60486    -60.74078    -0.06      0.02     0.06     1 
2280793361  -27.60433    -60.70828     0.03      0.02     0.04     1 
2280793362  -27.60379    -60.67578     0.03     -0.13     0.13     1 
2280793363  -27.60324    -60.64328     0.04     -0.10     0.11     1 
2280793383  -27.64755    -62.43178    -0.02      0.03     0.04     1 
2280793384  -27.64742    -62.39924    -0.04      0.19     0.20     1 
2280793385  -27.64727    -62.36670    -0.03      0.05     0.06     1 
2280793387  -27.64696    -62.30162     0.17      0.03     0.17     1 
2280793388  -27.64679    -62.26908     0.03      0.12     0.12     1 
2280793389  -27.64662    -62.23654     0.03      0.06     0.07     1 
2280793392  -27.64604    -62.13892    -0.02      0.25     0.25     1 
2280793394  -27.64562    -62.07385     0.08     -0.09     0.12     1 
2280793406  -27.64247    -61.68343     0.15      0.15     0.22     1 
2280793411  -27.64083    -61.52077     0.05      0.17     0.17     1 
2280793412  -27.64048    -61.48824     0.14      0.27     0.31     1 
2280793413  -27.64012    -61.45571     0.14      0.13     0.18     1 
2280793414  -27.63975    -61.42319    -0.09      0.23     0.25     1 
2280793418  -27.63821    -61.29308    -0.11      0.15     0.19     1 
2280793419  -27.63781    -61.26056     0.34      0.23     0.41     1 
2280793424  -27.63567    -61.09794     0.02     -0.15     0.15     1 
2280793425  -27.63522    -61.06542    -0.08      0.12     0.14     1 
2280793427  -27.63430    -61.00038     0.01      0.04     0.04     1 
2280793428  -27.63383    -60.96787     0.07      0.09     0.11     1 
2280793429  -27.63334    -60.93535     0.04     -0.05     0.06     1 
2280793430  -27.63286    -60.90283    -0.04      0.05     0.07     1 
2280793431  -27.63236    -60.87032     0.03     -0.07     0.08     1 
2280793432  -27.63186    -60.83780    -0.24     -0.01     0.24     1 
2280793433  -27.63135    -60.80529     0.03     -0.09     0.09     1 
2280793434  -27.63083    -60.77277     0.17     -0.12     0.21     1 
2280793436  -27.62977    -60.70775    -0.00     -0.11     0.11     1 
2280793437  -27.62923    -60.67524    -0.17     -0.46     0.49     1 
2280793438  -27.62868    -60.64273     0.13     -0.23     0.27     1 
2280793439  -27.62812    -60.61022     0.05     -0.14     0.15     1 
2280793457  -27.67314    -62.46420     0.06     -0.28     0.29     1 
2280793458  -27.67301    -62.43165     0.04      0.12     0.13     1 
2280793461  -27.67257    -62.33400     0.03      0.08     0.09     1 
2280793463  -27.67225    -62.26891     0.11      0.21     0.24     1 
2280793467  -27.67150    -62.13873     0.09      0.08     0.12     1 
2280793470  -27.67086    -62.04109    -0.06      0.20     0.21     1 
2280793481  -27.66792    -61.68312    -0.18      0.02     0.18     1 
2280793482  -27.66761    -61.65058    -0.19      0.40     0.44     1 
2280793492  -27.66405    -61.32522     0.01     -0.10     0.10     1 
2280793494  -27.66325    -61.26015    -0.01      0.19     0.19     1 
2280793498  -27.66156    -61.13003     0.14      0.09     0.17     1 
2280793499  -27.66111    -61.09750     0.14      0.18     0.23     1 
2280793503  -27.65927    -60.96740     0.17     -0.03     0.17     1 
2280793505  -27.65830    -60.90235     0.11      0.09     0.14     1 
2280793506  -27.65780    -60.86982     0.09     -0.01     0.09     1 
2280793508  -27.65679    -60.80478     0.08     -0.08     0.11     1 
2280793509  -27.65627    -60.77226     0.09      0.07     0.12     1 
2280793510  -27.65574    -60.73974     0.01      0.12     0.12     1 
2280793514  -27.65356    -60.60967     0.14     -0.17     0.22     1 
2280793532  -27.69860    -62.46407    -0.23      0.08     0.25     1 
2280793535  -27.69818    -62.36641     0.20      0.19     0.27     1 
2280793536  -27.69803    -62.33385     0.15      0.11     0.19     1 
2280793541  -27.69715    -62.17108     0.15     -0.00     0.15     1 
2280793542  -27.69695    -62.13853    -0.07      0.06     0.10     1 
2280793552  -27.69455    -61.81301     0.02      0.24     0.24     1 
2280793565  -27.69027    -61.38991     0.12      0.06     0.13     1 
2280793566  -27.68989    -61.35737     0.01     -0.05     0.05     1 
2280793568  -27.68910    -61.29229     0.07      0.03     0.07     1 
2280793569  -27.68870    -61.25975     0.16      0.18     0.25     1 
2280793572  -27.68744    -61.16213     0.06      0.12     0.13     1 
2280793574  -27.68656    -61.09706     0.02      0.27     0.27     1 
2280793576  -27.68565    -61.03199    -0.23     -0.15     0.27     1 
2280793578  -27.68471    -60.96692     0.24      0.10     0.25     1 
2280793579  -27.68423    -60.93439    -0.09     -0.00     0.09     1 
2280793581  -27.68324    -60.86933     0.08     -0.00     0.08     1 
2280793582  -27.68274    -60.83680     0.03      0.03     0.04     1 
2280793583  -27.68223    -60.80427     0.09     -0.12     0.15     1 
2280793585  -27.68118    -60.73922    -0.32     -0.18     0.36     1 
2280793586  -27.68064    -60.70669     0.12     -0.13     0.18     1 
2280793587  -27.68010    -60.67416     0.10     -0.15     0.18     1 
2280793589  -27.67899    -60.60912     0.15     -0.12     0.19     1 
2280793606  -27.72418    -62.49651    -0.08      0.11     0.14     1 
2280793607  -27.72405    -62.46395    -0.16     -0.30     0.34     1 
2280793611  -27.72349    -62.33370     0.08      0.04     0.09     1 
2280793613  -27.72316    -62.26857    -0.21      0.02     0.21     1 
2280793618  -27.72220    -62.10576     0.39     -0.11     0.41     1 
2280793620  -27.72177    -62.04064    -0.12     -0.07     0.14     1 
2280793626  -27.72028    -61.84529     0.33      0.25     0.41     1 
2280793630  -27.71913    -61.71507     0.07      0.12     0.14     1 
2280793635  -27.71752    -61.55230    -0.01      0.01     0.01     1 
2280793641  -27.71534    -61.35699     0.51      0.27     0.58     2 
2280793642  -27.71495    -61.32444     0.07      0.12     0.13     1 
2280793643  -27.71455    -61.29189     0.00      0.20     0.20     1 
2280793646  -27.71331    -61.19425     0.02      0.16     0.16     1 
2280793648  -27.71245    -61.12916     0.14      0.08     0.16     1 
2280793649  -27.71200    -61.09662    -0.02     -0.06     0.06     1 
2280793651  -27.71109    -61.03153    -0.02      0.21     0.21     1 
2280793652  -27.71063    -60.99899    -0.01      0.06     0.07     1 
2280793653  -27.71015    -60.96645    -0.03      0.29     0.29     1 
2280793655  -27.70918    -60.90137     0.00      0.01     0.01     1 
2280793656  -27.70868    -60.86883     0.04      0.04     0.06     1 
2280793657  -27.70818    -60.83630     0.11      0.10     0.15     1 
2280793658  -27.70766    -60.80376     0.21      0.03     0.21     1 
2280793660  -27.70662    -60.73869     0.10     -0.03     0.10     1 
2280793662  -27.70554    -60.67362     0.15     -0.20     0.26     1 
2280793682  -27.74951    -62.46382     0.25      0.09     0.26     1 
2280793683  -27.74938    -62.43125     0.02     -0.25     0.25     1 
2280793686  -27.74894    -62.33354     0.27     -0.02     0.27     1 
2280793689  -27.74844    -62.23583    -0.06      0.10     0.11     1 
2280793692  -27.74786    -62.13813     0.23     -0.03     0.23     1 
2280793695  -27.74722    -62.04042     0.02      0.00     0.02     1 
2280793702  -27.74545    -61.81246    -0.08     -0.04     0.09     1 
2280793706  -27.74427    -61.68221    -0.15      0.18     0.24     1 
2280793710  -27.74297    -61.55196     0.07      0.09     0.11     1 
2280793717  -27.74040    -61.32405     0.24     -0.02     0.24     1 
2280793718  -27.74000    -61.29150     0.29      0.19     0.35     1 
2280793719  -27.73959    -61.25894     0.10      0.01     0.10     1 
2280793722  -27.73833    -61.16128     0.10      0.01     0.10     1 
2280793723  -27.73789    -61.12873     0.16      0.12     0.19     1 
2280793724  -27.73745    -61.09618    -0.09      0.14     0.16     1 
2280793725  -27.73700    -61.06363    -0.04      0.03     0.05     1 
2280793726  -27.73653    -61.03108    -0.01      0.26     0.26     1 
2280793727  -27.73607    -60.99853     0.11      0.09     0.14     1 
2280793728  -27.73559    -60.96598     0.20     -0.10     0.22     1 
2280793729  -27.73511    -60.93343     0.28      0.03     0.28     1 
2280793732  -27.73362    -60.83579     0.10      0.11     0.15     1 
2280793734  -27.73258    -60.77071     0.12     -0.04     0.13     1 
2280793736  -27.73152    -60.70562     0.24     -0.08     0.25     1 
2280793756  -27.77509    -62.49628    -0.07      0.10     0.12     1 
2280793758  -27.77484    -62.43112    -0.04     -0.03     0.05     1 
2280793762  -27.77424    -62.30081    -0.21      0.17     0.27     1 
2280793763  -27.77407    -62.26823     0.00     -0.21     0.21     1 
2280793767  -27.77332    -62.13792     0.38      0.37     0.53     2 
2280793768  -27.77311    -62.10535     0.34     -0.24     0.42     1 
2280793770  -27.77267    -62.04020     0.03     -0.51     0.51     2 
2280793771  -27.77245    -62.00762     0.14     -0.04     0.15     1 
2280793774  -27.77171    -61.90990     0.52      0.15     0.54     2 
2280793775  -27.77145    -61.87733    -0.00     -0.34     0.34     1 
2280793782  -27.76941    -61.64933     0.19      0.18     0.26     1 
2280793786  -27.76807    -61.51906    -0.18      0.15     0.23     1 
2280793790  -27.76662    -61.38879     0.08     -0.06     0.10     1 
2280793791  -27.76623    -61.35623     0.11      0.11     0.16     1 
2280793793  -27.76544    -61.29110     0.04     -0.04     0.06     1 
2280793794  -27.76504    -61.25854    -0.09     -0.02     0.09     1 
2280793797  -27.76377    -61.16085     0.21      0.11     0.24     1 
2280793798  -27.76334    -61.12830    -0.13      0.06     0.14     1 
2280793799  -27.76289    -61.09574     0.12      0.10     0.15     1 
2280793800  -27.76244    -61.06318     0.01      0.25     0.25     1 
2280793801  -27.76198    -61.03062    -0.05      0.31     0.31     1 
2280793802  -27.76151    -60.99806     0.06     -0.01     0.07     1 
2280793804  -27.76055    -60.93295     0.14      0.47     0.48     1 
2280793806  -27.75956    -60.86785     0.22     -0.06     0.23     1 
2280793807  -27.75906    -60.83529     0.06     -0.04     0.07     1 
2280793810  -27.75749    -60.73764    -0.03      0.04     0.05     1 
2280793830  -27.80066    -62.52875    -0.28      0.11     0.30     1 
2280793834  -27.80016    -62.39840     0.34     -0.09     0.35     1 
2280793837  -27.79969    -62.30065    -0.06     -0.10     0.12     1 
2280793842  -27.79877    -62.13772     0.14      0.17     0.22     1 
2280793843  -27.79857    -62.10514     0.02     -0.08     0.08     1 
2280793866  -27.79168    -61.35584    -0.04     -0.02     0.04     1 
2280793868  -27.79089    -61.29070    -0.02      0.12     0.12     1 
2280793870  -27.79007    -61.22556    -0.06     -0.08     0.10     1 
2280793871  -27.78965    -61.19299    -0.02      0.09     0.10     1 
2280793874  -27.78833    -61.09529     0.03      0.02     0.03     1 
2280793883  -27.78398    -60.80223     0.04     -0.03     0.05     1 
2280793884  -27.78346    -60.76967     0.34      0.10     0.36     1 
2280793886  -27.78239    -60.70456    -0.03     -0.26     0.26     1 
2280793907  -27.82588    -62.46345     0.25     -0.20     0.32     1 
2280793911  -27.82531    -62.33308    -0.20     -0.03     0.20     1 
2280793912  -27.82515    -62.30048     0.24     -0.33     0.41     1 
2280793913  -27.82498    -62.26789     0.14     -0.12     0.18     1 
2280793914  -27.82481    -62.23530    -0.47      0.03     0.47     1 
2280793916  -27.82443    -62.17011     0.11     -0.05     0.12     1 
2280793917  -27.82423    -62.13752    -0.02     -0.09     0.09     1 
2280793920  -27.82358    -62.03975     0.25     -0.03     0.25     1 
2280793922  -27.82312    -61.97457    -0.10      0.07     0.13     1 
2280793923  -27.82287    -61.94198     0.05      0.03     0.06     1 
2280793930  -27.82093    -61.71387     0.02      0.14     0.15     1 
2280793931  -27.82062    -61.68129     0.40      0.01     0.40     1 
2280793945  -27.81552    -61.22515     0.07      0.01     0.07     1 
2280793946  -27.81509    -61.19257     0.21     -0.03     0.21     1 
2280793948  -27.81422    -61.12742     0.03      0.08     0.09     1 
2280793949  -27.81378    -61.09485     0.06      0.02     0.06     1 
2280793954  -27.81143    -60.93199     0.04     -0.05     0.06     1 
2280793956  -27.81044    -60.86685     0.03     -0.15     0.15     1 
2280793957  -27.80994    -60.83428     0.11     -0.03     0.11     1 
2280793958  -27.80942    -60.80172     0.28     -0.24     0.37     1 
2280793959  -27.80890    -60.76915     0.14     -0.08     0.16     1 
2280793960  -27.80837    -60.73659     0.03     -0.09     0.10     1 
2280793961  -27.80783    -60.70402    -0.02     -0.02     0.03     1 
2280793962  -27.80729    -60.67146     0.15     -0.28     0.32     1 
2280793963  -27.80673    -60.63890     0.13     -0.23     0.27     1 
2280793985  -27.85092    -62.36552    -0.00     -0.17     0.17     1 
2280793986  -27.85077    -62.33292     0.03     -0.04     0.05     1 
2280793989  -27.85026    -62.23512     0.01     -0.46     0.46     1 
2280793990  -27.85008    -62.20252     0.10     -0.10     0.15     1 
2280793994  -27.84926    -62.07212     0.05     -0.09     0.10     1 
2280794006  -27.84608    -61.68098     0.04     -0.18     0.18     1 
2280794016  -27.84258    -61.35508     0.00      0.14     0.14     1 
2280794023  -27.83967    -61.12699     0.16     -0.04     0.16     1 
2280794024  -27.83922    -61.09440     0.02      0.02     0.02     1 
2280794026  -27.83831    -61.02924     0.18     -0.00     0.18     1 
2280794030  -27.83638    -60.89893     0.40      0.12     0.42     1 
2280794032  -27.83538    -60.83378     0.05     -0.09     0.10     1 
2280794034  -27.83434    -60.76863     0.07     -0.13     0.15     1 
2280794036  -27.83327    -60.70349     0.14     -0.22     0.26     1 
2280794037  -27.83272    -60.67092     0.02     -0.27     0.27     1 
2280794077  -27.87271    -61.81107     0.17      0.00     0.17     1 
2280794096  -27.86598    -61.19173     0.07      0.09     0.12     1 
2280794097  -27.86555    -61.15914    -0.05      0.03     0.06     1 
2280794098  -27.86511    -61.12655     0.06     -0.14     0.15     1 
2280794099  -27.86466    -61.09396    -0.15     -0.04     0.15     1 
2280794100  -27.86421    -61.06137     0.02     -0.03     0.04     1 
2280794102  -27.86328    -60.99620     0.15     -0.29     0.33     1 
2280794105  -27.86182    -60.89844    -0.26      0.26     0.36     1 
2280794107  -27.86081    -60.83327     0.00     -0.33     0.33     1 
2280794112  -27.85816    -60.67037     0.01     -0.09     0.09     1 
2280794130  -27.90249    -62.52831    -0.17     -0.25     0.30     1 
2280794134  -27.90198    -62.39784    -0.11      0.05     0.13     1 
2280794139  -27.90117    -62.23476     0.04     -0.43     0.43     1 
2280794172  -27.89100    -61.15871    -0.26     -0.03     0.26     1 
2280794183  -27.88574    -60.80018     0.01     -0.25     0.25     1 
2280794187  -27.88359    -60.66983     0.09     -0.16     0.18     1 
2280794204  -27.92805    -62.56082    -0.16      0.01     0.16     1 
2280794207  -27.92771    -62.46295    -0.08     -0.11     0.13     1 
2280794212  -27.92697    -62.29983    -0.06      0.07     0.10     1 
2280794214  -27.92663    -62.23458     0.06      0.03     0.07     1 
2280794216  -27.92625    -62.16934    -0.02     -0.22     0.23     1 
2280794221  -27.92517    -62.00623     0.04     -0.19     0.20     1 
2280794225  -27.92416    -61.87575    -0.03      0.25     0.25     1 
2280794226  -27.92389    -61.84314    -0.12     -0.09     0.15     1 
2280794227  -27.92362    -61.81052    -0.01     -0.18     0.18     1 
2280794229  -27.92304    -61.74528    -0.17      0.14     0.22     1 
2280794262  -27.90903    -60.66928    -0.14     -0.21     0.26     1 
2280794282  -27.95316    -62.46282    -0.01     -0.21     0.22     1 
2280794283  -27.95303    -62.43019    -0.06     -0.12     0.13     1 
2280794284  -27.95289    -62.39756    -0.06     -0.08     0.10     1 
2280794287  -27.95243    -62.29966     0.08     -0.13     0.16     1 
2280794288  -27.95226    -62.26703    -0.05     -0.35     0.36     1 
2280794292  -27.95150    -62.13651     0.09     -0.40     0.41     1 
2280794297  -27.95038    -61.97337    -0.05     -0.17     0.17     1 
2280794301  -27.94935    -61.84287    -0.59      0.18     0.62     2 
2280794306  -27.94788    -61.67974     0.07     -0.08     0.11     1 
2280794331  -27.93764    -60.86436     0.43     -0.17     0.46     1 
2280794334  -27.93609    -60.76654     0.23     -0.14     0.27     1 
2280794356  -27.97874    -62.49533    -0.37     -0.26     0.45     1 
2280794357  -27.97862    -62.46270    -0.25     -0.33     0.41     1 
2280794358  -27.97849    -62.43006     0.15     -0.32     0.35     1 
2280794359  -27.97835    -62.39742    -0.04     -0.21     0.21     1 
2280794360  -27.97820    -62.36478     0.08     -0.19     0.21     1 
2280794364  -27.97754    -62.23422    -0.06     -0.12     0.14     1 
2280794367  -27.97696    -62.13631    -0.03     -0.30     0.30     1 
2280794370  -27.97631    -62.03840    -0.05     -0.20     0.20     1 
2280794377  -27.97452    -61.80996    -0.26      0.13     0.29     1 
2280794378  -27.97423    -61.77733    -0.05     -0.14     0.15     1 
2280794379  -27.97394    -61.74470     0.05     -0.24     0.25     1 
2280794380  -27.97364    -61.71206     0.10      0.04     0.11     1 
2280794381  -27.97333    -61.67943     0.14     -0.24     0.27     1 
2280794382  -27.97301    -61.64680     0.18     -0.36     0.40     1 
2280794392  -27.96942    -61.32053     0.28      0.24     0.36     1 
2280794407  -27.96257    -60.83124    -0.26     -0.27     0.37     1 
2280794409  -27.96153    -60.76602     0.06     -0.10     0.12     1 
2280794428  -28.00452    -62.59316    -0.17     -0.09     0.20     1 
2280794430  -28.00431    -62.52786     0.05     -0.25     0.26     1 
2280794432  -28.00407    -62.46257    -0.06     -0.30     0.31     1 
2280794434  -28.00380    -62.39728     0.07     -0.43     0.44     1 
2280794436  -28.00350    -62.33198    -0.02     -0.27     0.27     1 
2280794441  -28.00261    -62.16875    -0.36     -0.27     0.45     1 
2280794442  -28.00241    -62.13611    -0.33      0.04     0.33     1 
2280794453  -27.99968    -61.77704     0.04     -0.08     0.09     1 
2280794454  -27.99939    -61.74440     0.15     -0.27     0.31     1 
2280794455  -27.99909    -61.71176    -0.20     -0.11     0.23     1 
2280794456  -27.99878    -61.67912    -0.15     -0.38     0.40     1 
2280794503  -28.02998    -62.59307    -0.06     -0.23     0.24     1 
2280794508  -28.02940    -62.42979    -0.42     -0.13     0.44     1 
2280794509  -28.02926    -62.39713    -0.17     -0.36     0.39     1 
2280794510  -28.02911    -62.36448    -0.33     -0.12     0.35     1 
2280794512  -28.02879    -62.29917     0.09     -0.29     0.31     1 
2280794513  -28.02862    -62.26652    -0.28     -0.17     0.32     1 
2280794518  -28.02765    -62.10325     0.01     -0.37     0.37     1 
2280794527  -28.02542    -61.80940    -0.32     -0.32     0.45     1 
2280794528  -28.02514    -61.77675    -0.25     -0.20     0.32     1 
2280794529  -28.02484    -61.74410    -0.02     -0.18     0.18     1 
2280794530  -28.02454    -61.71146    -0.14     -0.07     0.16     1 
2280794546  -28.01865    -61.18918    -0.12     -0.22     0.25     1 
2280794578  -28.05543    -62.59297    -0.06     -0.29     0.30     1 
2280794580  -28.05523    -62.52764    -0.12     -0.33     0.35     1 
2280794588  -28.05408    -62.26634    -0.03     -0.36     0.36     1 
2280794593  -28.05311    -62.10304    -0.07     -0.35     0.36     1 
2280794605  -28.04999    -61.71115    -0.16     -0.30     0.34     1 
2280794653  -28.08089    -62.59287     0.06     -0.27     0.27     1 
2280794654  -28.08079    -62.56020    -0.46     -0.26     0.53     2 
2280794655  -28.08068    -62.52753    -0.12     -0.24     0.27     1 
2280794656  -28.08056    -62.49486    -0.29     -0.24     0.37     1 
2280794659  -28.08017    -62.39685    -0.21     -0.05     0.22     1 
2280794663  -28.07953    -62.26617    -0.21     -0.27     0.34     1 
2280794668  -28.07856    -62.10283    -0.01     -0.22     0.22     1 
2280794680  -28.07544    -61.71085    -0.35     -0.24     0.43     1 
2280794696  -28.06954    -61.18833    -0.18      0.01     0.18     1 
2280794733  -28.10576    -62.42938    -0.03     -0.32     0.32     1 
2280794734  -28.10562    -62.39671    -0.27      0.14     0.31     1 
2280794745  -28.10357    -62.03727    -0.23     -0.15     0.28     1 
2280794757  -28.10026    -61.64521    -0.24     -0.33     0.40     1 
2280794813  -28.13044    -62.26582     0.04     -0.26     0.26     1 
2280794896  -28.15424    -62.00412    -0.35     -0.31     0.47     1 
2280794897  -28.15400    -61.97143    -0.19     -0.40     0.44     1 
2280794898  -28.15375    -61.93875    -0.18     -0.19     0.26     1 
2280794903  -28.15239    -61.77531    -0.10     -0.34     0.35     1 
2280794904  -28.15209    -61.74262    -0.14     -0.27     0.31     1 
2280794909  -28.15050    -61.57920    -0.32      0.14     0.35     1 
2280794973  -28.17921    -61.93850    -0.25     -0.24     0.35     1 
2280794975  -28.17868    -61.87310    -0.05     -0.27     0.27     1 
2280794977  -28.17813    -61.80771     0.02     -0.10     0.10     1 
2280794978  -28.17784    -61.77502    -0.16     -0.31     0.34     1 
2280794979  -28.17754    -61.74233     0.04     -0.26     0.26     1 
2280794981  -28.17693    -61.67694    -0.20     -0.34     0.40     1 
2280794982  -28.17661    -61.64425     0.09     -0.23     0.24     1 
2280794983  -28.17628    -61.61156    -0.08     -0.31     0.32     1 
2280795053  -28.20329    -61.77473    -0.12     -0.15     0.20     1 
2280795055  -28.20269    -61.70933     0.00     -0.50     0.50     1 
2280795056  -28.20238    -61.67663    -0.05     -0.39     0.40     1 
2280795057  -28.20206    -61.64393    -0.27     -0.41     0.49     1 
2280795059  -28.20139    -61.57853    -0.08     -0.37     0.38     1 
2280795060  -28.20105    -61.54583    -0.11     -0.29     0.31     1 
2280795061  -28.20070    -61.51313     0.01     -0.62     0.62     2 
2280795132  -28.22751    -61.64361    -0.19     -0.49     0.53     2 
2280795135  -28.22650    -61.54548    -0.14     -0.37     0.40     1 
2280795136  -28.22615    -61.51278    -0.19     -0.49     0.53     2 
2280795214  -28.25049    -61.41429    -0.18     -0.34     0.39     1 
2280795221  -28.24764    -61.18533     0.02     -0.38     0.38     1 
----------------------------------------------------------------------
---------------------------------------------------
Total correlated GCPs in Upper Left Quadrant: 274

GCP statistics this quadrant only (in Pixels)
Line residual statistics:
  Mean: -0.008
  Median: -0.013
  Standard Deviation: 0.168

Sample residual statistics:
  Mean: -0.097
  Median: -0.091
  Standard Deviation: 0.176

Quadrant RMSE: 0.262

---------------------------------------------------
Total correlated GCPs in Upper Right Quadrant: 607

GCP statistics this quadrant only (in Pixels)
Line residual statistics:
  Mean: 0.018
  Median: 0.010
  Standard Deviation: 0.159

Sample residual statistics:
  Mean: -0.112
  Median: -0.103
  Standard Deviation: 0.177

Quadrant RMSE: 0.263

---------------------------------------------------
Total correlated GCPs in Lower Left Quadrant: 243

GCP statistics this quadrant only (in Pixels)
Line residual statistics:
  Mean: -0.011
  Median: 0.000
  Standard Deviation: 0.170

Sample residual statistics:
  Mean: -0.043
  Median: 0.001
  Standard Deviation: 0.203

Quadrant RMSE: 0.268

---------------------------------------------------
Total correlated GCPs in Lower Right Quadrant: 233

GCP statistics this quadrant only (in Pixels)
Line residual statistics:
  Mean: 0.042
  Median: 0.035
  Standard Deviation: 0.131

Sample residual statistics:
  Mean: -0.011
  Median: -0.000
  Standard Deviation: 0.179

Quadrant RMSE: 0.226

---------------------------------------------------
---------------------------------------------------
Total correlated GCPs in scene: 1357

GCP statistics entire scene (in Pixels)
Line residual statistics:
  Mean: 0.012
  Median: 0.009
  Standard Deviation: 0.160

Sample residual statistics:
  Mean: -0.079
  Median: -0.074
  Standard Deviation: 0.186

Scene RMSE: 0.258

