Sat. Feb. 21, 2015             LANDSAT 5                 Time: 20:08
                         Image Assessment System
                           GCP Residual Report
----------------------------------------------------------------------------
WOID: L14948866            Path/Row: 228 / 079

L0R Reference Image: L51CUB1010203130100_HDF.150521828
Acquisition Date: Jul 22, 2010

Band Number:  5

GLS date for each WRS-2 path/row used:
Path  Row   Date
228   079   11-13-2002


Point_ID         Latitude  Longitude    Height       Across    Along    Residual  Residual
                                                      Scan      Scan      In y      in x
                                                    Residual  Residual    dir       dir
                   (deg)     (deg)     (meters)     (meters)  (meters)  (meters)  (meters)

2280790010_01  -26.688042  -61.315914   147.937      -2.443     2.238    -2.792     1.782
2280790017_01  -26.874601  -61.360264   142.327      -1.840    -0.448    -1.735    -0.758
2280790029_01  -26.857492  -60.615167   123.614       3.894     2.163     3.466     2.804
2280790031_01  -27.081813  -61.563279   130.878       4.297    -1.436     4.478    -0.673
2280790033_01  -27.049035  -61.026289   125.072       6.128    -1.442     6.286    -0.363
2280790034_01  -27.507745  -61.168775   107.527       6.456    -1.913     6.690    -0.771
2280790036_01  -27.650164  -60.601231    94.738      -3.182    -4.096    -2.423    -4.583
2280790038_01  -27.452620  -62.046627   171.226      -0.073    -4.177     0.645    -4.125
2280790039_01  -27.459576  -62.074194   171.968       6.159     3.573     5.444     4.579
2280790043_01  -27.096789  -60.695113   114.096      -6.571    -0.790    -6.333    -1.910
2280790044_01  -28.079942  -62.406926   108.359       0.462     5.796    -0.547     5.784
2280790046_01  -27.462183  -61.690434   132.777       0.723     2.836     0.222     2.917
2280790049_01  -27.600987  -60.670063    97.139      -2.038    -3.323    -1.430    -3.624
2280790051_01  -27.310153  -60.815281   109.122      -1.594     0.432    -1.641     0.151
2280790060_01  -27.575251  -61.217182   106.115       3.423    -1.496     3.630    -0.883
2280790061_01  -27.456079  -61.257044   111.972      -4.839     1.827    -5.080     0.965
2280790065_01  -27.688125  -61.152695   101.382       1.134    -1.017     1.294    -0.806
2280790066_01  -27.872263  -60.656058    91.000      -0.846    -0.626    -0.721    -0.762
2280790067_01  -27.558331  -61.065558   106.659      -1.697     2.411    -2.086     2.083
2280790070_01  -26.664118  -61.176718   143.821       2.943    -1.247     3.114    -0.720
2280790071_01  -27.808041  -61.212482    96.641      -2.312    -4.270    -1.539    -4.603
2280790075_01  -27.652711  -60.820974    99.495       2.792     6.635     1.608     7.017
2280790077_01  -27.596603  -60.868881   101.605       2.716    -0.065     2.689     0.405
2280790084_01  -27.573484  -60.692821    98.315       0.676    -0.293     0.720    -0.172
2280790089_01  -27.356617  -60.707643   104.112       4.439    -4.781     5.202    -3.944
2280790090_01  -27.985539  -62.261622   132.628      -3.236    -0.406    -3.119    -0.958
2280790101_01  -26.775091  -60.530329   116.649      -3.632    -0.167    -3.546    -0.789
2280790108_01  -26.769752  -60.458063   114.300       0.396     1.096     0.204     1.149
2280790109_01  -27.314690  -61.460550   118.711      -0.602    -2.410    -0.177    -2.477
2280790110_01  -27.816673  -60.714797    90.256      -3.614    -1.266    -3.337    -1.869
2280790113_01  -27.801817  -62.291800   162.820      -0.663    -1.046    -0.475    -1.145
2280790118_01  -27.502288  -61.693300   127.060      -2.755    -2.890    -2.215    -3.320
2280790120_01  -26.954135  -60.978696   127.812      -0.934    -0.838    -0.773    -0.986
2280790123_01  -27.688646  -62.109384   174.625       4.427    -1.628     4.635    -0.840
2280790125_01  -27.553504  -60.745482   100.292       2.551    -4.498     3.293    -3.990
2280790126_01  -27.824585  -61.112932    96.812      -5.100     4.034    -5.717     3.094
2280790130_01  -27.732248  -60.817568    97.836      -2.732     2.303    -3.085     1.799
2280790131_01  -27.727225  -60.724271    93.210       0.513     1.658     0.223     1.722
2280790133_01  -27.382011  -61.379538   115.924       4.428    -0.080     4.375     0.685
2280790135_01  -26.667064  -61.282766   147.985      -5.342     0.112    -5.280    -0.811
2280790137_01  -27.860776  -62.330421   172.427      -0.428    -4.781     0.398    -4.780
2280790143_01  -27.907940  -61.665901   107.542       6.566    -1.372     6.701    -0.219
2280790144_01  -27.416708  -61.044670   109.931       3.449    -0.395     3.467     0.206
2280790145_01  -27.598780  -62.363635   165.735      -5.780     4.505    -6.469     3.436
2280790146_01  -26.750485  -60.957280   133.879       1.015     2.891     0.502     3.023
2280790149_01  -27.584984  -60.733596    96.019       1.110     2.771     0.618     2.922
2280790150_01  -27.654179  -62.283629   163.380      -4.616     0.386    -4.613    -0.417
2280790151_01  -27.504172  -60.708538    99.000       0.144    -4.749     0.966    -4.652
2280790153_01  -26.725884  -61.920350   190.000      -2.965     3.412    -3.510     2.846
2280790154_01  -26.746116  -60.608752   117.495      -4.797     4.712    -5.536     3.816
2280790156_01  -27.495553  -60.846847   102.433       2.338    -1.036     2.484    -0.617
2280790161_01  -27.694809  -60.778471    97.421       3.613     4.122     2.851     4.683
2280790166_01  -27.090360  -61.057933   124.478       0.227     0.298     0.173     0.333
2280790167_01  -27.594934  -60.696626    96.125       1.229     2.310     0.815     2.488
2280790168_01  -27.755156  -60.694478    91.696      -5.296     0.063    -5.223    -0.849
2280790177_01  -27.745607  -60.722672    92.431      -0.410     3.518    -1.007     3.395
2280790179_01  -27.786700  -60.735818    94.001      -1.512    -3.351    -0.907    -3.561
2280790181_01  -27.366008  -61.200531   117.427       5.359     3.590     4.659     4.460
2280790186_01  -27.429399  -61.081162   112.533      -1.635    -6.692    -0.453    -6.872
2280790187_01  -27.656160  -62.417441   162.028       1.308     1.975     0.943     2.169
2280790194_01  -27.685950  -60.904859   102.738       0.731     4.741    -0.095     4.796
2280790197_01  -27.752289  -62.109780   166.933      -1.855    -1.961    -1.491    -2.251
2280790205_01  -26.728304  -60.677263   128.385      -4.303    -1.674    -3.947    -2.391
2280790207_01  -26.803413  -60.478430   116.155       0.800     2.576     0.347     2.677
2280790211_01  -26.786331  -60.431754   115.167       3.702    -2.869     4.147    -2.188
2280790213_01  -27.713694  -61.182079   101.793       2.780     6.615     1.598     6.994
2280790219_01  -26.711516  -61.378287   147.945       2.347     2.111     1.947     2.484
2280790229_01  -27.014122  -61.437155   133.699       2.574    -2.927     3.039    -2.438
2280790234_01  -27.037711  -60.991412   125.000      -1.282    -4.690    -0.452    -4.840
2280790235_01  -27.778417  -62.270638   161.900      -0.972    -3.253    -0.400    -3.370
2280790244_01  -27.734163  -62.112667   169.205      -0.687     0.576    -0.778     0.447
2280790245_01  -27.763603  -60.730514    92.943      -1.823     3.971    -2.478     3.599
2280790248_01  -27.858764  -61.137624    97.702      -2.205    -3.510    -1.564    -3.837
2280790249_01  -26.726182  -61.335256   147.372      -1.278    -2.222    -0.876    -2.408
