Sun. Feb.  7, 2016             LANDSAT 7                 Time: 15:42
                         Image Assessment System
                           GCP Residual Report
----------------------------------------------------------------------------
WOID: L17849366            Path/Row: 224 / 078

L0R Reference Image: L71EDC1800189010100_HDF.160381825
Acquisition Date: Jul 06, 2000

Band Number:  5

GLS date for each WRS-2 path/row used:
Path  Row   Date
224   078   07-06-2000


Point_ID         Latitude  Longitude    Height       Across    Along    Residual  Residual
                                                      Scan      Scan      In y      in x
                                                    Residual  Residual    dir       dir
                   (deg)     (deg)     (meters)     (meters)  (meters)  (meters)  (meters)

2240780001_01  -26.496953  -54.681258   228.168      -4.975     0.444    -4.977    -0.429
2240780005_01  -25.351462  -54.644891   275.198       2.123    -2.427     2.512    -2.020
2240780009_01  -26.029689  -54.611070   187.323       1.949    -3.141     2.464    -2.754
2240780011_01  -26.530339  -54.715195   235.845       3.697    -2.599     4.090    -1.916
2240780012_01  -25.512242  -54.609557   185.272      -0.122     0.420    -0.194     0.392
2240780013_01  -25.818903  -54.898986   326.403       3.684    -2.941     4.138    -2.254
2240780015_01  -25.585405  -53.941781   296.229       1.874    -1.556     2.113    -1.208
2240780016_01  -26.315634  -54.615475   213.758       1.391    -0.567     1.467    -0.317
2240780018_01  -25.253685  -55.664717   297.168       3.190    -3.669     3.781    -3.055
2240780019_01  -25.578931  -55.113151   214.481       5.973     3.185     5.327     4.175
2240780020_01  -25.302795  -54.076685   502.547      -6.033     1.849    -6.265     0.772
2240780021_01  -26.162211  -55.267110   383.476       2.945     1.300     2.674     1.792
2240780023_01  -26.423733  -54.654457   222.501      -0.560    -0.927    -0.392    -1.010
2240780024_01  -25.970314  -54.574579   207.110       0.968     0.731     0.824     0.888
2240780026_01  -26.859848  -54.278568   580.169      -1.867     4.055    -2.548     3.666
2240780029_01  -26.109536  -55.829481   174.466      -6.099     0.128    -6.020    -0.936
2240780031_01  -25.264146  -54.866385   247.276       6.238     3.341     5.561     4.375
2240780032_01  -25.450509  -54.577364   209.077      -1.913     0.952    -2.051     0.604
2240780034_01  -26.877102  -54.540722   527.147      -4.118    -5.756    -3.054    -6.381
2240780035_01  -26.586409  -54.994177   267.499      -5.677    -3.331    -5.009    -4.267
2240780036_01  -26.600137  -54.459645   232.923      -1.539     4.350    -2.276     4.016
2240780037_01  -25.739293  -54.961988   258.823      -4.965     1.173    -5.092     0.291
2240780038_01  -26.070093  -55.704484   261.675       2.849    -5.096     3.693    -4.518
2240780041_01  -25.233425  -54.901993   268.027      -3.841    -0.640    -3.670    -1.299
2240780042_01  -25.499764  -54.695353   219.184      -6.113    -6.850    -4.827    -7.809
2240780043_01  -26.321119  -55.032441   394.579       1.374    -1.366     1.590    -1.106
2240780046_01  -25.340326  -54.339970   281.163       2.305     0.367     2.204     0.762
2240780047_01  -25.357933  -54.237105   293.305       3.227     0.118     3.155     0.677
2240780048_01  -25.421292  -55.463035   269.995       3.218    -3.631     3.801    -3.013
2240780049_01  -26.412458  -54.497192   277.009       5.222     3.118     4.597     3.978
2240780050_01  -25.473972  -54.650893   237.403       5.477     0.261     5.346     1.210
2240780051_01  -25.924346  -54.679750   202.025      -3.139     2.385    -3.507     1.802
2240780053_01  -25.417898  -54.619178   240.609      -0.812     1.589    -1.077     1.423
2240780054_01  -26.527114  -55.257449   354.975       3.905     2.077     3.482     2.723
2240780056_01  -25.575892  -54.561385   189.244      -0.155    -0.844    -0.007    -0.858
2240780057_01  -25.544033  -54.583493   188.577      -1.400    -4.824    -0.540    -4.994
2240780058_01  -25.209598  -54.919986   274.405      -0.985     1.085    -1.158     0.897
2240780061_01  -25.597810  -54.172199   302.573      -5.025    -6.261    -3.861    -7.040
2240780063_01  -26.406808  -54.612085   231.404       0.481    -0.535     0.564    -0.444
2240780064_01  -26.408911  -54.436472   236.327      -0.118    -2.035     0.235    -2.025
2240780066_01  -26.036299  -54.589114   225.128      -3.476     2.994    -3.946     2.343
2240780068_01  -25.415569  -55.311602   268.119       1.893    -4.397     2.630    -3.997
2240780069_01  -26.000260  -54.750763   218.475       4.677    -0.266     4.650     0.552
2240780070_01  -25.456130  -54.278372   261.130      -0.222    -0.762    -0.089    -0.790
2240780072_01  -25.782307  -54.633528   180.562       2.020     6.055     0.934     6.314
2240780075_01  -25.437485  -54.638429   233.543       4.199    -4.429     4.905    -3.631
2240780076_01  -26.574019  -55.291688   241.102      -4.475     4.396    -5.169     3.548
2240780077_01  -25.381081  -55.705103   301.854       4.148    -1.186     4.292    -0.444
2240780079_01  -25.456894  -55.064284   286.789      -4.332    -1.775    -3.954    -2.501
2240780083_01  -25.220871  -54.696274   334.899      -5.288     3.669    -5.845     2.692
2240780084_01  -26.410564  -54.529967   211.559       1.530     3.681     0.863     3.891
2240780086_01  -25.584380  -54.473678   237.184      -5.825    -2.191    -5.356    -3.171
2240780087_01  -25.838921  -54.981587   318.336      -6.614     6.800    -7.693     5.542
2240780092_01  -25.779912  -54.962229   252.312      -4.606     4.387    -5.297     3.517
2240780093_01  -25.484254  -54.794525   264.093      -1.223     5.683    -2.193     5.383
2240780097_01  -26.404756  -54.804063   295.588       5.767     5.432     4.731     6.351
2240780098_01  -26.057389  -55.567022   429.203       0.615     3.376     0.021     3.429
2240780099_01  -26.334977  -55.055379   322.678       2.457     1.842     2.098     2.241
2240780101_01  -25.460777  -54.708763   220.387       3.032     5.732     1.987     6.172
2240780103_01  -25.510999  -54.552858   228.429      -4.718     1.420    -4.894     0.577
2240780104_01  -25.489773  -54.766904   264.789      -4.452    -1.803    -4.069    -2.550
2240780106_01  -25.297218  -55.661869   267.312      -2.070    -3.204    -1.476    -3.513
2240780108_01  -25.856400  -55.151298   303.445       1.680     6.321     0.555     6.514
2240780109_01  -25.442381  -55.245340   254.902      -1.673     0.354    -1.706     0.057
2240780110_01  -25.807732  -55.413771   269.533      -3.490    -7.015    -2.212    -7.511
2240780113_01  -25.174513  -54.946189   271.463       1.775     1.938     1.411     2.216
2240780116_01  -25.443024  -55.209860   279.969      -2.991     4.283    -3.687     3.695
2240780117_01  -26.401566  -54.754458   245.518       6.621     0.604     6.412     1.746
2240780118_01  -26.280586  -55.839124   257.121       1.880    -2.130     2.224    -1.768
2240780119_01  -26.385002  -54.160499   588.297       0.274    -4.796     1.101    -4.674
2240780122_01  -26.358845  -55.247891   330.679       1.634    -3.750     2.261    -3.406
2240780124_01  -26.868884  -54.504080   331.916      -4.337     4.309    -5.023     3.488
2240780125_01  -26.728546  -55.543666   192.082       5.833     2.082     5.381     3.065
2240780126_01  -26.716865  -55.130892   300.466      -6.648    -3.746    -5.891    -4.843
2240780127_01  -25.483469  -54.832914   276.326      -3.051    -4.774    -2.173    -5.231
2240780131_01  -25.439495  -55.609594   292.933       0.643     0.421     0.563     0.527
2240780134_01  -26.476511  -54.719243   161.598       1.701    -4.979     2.540    -4.607
2240780135_01  -25.808622  -55.100469   307.328      -0.783    -4.785     0.062    -4.845
2240780137_01  -25.510334  -54.577017   208.497      -3.364    -2.895    -2.810    -3.436
2240780140_01  -26.137750  -55.798244   180.740      -3.487    -4.646    -2.619    -5.180
2240780141_01  -26.301567  -54.895480   370.515      -0.285    -1.653     0.007    -1.677
2240780143_01  -25.832523  -54.872707   264.434      -4.759    -2.548    -4.242    -3.336
2240780145_01  -25.577564  -55.698205   300.369      -5.817     0.302    -5.773    -0.715
2240780146_01  -25.294949  -54.102763   486.246      -2.514     0.233    -2.519    -0.208
2240780147_01  -26.605606  -55.302074   263.208       1.316     4.529     0.508     4.687
2240780148_01  -25.527689  -55.268519   250.047      -2.849    -5.783    -1.796    -6.188
2240780152_01  -26.344123  -54.160327   619.226       1.190    -2.196     1.549    -1.956
2240780153_01  -25.529564  -54.745300   247.877       1.112    -0.279     1.143    -0.082
2240780157_01  -25.267353  -54.439846   244.766      -0.224     0.904    -0.379     0.851
2240780161_01  -25.387233  -55.642487   306.346      -0.626     5.432    -1.556     5.236
2240780162_01  -25.489783  -54.746312   259.223       1.449    -3.287     1.999    -2.984
2240780164_01  -25.731244  -54.476618   276.359       3.881     1.596     3.542     2.246
2240780165_01  -25.925876  -54.960888   253.589      -1.564    -0.713    -1.415    -0.974
2240780166_01  -26.085800  -55.866904   184.726       2.303     0.142     2.246     0.541
2240780167_01  -25.579892  -54.675074   195.806      -1.198    -0.817    -1.039    -1.013
2240780168_01  -26.619823  -54.676358   234.226      -0.774    -1.562    -0.492    -1.673
2240780171_01  -25.454156  -54.218848   289.229      -4.761     4.015    -5.390     3.125
2240780174_01  -25.978399  -54.507620   252.072       3.135     2.543     2.642     3.049
2240780175_01  -25.551380  -54.616245   211.720       4.485     0.889     4.260     1.656
2240780176_01  -25.444758  -55.026018   270.331      -1.460     0.629    -1.545     0.365
2240780180_01  -25.602426  -54.495510   236.935       4.117     5.442     3.105     6.075
2240780183_01  -26.540848  -54.764109   176.575       3.744     2.543     3.243     3.156
2240780184_01  -26.583399  -54.718363   236.090      -1.953     0.044    -1.932    -0.297
2240780186_01  -25.396809  -54.846165   199.030       6.171     1.551     5.806     2.601
2240780188_01  -25.475373  -54.624010   187.952      -1.341     1.187    -1.528     0.935
2240780190_01  -25.392703  -54.650371   245.224       2.008    -0.482     2.060    -0.125
2240780191_01  -26.565896  -54.757279   215.326       1.066     1.176     0.843     1.343
2240780194_01  -25.899639  -55.467723   314.470       5.838     1.225     5.535     2.222
2240780196_01  -25.752894  -54.726452   232.330      -2.252     0.609    -2.324     0.208
2240780197_01  -26.809192  -54.317129   588.396       0.759     1.460     0.489     1.569
2240780198_01  -25.506086  -54.644549   221.104       4.544    -4.220     5.208    -3.365
2240780199_01  -25.900500  -55.306300   299.564      -1.570     0.863    -1.693     0.576
2240780201_01  -25.582694  -55.288144   210.420       5.894     4.538     5.014     5.494
2240780206_01  -26.393781  -55.188507   279.261      -4.359     4.705    -5.108     3.872
2240780207_01  -25.347164  -54.917970   208.883       2.069     3.424     1.442     3.731
2240780209_01  -26.789853  -55.037151   110.023       1.167     3.170     0.596     3.324
2240780214_01  -25.590731  -54.590971   126.675      -0.237     1.444    -0.486     1.381
2240780215_01  -26.727081  -54.795721   203.560       5.921    -2.163     6.205    -1.100
2240780219_01  -25.375144  -54.965116   215.689      -2.674    -2.335    -2.226    -2.764
2240780223_01  -25.242183  -55.691389   291.229      -6.150    -0.649    -5.935    -1.709
2240780224_01  -25.407601  -55.616264   311.977       1.300     3.514     0.672     3.685
2240780227_01  -25.456505  -54.839379   257.393      -0.543    -3.357     0.050    -3.399
2240780229_01  -25.789571  -55.015539   304.991      -6.844    -1.122    -6.541    -2.296
2240780230_01  -25.487754  -54.507382   272.305      -5.436     2.558    -5.799     1.572
2240780232_01  -26.682215  -54.701052   243.452      -0.252     2.535    -0.692     2.452
2240780233_01  -25.446365  -54.397287   291.900       0.063     1.051    -0.123     1.045
2240780235_01  -25.392285  -54.624408   231.804       1.581    -3.167     2.107    -2.843
2240780236_01  -25.793318  -54.874911   315.240      -1.467    -2.117    -1.076    -2.339
2240780237_01  -25.242284  -55.090026   273.135       4.594    -6.510     5.656    -5.608
2240780238_01  -26.564145  -54.786876   206.047      -2.627     5.489    -3.544     4.947
2240780239_01  -26.369628  -55.227325   279.378      -4.370     0.133    -4.323    -0.630
2240780241_01  -25.221356  -55.063871   261.400       4.663    -4.167     5.316    -3.290
2240780245_01  -26.057560  -55.637504   472.251       4.638     2.648     4.105     3.413
2240780247_01  -26.075254  -54.895060   303.777       3.752    -1.288     3.917    -0.615
2240780249_01  -25.417905  -54.586382   185.754      -1.332     1.104    -1.505     0.856
2240780250_01  -25.649701  -54.886168   198.305      -1.037     3.126    -1.565     2.897
2240780252_01  -26.060155  -55.296191   318.444      -1.767    -0.496    -1.651    -0.796
2240780254_01  -26.609711  -54.738385   197.233       0.126     4.099    -0.592     4.057
2240780256_01  -25.453676  -55.738668   291.541       3.185     1.856     2.816     2.381
2240780259_01  -26.204724  -55.590436   192.845       4.146    -0.531     4.175     0.200
2240780260_01  -26.408286  -54.589252   220.523      -2.635     4.449    -3.371     3.922
2240780262_01  -25.489455  -54.725466   274.328       1.158    -0.202     1.174     0.002
2240780264_01  -26.745628  -55.132257   283.873      -0.792    -2.464    -0.351    -2.563
2240780266_01  -26.772170  -54.251691   618.281      -1.621    -0.009    -1.598    -0.291
2240780267_01  -26.343717  -54.678076   114.527       0.712     6.475    -0.428     6.500
2240780270_01  -25.631763  -54.132248   297.058       2.644    -5.033     3.477    -4.498
2240780275_01  -25.418121  -54.486109   233.137      -2.376    -4.345    -1.585    -4.692
2240780279_01  -25.660162  -54.062031   294.977       5.391     3.828     4.639     4.707
2240780282_01  -25.365152  -54.413560   228.093      -3.415    -5.775    -2.359    -6.282
2240780284_01  -26.605316  -55.416522   308.140       2.636    -0.142     2.620     0.319
2240780285_01  -26.443506  -55.509576   371.989      -3.026    -4.261    -2.235    -4.719
2240780292_01  -25.494282  -55.741831   256.027      -1.662     4.397    -2.396     4.038
2240780293_01  -25.326406  -55.592418   273.574       2.618     1.388     2.338     1.822
2240780294_01  -25.626633  -55.397399   209.730      -4.294    -2.221    -3.837    -2.933
2240780297_01  -26.493616  -54.757839   111.415       2.300     6.000     1.218     6.308
2240780299_01  -26.649937  -55.653101   266.102      -2.669    -3.547    -2.007    -3.955
2240780300_01  -26.436737  -55.331322   353.716       3.864     0.147     3.778     0.817
2240780302_01  -25.567533  -55.464832   272.618       0.339     5.201    -0.568     5.178
2240780303_01  -26.705471  -54.463675   595.133      -3.557    -2.322    -3.099    -2.903
2240780307_01  -25.293811  -54.253190   287.041       3.603     5.258     2.630     5.804
2240780308_01  -25.415520  -54.671990   195.867       1.765     0.343     1.678     0.645
2240780310_01  -25.410355  -55.429183   276.590       0.521    -1.003     0.690    -0.897
2240780312_01  -26.742862  -54.302108   641.004       1.229    -4.480     1.986    -4.196
2240780313_01  -26.867153  -54.408744   583.723      -3.947    -1.569    -3.615    -2.231
2240780314_01  -25.756133  -55.329642   243.471      -4.847     5.545    -5.733     4.614
2240780321_01  -25.588542  -54.832019   195.943       0.826     3.907     0.133     3.991
2240780323_01  -25.445711  -54.501354   231.327      -3.272    -1.437    -2.973    -1.984
2240780327_01  -25.477491  -54.441708   271.684       2.587     5.975     1.505     6.333
2240780328_01  -26.173490  -55.705159   170.899      -4.611    -1.672    -4.244    -2.448
2240780330_01  -26.400438  -54.415983   318.266       3.795    -0.778     3.870    -0.106
2240780333_01  -26.247500  -55.181686   427.324      -4.254    -3.256    -3.619    -3.944
2240780334_01  -26.748018  -54.216976   602.233       5.316    -7.102     6.464    -6.067
2240780335_01  -26.586198  -55.332137   220.597       0.261    -0.914     0.417    -0.854
2240780336_01  -25.384523  -54.749451   242.466       3.455    -4.676     4.216    -4.003
2240780337_01  -26.735706  -54.282992   652.773      -0.839    -5.693     0.161    -5.749
2240780340_01  -25.401748  -54.817114   198.613      -0.300    -1.996     0.052    -2.018
2240780341_01  -26.385971  -55.947945   143.002       4.348     2.466     3.854     3.185
2240780342_01  -26.388314  -55.902164   156.369       1.160    -2.171     1.523    -1.934
2240780343_01  -25.447203  -54.603364   116.061       3.622    -1.053     3.749    -0.407
2240780344_01  -26.582389  -55.923464   143.189      -1.388    -4.977    -0.496    -5.140
2240780346_01  -25.489687  -54.351908   297.935       0.305    -0.114     0.318    -0.059
