==============================================================================
==============================================================================
Sun. Feb. 22 2015                  LANDSAT 5                       Time: 02:38
                            Image Assessment System
                            GEOMETRIC VERIFY Report
==============================================================================
Order ID: 0601502211844_00197                          Path / Row - 228 / 79
Reference Image: L51CUB1010299130100_HDF.L1G

Color mapping per rank
----------------------
Rank  1 is Green: total residual <= 0.5
Rank  2 is Cyan: 0.5 < total residual <=  1
Rank  3 is Blue:  1 < total residual <=  2
Rank  4 is Yellow:  2 < total residual <=  3
Rank  5 is Red:  3 < total residual

Percentage of residuals by rank
-------------------------------
Rank   1 -- 65.7%
Rank   2 -- 32.2%
Rank   3 --  2.1%
Rank   4 --  0.0%
Rank   5 --  0.0%

       GCP    Latitude    Longitude  Sample   Line     Total    Rank
        ID                           Residual Residual Residual
              (Degree)    (Degree)   (Pixel)  (Pixel)  (Pixel)
----------------------------------------------------------------------
2280790093  -26.53408    -62.15431    -0.54     -0.05     0.54     2 
2280790094  -26.53389    -62.12209    -0.20     -0.24     0.32     1 
2280790174  -26.55826    -61.96078    -0.29      0.08     0.30     1 
2280790241  -26.58537    -62.21840    -0.09      0.10     0.13     1 
2280790245  -26.58460    -62.08947     0.12     -0.38     0.40     1 
2280790247  -26.58418    -62.02501    -0.10     -0.01     0.10     1 
2280790248  -26.58395    -61.99278     0.04      0.05     0.07     1 
2280790249  -26.58372    -61.96055    -0.19     -0.10     0.22     1 
2280790255  -26.58218    -61.76717    -0.23      0.31     0.39     1 
2280790328  -26.60818    -61.83137    -0.13     -0.10     0.16     1 
2280790332  -26.60706    -61.70243    -0.02      0.35     0.35     1 
2280790334  -26.60646    -61.63796    -0.16      0.13     0.21     1 
2280790335  -26.60615    -61.60573    -0.19     -0.02     0.19     1 
2280790399  -26.63464    -61.96009     0.88     -0.22     0.91     2 
2280790403  -26.63363    -61.83111    -0.07     -0.30     0.31     1 
2280790409  -26.63191    -61.63766    -0.10     -0.39     0.40     1 
2280790410  -26.63160    -61.60542    -0.06      0.00     0.06     1 
2280790412  -26.63095    -61.54094    -0.28     -0.25     0.37     1 
2280790467  -26.66157    -62.18563     0.23     -0.05     0.24     1 
2280790472  -26.66055    -62.02436     0.04      0.01     0.04     1 
2280790477  -26.65935    -61.86310     0.18      0.43     0.46     1 
2280790478  -26.65909    -61.83085     0.38     -0.34     0.51     2 
2280790480  -26.65855    -61.76635    -0.15     -0.28     0.32     1 
2280790484  -26.65737    -61.63736     0.41     -0.15     0.44     1 
2280790485  -26.65705    -61.60511    -0.08      0.07     0.10     1 
2280790486  -26.65673    -61.57286    -0.14      0.01     0.14     1 
2280790491  -26.65502    -61.41164    -0.08     -0.15     0.17     1 
2280790494  -26.65391    -61.31491    -0.27     -0.23     0.35     1 
2280790495  -26.65352    -61.28267     0.24      0.35     0.42     1 
2280790496  -26.65313    -61.25043     0.11      0.02     0.11     1 
2280790543  -26.68684    -62.15319     0.19     -0.17     0.26     1 
2280790544  -26.68664    -62.12093     0.25     -0.24     0.34     1 
2280790545  -26.68644    -62.08866     0.19     -0.25     0.32     1 
2280790552  -26.68481    -61.86285     0.39     -0.03     0.39     1 
2280790557  -26.68343    -61.70156     0.31      0.20     0.37     1 
2280790558  -26.68313    -61.66931     0.24      0.08     0.25     1 
2280790559  -26.68282    -61.63705    -0.18     -0.02     0.18     1 
2280790560  -26.68251    -61.60480     0.22      0.25     0.34     1 
2280790561  -26.68219    -61.57254    -0.19     -0.08     0.20     1 
2280790564  -26.68118    -61.47579    -0.12      0.11     0.17     1 
2280790567  -26.68011    -61.37903    -0.04      0.07     0.08     1 
2280790569  -26.67936    -61.31453    -0.00      0.09     0.09     1 
2280790570  -26.67897    -61.28229    -0.09      0.27     0.28     1 
2280790619  -26.71210    -62.12073     0.06     -0.14     0.16     1 
2280790621  -26.71169    -62.05620     0.50      0.04     0.50     2 
2280790622  -26.71147    -62.02393     0.33     -0.36     0.49     1 
2280790623  -26.71124    -61.99166     0.12     -0.08     0.14     1 
2280790624  -26.71101    -61.95939     0.15     -0.14     0.21     1 
2280790625  -26.71077    -61.92713     0.22     -0.11     0.25     1 
2280790632  -26.70888    -61.70128     0.48      0.81     0.94     2 
2280790636  -26.70764    -61.57223    -0.00     -0.08     0.08     1 
2280790640  -26.70629    -61.44319     0.14     -0.08     0.16     1 
2280790641  -26.70593    -61.41093     0.11      0.01     0.11     1 
2280790642  -26.70556    -61.37867     0.05     -0.27     0.28     1 
2280790644  -26.70481    -61.31416    -0.08     -0.17     0.19     1 
2280790647  -26.70363    -61.21740    -0.07     -0.03     0.07     1 
2280790650  -26.70238    -61.12064    -0.23     -0.05     0.24     1 
2280790652  -26.70151    -61.05613     0.03     -0.03     0.04     1 
2280790654  -26.70061    -60.99163    -0.22     -0.04     0.23     1 
2280790655  -26.70015    -60.95938    -0.19      0.04     0.19     1 
2280790690  -26.73830    -62.24964     0.34     -0.34     0.49     1 
2280790691  -26.73813    -62.21736     0.38     -0.48     0.61     2 
2280790692  -26.73794    -62.18509     0.14     -0.20     0.24     1 
2280790700  -26.73623    -61.92689     0.38     -0.14     0.40     1 
2280790702  -26.73572    -61.86234     0.64     -0.48     0.80     2 
2280790703  -26.73546    -61.83007     0.19     -0.05     0.19     1 
2280790704  -26.73519    -61.79780     0.15     -0.03     0.16     1 
2280790708  -26.73404    -61.66872     0.22     -0.06     0.23     1 
2280790709  -26.73373    -61.63645     0.21     -0.16     0.26     1 
2280790710  -26.73342    -61.60418     0.16      0.30     0.34     1 
2280790711  -26.73309    -61.57191     0.33      0.10     0.34     1 
2280790714  -26.73209    -61.47511    -0.01      0.00     0.01     1 
2280790717  -26.73101    -61.37831     0.50     -0.07     0.50     2 
2280790718  -26.73064    -61.34605     0.08     -0.06     0.10     1 
2280790720  -26.72987    -61.28152    -0.08     -0.13     0.15     1 
2280790723  -26.72867    -61.18474     0.00      0.09     0.09     1 
2280790727  -26.72696    -61.05570    -0.01      0.22     0.22     1 
2280790728  -26.72651    -61.02344     0.09      0.21     0.23     1 
2280790729  -26.72606    -60.99119    -0.16      0.05     0.17     1 
2280790730  -26.72560    -60.95893     0.13     -0.00     0.13     1 
2280790731  -26.72513    -60.92668    -0.01      0.13     0.13     1 
2280790734  -26.72368    -60.82992     0.09     -0.05     0.11     1 
2280790735  -26.72319    -60.79766    -0.11     -0.08     0.14     1 
2280790736  -26.72268    -60.76541     0.40      0.04     0.41     1 
2280790778  -26.76092    -61.82981     0.37     -0.04     0.37     1 
2280790783  -26.75949    -61.66842     0.53     -0.07     0.53     2 
2280790785  -26.75887    -61.60387     0.66     -0.17     0.69     2 
2280790792  -26.75646    -61.37795     0.19      0.06     0.20     1 
2280790793  -26.75609    -61.34568     0.13      0.04     0.14     1 
2280790795  -26.75532    -61.28114     0.12      0.08     0.14     1 
2280790797  -26.75453    -61.21660    -0.00      0.00     0.00     1 
2280790798  -26.75412    -61.18433     0.14      0.12     0.18     1 
2280790800  -26.75328    -61.11980     0.16     -0.13     0.21     1 
2280790802  -26.75240    -61.05527    -0.16      0.10     0.19     1 
2280790805  -26.75104    -60.95848    -0.06      0.01     0.06     1 
2280790806  -26.75058    -60.92621     0.08      0.09     0.12     1 
2280790807  -26.75010    -60.89395    -0.03      0.05     0.06     1 
2280790810  -26.74863    -60.79717    -0.24     -0.01     0.24     1 
2280790811  -26.74812    -60.76492     0.08      0.08     0.12     1 
2280790812  -26.74761    -60.73266     0.13     -0.07     0.15     1 
2280790813  -26.74709    -60.70040     0.12     -0.15     0.19     1 
2280790815  -26.74603    -60.63589     0.14     -0.03     0.14     1 
2280790848  -26.78761    -61.99099     0.22     -0.01     0.22     1 
2280790850  -26.78714    -61.92641     0.41     -0.11     0.43     1 
2280790852  -26.78664    -61.86183     0.42     -0.29     0.51     2 
2280790853  -26.78637    -61.82955     0.44     -0.35     0.56     2 
2280790854  -26.78610    -61.79726     0.34      0.11     0.36     1 
2280790855  -26.78582    -61.76498     0.53     -0.25     0.58     2 
2280790856  -26.78554    -61.73269     0.45     -0.44     0.63     2 
2280790857  -26.78525    -61.70041     0.38      0.02     0.38     1 
2280790858  -26.78495    -61.66812     0.17     -0.08     0.19     1 
2280790860  -26.78432    -61.60356     0.38     -0.17     0.41     1 
2280790861  -26.78400    -61.57127     0.24      0.06     0.24     1 
2280790863  -26.78334    -61.50671     0.06     -0.09     0.11     1 
2280790865  -26.78264    -61.44215     0.39     -0.08     0.39     1 
2280790866  -26.78228    -61.40987     0.50      0.18     0.53     2 
2280790867  -26.78192    -61.37759     0.01     -0.19     0.19     1 
2280790868  -26.78154    -61.34531     0.14     -0.09     0.16     1 
2280790871  -26.78038    -61.24848    -0.17      0.47     0.50     2 
2280790881  -26.77602    -60.92575     0.01     -0.05     0.05     1 
2280790884  -26.77457    -60.82895     0.14     -0.19     0.24     1 
2280790885  -26.77407    -60.79668     0.19      0.17     0.25     1 
2280790888  -26.77253    -60.69989     0.16      0.14     0.22     1 
2280790889  -26.77200    -60.66763    -0.29      0.06     0.30     1 
2280790890  -26.77147    -60.63537    -0.01      0.13     0.13     1 
2280790891  -26.77093    -60.60310     0.11      0.01     0.11     1 
2280790892  -26.77038    -60.57084     0.45     -0.15     0.47     1 
2280790894  -26.76926    -60.50633    -0.08      0.04     0.09     1 
2280790895  -26.76869    -60.47407     0.08     -0.06     0.09     1 
2280790896  -26.76811    -60.44181    -0.02      0.03     0.04     1 
2280790922  -26.81330    -62.02306     0.31     -0.14     0.34     1 
2280790923  -26.81307    -61.99076     0.71     -0.42     0.83     2 
2280790928  -26.81183    -61.82929     0.33     -0.03     0.33     1 
2280790929  -26.81156    -61.79699     0.64     -0.22     0.68     2 
2280790930  -26.81128    -61.76470     0.69     -0.27     0.74     2 
2280790931  -26.81099    -61.73241     0.37     -0.02     0.37     1 
2280790933  -26.81040    -61.66783     0.53     -0.21     0.57     2 
2280790935  -26.80978    -61.60324     0.31     -0.07     0.32     1 
2280790936  -26.80946    -61.57095     0.27     -0.15     0.31     1 
2280790938  -26.80879    -61.50638     0.33      0.06     0.34     1 
2280790940  -26.80809    -61.44180     0.28     -0.02     0.28     1 
2280790945  -26.80622    -61.28037     0.21     -0.10     0.24     1 
2280790946  -26.80583    -61.24809     0.32      0.40     0.51     2 
2280790949  -26.80460    -61.15124     0.29     -0.07     0.30     1 
2280790954  -26.80240    -60.98984    -0.02     -0.00     0.02     1 
2280790956  -26.80147    -60.92529     0.14     -0.02     0.14     1 
2280790957  -26.80099    -60.89301    -0.02      0.27     0.27     1 
2280790960  -26.79951    -60.79619    -0.13      0.01     0.13     1 
2280790962  -26.79849    -60.73165     0.14     -0.17     0.22     1 
2280790963  -26.79797    -60.69938     0.35     -0.01     0.35     1 
2280790964  -26.79744    -60.66711    -0.02     -0.09     0.10     1 
2280790965  -26.79691    -60.63484    -0.02      0.07     0.08     1 
2280790966  -26.79637    -60.60257     0.03      0.08     0.09     1 
2280790967  -26.79582    -60.57030     0.01     -0.14     0.14     1 
2280790968  -26.79526    -60.53804     0.30      0.11     0.32     1 
2280790970  -26.79412    -60.47351    -0.11     -0.08     0.14     1 
2280790971  -26.79354    -60.44124    -0.01      0.04     0.04     1 
2280790972  -26.79295    -60.40898     0.03     -0.08     0.09     1 
2280790989  -26.84031    -62.28128    -0.06      0.04     0.07     1 
2280790992  -26.83978    -62.18436     0.49     -0.07     0.49     1 
2280790998  -26.83853    -61.99054     0.31     -0.29     0.42     1 
2280790999  -26.83829    -61.95823     0.51     -0.34     0.61     2 
2280791001  -26.83780    -61.89363     0.59     -0.25     0.64     2 
2280791002  -26.83755    -61.86133     0.64     -0.29     0.70     2 
2280791004  -26.83701    -61.79673     0.36      0.03     0.36     1 
2280791005  -26.83674    -61.76443     0.40      0.08     0.40     1 
2280791006  -26.83645    -61.73213     0.65     -0.28     0.71     2 
2280791010  -26.83523    -61.60293     0.43     -0.10     0.44     1 
2280791011  -26.83491    -61.57064     0.42     -0.45     0.61     2 
2280791013  -26.83424    -61.50604     0.50     -0.03     0.51     2 
2280791014  -26.83390    -61.47375     0.63      0.25     0.68     2 
2280791015  -26.83355    -61.44145     0.42     -0.18     0.45     1 
2280791018  -26.83244    -61.34457     0.46     -0.19     0.50     1 
2280791019  -26.83206    -61.31228     0.30     -0.08     0.32     1 
2280791027  -26.82875    -61.05396     0.34     -0.24     0.42     1 
2280791033  -26.82595    -60.86026     0.45     -0.20     0.49     1 
2280791036  -26.82445    -60.76342     0.67      0.01     0.67     2 
2280791037  -26.82393    -60.73114     0.01     -0.29     0.29     1 
2280791038  -26.82341    -60.69886     0.40      0.04     0.41     1 
2280791039  -26.82288    -60.66659    -0.14      0.08     0.16     1 
2280791040  -26.82235    -60.63431     0.08     -0.03     0.09     1 
2280791041  -26.82181    -60.60204     0.15      0.14     0.20     1 
2280791042  -26.82125    -60.56976     0.03      0.01     0.04     1 
2280791043  -26.82070    -60.53749    -0.09     -0.02     0.09     1 
2280791045  -26.81956    -60.47294     0.24     -0.06     0.25     1 
2280791047  -26.81839    -60.40840    -0.00     -0.08     0.08     1 
2280791065  -26.86560    -62.24880     0.42     -0.55     0.69     2 
2280791067  -26.86524    -62.18418     0.37     -0.07     0.38     1 
2280791074  -26.86375    -61.95800    -0.20     -0.36     0.41     1 
2280791075  -26.86351    -61.92569     0.26     -0.14     0.29     1 
2280791076  -26.86326    -61.89338     0.42     -0.28     0.50     2 
2280791077  -26.86300    -61.86107     0.18     -0.04     0.18     1 
2280791078  -26.86274    -61.82876     0.37      0.04     0.37     1 
2280791082  -26.86161    -61.69954     0.88      0.20     0.90     2 
2280791083  -26.86131    -61.66723     0.42     -0.20     0.46     1 
2280791084  -26.86100    -61.63492     0.50     -0.20     0.54     2 
2280791086  -26.86036    -61.57032     0.69      0.21     0.72     2 
2280791087  -26.86003    -61.53801     0.51      0.13     0.52     2 
2280791088  -26.85969    -61.50571     0.47     -0.22     0.52     2 
2280791089  -26.85935    -61.47341     0.40     -0.13     0.42     1 
2280791092  -26.85827    -61.37650     0.47     -0.21     0.51     2 
2280791093  -26.85789    -61.34420     0.40     -0.18     0.43     1 
2280791094  -26.85751    -61.31190     0.54     -0.07     0.54     2 
2280791095  -26.85712    -61.27960     0.41     -0.21     0.46     1 
2280791096  -26.85673    -61.24730     0.24     -0.14     0.28     1 
2280791097  -26.85632    -61.21501     0.40     -0.44     0.59     2 
2280791098  -26.85591    -61.18271     0.82      0.04     0.82     2 
2280791099  -26.85549    -61.15041     0.39     -0.07     0.39     1 
2280791102  -26.85419    -61.05353     0.40     -0.18     0.44     1 
2280791104  -26.85329    -60.98894     0.32     -0.05     0.32     1 
2280791105  -26.85282    -60.95665    -0.24     -0.36     0.44     1 
2280791106  -26.85235    -60.92436     0.15     -0.14     0.21     1 
2280791107  -26.85188    -60.89207    -0.14      0.04     0.15     1 
2280791112  -26.84938    -60.73063     0.36      0.04     0.36     1 
2280791113  -26.84885    -60.69835     0.41      0.22     0.46     1 
2280791114  -26.84832    -60.66606     0.38      0.01     0.38     1 
2280791115  -26.84779    -60.63378     0.26      0.17     0.31     1 
2280791116  -26.84724    -60.60150     0.18     -0.23     0.30     1 
2280791117  -26.84669    -60.56922    -0.04     -0.08     0.08     1 
2280791118  -26.84613    -60.53694     0.26     -0.07     0.27     1 
2280791119  -26.84557    -60.50466     0.28     -0.18     0.33     1 
2280791121  -26.84441    -60.44010     0.03     -0.10     0.11     1 
2280791142  -26.89070    -62.18399    -0.26      0.40     0.48     1 
2280791146  -26.88989    -62.05472     0.49     -0.41     0.64     2 
2280791148  -26.88944    -61.99008     0.61     -0.24     0.66     2 
2280791149  -26.88921    -61.95777     0.60     -0.31     0.68     2 
2280791150  -26.88897    -61.92545     0.50      0.02     0.50     1 
2280791151  -26.88872    -61.89313     0.53     -0.25     0.58     2 
2280791155  -26.88764    -61.76387     0.57     -0.26     0.62     2 
2280791157  -26.88706    -61.69924     0.16      0.06     0.17     1 
2280791158  -26.88676    -61.66693     0.25     -0.20     0.32     1 
2280791159  -26.88646    -61.63462     0.36     -0.23     0.43     1 
2280791160  -26.88614    -61.60231     0.52     -0.36     0.63     2 
2280791161  -26.88582    -61.56999     0.56     -0.33     0.65     2 
2280791162  -26.88548    -61.53768     0.49     -0.12     0.50     2 
2280791164  -26.88480    -61.47306     0.90     -0.15     0.92     2 
2280791165  -26.88445    -61.44076     0.64     -0.11     0.65     2 
2280791167  -26.88372    -61.37614     0.71     -0.09     0.71     2 
2280791169  -26.88296    -61.31152     0.45     -0.05     0.45     1 
2280791171  -26.88218    -61.24691     0.43     -0.15     0.46     1 
2280791172  -26.88177    -61.21461     0.46     -0.36     0.59     2 
2280791173  -26.88136    -61.18230     0.48     -0.28     0.55     2 
2280791174  -26.88094    -61.15000     0.64     -0.10     0.65     2 
2280791177  -26.87964    -61.05309     0.28     -0.17     0.33     1 
2280791178  -26.87919    -61.02079     0.37     -0.05     0.37     1 
2280791179  -26.87873    -60.98849     0.17     -0.27     0.32     1 
2280791181  -26.87780    -60.92390     0.50      0.09     0.50     2 
2280791182  -26.87732    -60.89160     0.46     -0.04     0.46     1 
2280791184  -26.87634    -60.82701     0.74     -0.27     0.79     2 
2280791188  -26.87430    -60.69783     0.19     -0.01     0.19     1 
2280791189  -26.87376    -60.66554     0.39     -0.31     0.50     1 
2280791190  -26.87323    -60.63325    -0.20     -0.17     0.26     1 
2280791191  -26.87268    -60.60096     0.00      0.42     0.42     1 
2280791192  -26.87213    -60.56867     0.25     -0.10     0.27     1 
2280791193  -26.87157    -60.53639    -0.14     -0.02     0.14     1 
2280791194  -26.87100    -60.50410     0.02      0.23     0.23     1 
2280791195  -26.87043    -60.47181     0.07     -0.18     0.19     1 
2280791196  -26.86985    -60.43953    -0.03     -0.01     0.03     1 
2280791217  -26.91615    -62.18381     0.10     -0.15     0.18     1 
2280791220  -26.91556    -62.08683     0.34     -0.35     0.49     1 
2280791221  -26.91535    -62.05451     0.46     -0.49     0.67     2 
2280791225  -26.91442    -61.92521     0.38     -0.25     0.46     1 
2280791226  -26.91417    -61.89288     0.47     -0.28     0.54     2 
2280791227  -26.91392    -61.86056     0.69     -0.15     0.70     2 
2280791228  -26.91365    -61.82824    -0.07      0.01     0.07     1 
2280791230  -26.91310    -61.76360     0.13     -0.23     0.26     1 
2280791231  -26.91281    -61.73127     0.36     -0.24     0.43     1 
2280791233  -26.91222    -61.66663     0.64     -0.33     0.72     2 
2280791234  -26.91191    -61.63431     0.26     -0.15     0.30     1 
2280791237  -26.91094    -61.53736     0.54     -0.23     0.59     2 
2280791238  -26.91060    -61.50504     0.76     -0.02     0.76     2 
2280791240  -26.90990    -61.44040     0.62     -0.29     0.68     2 
2280791241  -26.90954    -61.40809     0.91     -0.27     0.95     2 
2280791242  -26.90917    -61.37577     0.77     -0.28     0.82     2 
2280791243  -26.90880    -61.34346     0.17      0.12     0.21     1 
2280791245  -26.90802    -61.27883     0.68     -0.14     0.70     2 
2280791246  -26.90762    -61.24652     0.60     -0.24     0.64     2 
2280791247  -26.90722    -61.21421     0.60     -0.16     0.62     2 
2280791249  -26.90639    -61.14959     0.62     -0.21     0.66     2 
2280791254  -26.90418    -60.98804     0.97     -0.48     1.08     3 
2280791259  -26.90178    -60.82652     0.43     -0.06     0.44     1 
2280791261  -26.90077    -60.76192     0.56     -0.37     0.67     2 
2280791267  -26.89757    -60.56813     0.87     -0.41     0.96     2 
2280791268  -26.89701    -60.53583     0.74     -0.32     0.81     2 
2280791269  -26.89644    -60.50354     0.32     -0.00     0.32     1 
2280791270  -26.89587    -60.47125     0.20      0.28     0.35     1 
2280791271  -26.89528    -60.43895     0.40     -0.20     0.45     1 
2280791296  -26.94081    -62.05429     0.35     -0.23     0.42     1 
2280791297  -26.94058    -62.02196     0.52      0.08     0.52     2 
2280791299  -26.94012    -61.95730     0.35     -0.13     0.38     1 
2280791300  -26.93988    -61.92497     0.64      0.05     0.64     2 
2280791301  -26.93963    -61.89264     0.44     -0.14     0.46     1 
2280791303  -26.93911    -61.82798     0.39     -0.52     0.65     2 
2280791307  -26.93797    -61.69866     0.75     -0.29     0.80     2 
2280791308  -26.93767    -61.66633     0.47     -0.17     0.51     2 
2280791309  -26.93736    -61.63401     0.47     -0.55     0.72     2 
2280791314  -26.93570    -61.47238     0.56     -0.19     0.59     2 
2280791317  -26.93462    -61.37541     0.56     -0.20     0.59     2 
2280791318  -26.93425    -61.34309     0.02     -0.40     0.41     1 
2280791319  -26.93386    -61.31077     0.53     -0.20     0.57     2 
2280791320  -26.93347    -61.27845     0.65     -0.26     0.70     2 
2280791321  -26.93307    -61.24613     0.51     -0.39     0.64     2 
2280791322  -26.93267    -61.21381     0.45     -0.32     0.55     2 
2280791325  -26.93141    -61.11685     0.49     -0.11     0.50     2 
2280791326  -26.93097    -61.08454     0.59     -0.33     0.68     2 
2280791328  -26.93008    -61.01991     0.64     -0.04     0.64     2 
2280791329  -26.92962    -60.98759     0.49     -0.02     0.49     1 
2280791331  -26.92869    -60.92297     0.63     -0.07     0.64     2 
2280791332  -26.92821    -60.89065     0.42     -0.04     0.42     1 
2280791333  -26.92772    -60.85834     0.45     -0.26     0.52     2 
2280791334  -26.92723    -60.82603     0.85     -0.47     0.97     2 
2280791335  -26.92672    -60.79372     0.60     -0.20     0.63     2 
2280791338  -26.92517    -60.69680     0.51     -0.10     0.52     2 
2280791342  -26.92301    -60.56758     0.28     -0.20     0.34     1 
2280791343  -26.92245    -60.53528     0.43      0.04     0.43     1 
2280791345  -26.92130    -60.47068     0.43      0.20     0.48     1 
2280791346  -26.92072    -60.43838     0.58     -0.07     0.58     2 
2280791368  -26.96688    -62.15110     1.00     -0.00     1.00     2 
2280791371  -26.96626    -62.05408     0.10      0.61     0.62     2 
2280791381  -26.96372    -61.73070     0.72     -0.12     0.73     2 
2280791382  -26.96343    -61.69837     0.58     -0.25     0.63     2 
2280791386  -26.96217    -61.56903     0.53     -0.27     0.59     2 
2280791390  -26.96080    -61.43970     0.48     -0.20     0.52     2 
2280791391  -26.96044    -61.40737     0.35      0.12     0.37     1 
2280791392  -26.96007    -61.37504     0.25      0.04     0.26     1 
2280791393  -26.95970    -61.34271     0.61     -0.24     0.65     2 
2280791395  -26.95892    -61.27806     0.37     -0.07     0.38     1 
2280791396  -26.95852    -61.24573     0.76     -0.32     0.83     2 
2280791397  -26.95812    -61.21341     0.77      0.03     0.77     2 
2280791400  -26.95685    -61.11643     0.62     -0.21     0.66     2 
2280791403  -26.95553    -61.01946     0.48     -0.32     0.57     2 
2280791404  -26.95507    -60.98714     0.63     -0.08     0.63     2 
2280791407  -26.95365    -60.89018     0.59     -0.18     0.61     2 
2280791408  -26.95316    -60.85786     0.56     -0.05     0.56     2 
2280791409  -26.95267    -60.82554     0.68     -0.19     0.70     2 
2280791410  -26.95217    -60.79323     0.68     -0.18     0.70     2 
2280791411  -26.95166    -60.76091     0.69     -0.70     0.99     2 
2280791413  -26.95062    -60.69628     0.41     -0.17     0.44     1 
2280791414  -26.95008    -60.66397     0.83     -0.09     0.83     2 
2280791417  -26.94844    -60.56704     0.62     -0.28     0.68     2 
2280791419  -26.94731    -60.50242     0.48     -0.17     0.50     2 
2280791420  -26.94674    -60.47011     0.52     -0.23     0.56     2 
2280791421  -26.94616    -60.43780     0.50     -0.18     0.53     2 
2280791439  -26.99306    -62.28031     0.45     -0.37     0.59     2 
2280791442  -26.99253    -62.18326     0.07     -0.46     0.47     1 
2280791448  -26.99127    -61.98918     0.32     -0.26     0.41     1 
2280791450  -26.99079    -61.92448     0.41     -0.27     0.49     1 
2280791456  -26.98918    -61.73042     0.38     -0.10     0.39     1 
2280791458  -26.98858    -61.66573     0.75     -0.42     0.86     2 
2280791460  -26.98795    -61.60105     0.38     -0.11     0.40     1 
2280791463  -26.98696    -61.50403     0.38      0.12     0.40     1 
2280791465  -26.98625    -61.43935     0.71     -0.35     0.79     2 
2280791467  -26.98552    -61.37468     0.57     -0.28     0.63     2 
2280791470  -26.98437    -61.27767     0.63     -0.24     0.67     2 
2280791471  -26.98397    -61.24534     0.60     -0.46     0.76     2 
2280791472  -26.98356    -61.21300     0.96     -0.27     1.00     2 
2280791474  -26.98273    -61.14834     0.60     -0.48     0.77     2 
2280791475  -26.98230    -61.11601     0.74     -0.44     0.86     2 
2280791476  -26.98186    -61.08367     0.51     -0.31     0.60     2 
2280791478  -26.98097    -61.01902     0.45     -0.40     0.61     2 
2280791479  -26.98051    -60.98669     0.66     -0.33     0.74     2 
2280791485  -26.97761    -60.79273     0.86      0.37     0.94     2 
2280791488  -26.97606    -60.69577     0.79     -0.40     0.88     2 
2280791489  -26.97552    -60.66345     0.74     -0.36     0.83     2 
2280791491  -26.97444    -60.59881     0.72     -0.26     0.77     2 
2280791492  -26.97388    -60.56649     0.60     -0.04     0.61     2 
2280791493  -26.97332    -60.53417     0.80     -0.11     0.81     2 
2280791494  -26.97275    -60.50186     0.66     -0.10     0.67     2 
2280791495  -26.97217    -60.46954     0.48     -0.41     0.64     2 
2280791496  -26.97159    -60.43723     0.54     -0.41     0.68     2 
2280791516  -27.01817    -62.21543     0.22     -0.32     0.39     1 
2280791523  -27.01673    -61.98895     0.25      0.01     0.25     1 
2280791525  -27.01625    -61.92424     0.39     -0.27     0.47     1 
2280791532  -27.01434    -61.69778     0.41     -0.29     0.50     1 
2280791533  -27.01403    -61.66543     0.44     -0.17     0.48     1 
2280791537  -27.01275    -61.53604     0.45     -0.12     0.46     1 
2280791539  -27.01206    -61.47135     0.50     -0.02     0.50     1 
2280791540  -27.01170    -61.43900     0.63     -0.25     0.68     2 
2280791541  -27.01134    -61.40666     0.59     -0.27     0.65     2 
2280791542  -27.01097    -61.37431     0.44     -0.27     0.52     2 
2280791543  -27.01060    -61.34197     0.51     -0.28     0.58     2 
2280791544  -27.01021    -61.30963     0.48     -0.54     0.72     2 
2280791545  -27.00982    -61.27728     0.81     -0.56     0.98     2 
2280791546  -27.00942    -61.24494     0.50     -0.37     0.63     2 
2280791547  -27.00901    -61.21260     0.77     -0.40     0.87     2 
2280791548  -27.00860    -61.18026     0.47     -0.46     0.66     2 
2280791549  -27.00818    -61.14792     0.54     -0.46     0.71     2 
2280791550  -27.00775    -61.11558     0.83     -0.05     0.83     2 
2280791553  -27.00642    -61.01857     0.66     -0.27     0.71     2 
2280791554  -27.00596    -60.98623     0.64     -0.39     0.74     2 
2280791555  -27.00549    -60.95390     0.50     -0.31     0.58     2 
2280791559  -27.00355    -60.82457     0.63     -0.29     0.70     2 
2280791560  -27.00305    -60.79223     0.88     -0.01     0.88     2 
2280791561  -27.00254    -60.75991     0.53     -0.29     0.61     2 
2280791564  -27.00096    -60.66292     0.32      0.17     0.36     1 
2280791565  -27.00042    -60.63059     0.84     -0.01     0.84     2 
2280791566  -26.99987    -60.59827     0.53     -0.31     0.62     2 
2280791568  -26.99876    -60.53362     0.85     -0.16     0.87     2 
2280791569  -26.99819    -60.50129     0.76     -0.14     0.78     2 
2280791570  -26.99761    -60.46897     0.77     -0.29     0.83     2 
2280791591  -27.04363    -62.21525     0.14     -0.19     0.24     1 
2280791592  -27.04345    -62.18289     0.12     -0.15     0.20     1 
2280791594  -27.04305    -62.11817     0.14     -0.13     0.19     1 
2280791597  -27.04241    -62.02108     0.58     -0.14     0.59     2 
2280791598  -27.04218    -61.98872     0.32     -0.12     0.34     1 
2280791606  -27.04009    -61.72985     0.33      0.14     0.36     1 
2280791607  -27.03979    -61.69749     0.26     -0.18     0.31     1 
2280791609  -27.03918    -61.63278     0.39     -0.08     0.40     1 
2280791610  -27.03886    -61.60042     0.72     -0.41     0.83     2 
2280791611  -27.03853    -61.56806    -0.00     -1.00     1.00     2 
2280791613  -27.03786    -61.50336     0.88      0.02     0.88     2 
2280791614  -27.03751    -61.47100     0.56     -0.21     0.59     2 
2280791615  -27.03716    -61.43865     0.56     -0.18     0.59     2 
2280791616  -27.03679    -61.40630     0.52     -0.17     0.54     2 
2280791619  -27.03566    -61.30924     0.59     -0.36     0.69     2 
2280791623  -27.03405    -61.17985     0.74     -0.01     0.74     2 
2280791625  -27.03319    -61.11516     0.67     -0.32     0.74     2 
2280791626  -27.03276    -61.08281     0.39     -0.32     0.51     2 
2280791629  -27.03140    -60.98578     0.61     -0.49     0.79     2 
2280791630  -27.03094    -60.95344     0.96     -0.46     1.07     3 
2280791631  -27.03046    -60.92110     0.81      0.10     0.82     2 
2280791634  -27.02899    -60.82408     0.61     -0.29     0.68     2 
2280791635  -27.02849    -60.79174     0.97     -0.34     1.03     3 
2280791636  -27.02798    -60.75940     0.69     -0.28     0.74     2 
2280791639  -27.02640    -60.66239     0.53     -0.52     0.74     2 
2280791640  -27.02586    -60.63006     0.35     -0.48     0.60     2 
2280791641  -27.02531    -60.59773     0.63     -0.22     0.67     2 
2280791642  -27.02476    -60.56539     0.66     -0.26     0.72     2 
2280791643  -27.02419    -60.53306     0.52     -0.30     0.60     2 
2280791645  -27.02305    -60.46840     0.77     -0.34     0.84     2 
2280791672  -27.06787    -62.02086     0.21      0.22     0.30     1 
2280791675  -27.06716    -61.92375     0.09     -0.03     0.10     1 
2280791676  -27.06691    -61.89139     0.96     -0.52     1.09     3 
2280791682  -27.06524    -61.69719     0.20     -0.29     0.35     1 
2280791684  -27.06463    -61.63247     0.26     -0.16     0.31     1 
2280791685  -27.06431    -61.60010     0.53     -0.31     0.62     2 
2280791686  -27.06398    -61.56774    -0.03     -0.10     0.10     1 
2280791689  -27.06296    -61.47066     0.52     -0.15     0.54     2 
2280791690  -27.06261    -61.43830     0.32     -0.21     0.38     1 
2280791691  -27.06224    -61.40594     0.40     -0.18     0.44     1 
2280791692  -27.06187    -61.37358     0.49     -0.15     0.51     2 
2280791693  -27.06150    -61.34122     0.86     -0.49     0.99     2 
2280791695  -27.06072    -61.27651     0.90     -0.30     0.95     2 
2280791697  -27.05991    -61.21180     0.67     -0.33     0.75     2 
2280791698  -27.05949    -61.17944     0.62     -0.17     0.65     2 
2280791703  -27.05731    -61.01768     0.47     -0.46     0.66     2 
2280791704  -27.05685    -60.98533     0.75     -0.08     0.76     2 
2280791705  -27.05638    -60.95298     0.60     -0.41     0.73     2 
2280791707  -27.05542    -60.88828     0.44     -0.41     0.60     2 
2280791708  -27.05493    -60.85593     0.57     -0.20     0.60     2 
2280791709  -27.05444    -60.82359     0.64      0.03     0.64     2 
2280791710  -27.05393    -60.79124     0.53     -0.07     0.54     2 
2280791712  -27.05290    -60.72655     0.52     -0.21     0.56     2 
2280791715  -27.05130    -60.62952     0.93     -0.19     0.95     2 
2280791716  -27.05075    -60.59718     0.94     -0.07     0.95     2 
2280791717  -27.05019    -60.56484     0.92     -0.48     1.03     3 
2280791720  -27.04848    -60.46783     0.96     -0.52     1.09     3 
2280791749  -27.09286    -61.95589    -0.07     -0.68     0.68     2 
2280791752  -27.09211    -61.85876    -0.21     -0.27     0.34     1 
2280791758  -27.09039    -61.66453     0.66     -0.34     0.74     2 
2280791759  -27.09008    -61.63216     0.10     -0.17     0.20     1 
2280791761  -27.08944    -61.56742     0.22     -0.22     0.31     1 
2280791762  -27.08910    -61.53505     0.42     -0.12     0.44     1 
2280791763  -27.08876    -61.50268     0.28     -0.34     0.44     1 
2280791765  -27.08806    -61.43794     0.55     -0.09     0.56     2 
2280791766  -27.08770    -61.40558     0.44     -0.10     0.45     1 
2280791767  -27.08732    -61.37321     0.32     -0.17     0.36     1 
2280791769  -27.08656    -61.30848     0.73     -0.40     0.83     2 
2280791770  -27.08617    -61.27612     0.76     -0.44     0.88     2 
2280791772  -27.08536    -61.21139     0.52     -0.17     0.55     2 
2280791774  -27.08452    -61.14667     0.54     -0.16     0.56     2 
2280791779  -27.08229    -60.98487     0.57     -0.29     0.64     2 
2280791780  -27.08182    -60.95251     0.60     -0.25     0.65     2 
2280791781  -27.08135    -60.92016     0.58     -0.31     0.66     2 
2280791783  -27.08038    -60.85545     0.88     -0.59     1.06     3 
2280791784  -27.07988    -60.82309     0.74     -0.56     0.93     2 
2280791785  -27.07937    -60.79074     0.85     -0.22     0.87     2 
2280791786  -27.07886    -60.75839     0.59     -0.36     0.69     2 
2280791787  -27.07834    -60.72604     0.69     -0.22     0.72     2 
2280791788  -27.07782    -60.69369     0.75     -0.42     0.86     2 
2280791792  -27.07563    -60.56430     0.98     -0.28     1.02     3 
2280791793  -27.07507    -60.53195     0.73     -0.34     0.80     2 
2280791794  -27.07450    -60.49960     0.63     -0.27     0.68     2 
2280791812  -27.12067    -62.34427    -0.53     -0.42     0.68     2 
2280791826  -27.11782    -61.89089     0.14      0.30     0.33     1 
2280791835  -27.11522    -61.59947     0.28     -0.21     0.35     1 
2280791838  -27.11421    -61.50234     0.43     -0.56     0.70     2 
2280791840  -27.11351    -61.43759     0.27     -0.30     0.41     1 
2280791841  -27.11314    -61.40522     0.45     -1.04     1.13     3 
2280791842  -27.11277    -61.37284     0.57     -0.27     0.63     2 
2280791843  -27.11239    -61.34047    -0.21     -0.10     0.23     1 
2280791846  -27.11121    -61.24336     0.68     -0.22     0.72     2 
2280791847  -27.11080    -61.21099     0.70      0.20     0.73     2 
2280791848  -27.11039    -61.17862     0.62     -0.26     0.67     2 
2280791849  -27.10997    -61.14625     0.59     -0.23     0.63     2 
2280791853  -27.10820    -61.01678     0.56     -0.07     0.56     2 
2280791856  -27.10679    -60.91969     0.37     -0.22     0.43     1 
2280791857  -27.10631    -60.88732     0.68     -0.18     0.70     2 
2280791858  -27.10582    -60.85496     0.86     -0.21     0.89     2 
2280791859  -27.10532    -60.82260     0.94     -0.05     0.94     2 
2280791861  -27.10430    -60.75788     0.88     -0.23     0.90     2 
2280791863  -27.10326    -60.69317     0.81     -0.29     0.86     2 
2280791865  -27.10218    -60.62845     0.88     -0.33     0.94     2 
2280791866  -27.10163    -60.59610     0.63     -0.69     0.94     2 
2280791867  -27.10107    -60.56374     0.99     -0.16     1.00     3 
2280791868  -27.10050    -60.53139     0.43     -0.55     0.70     2 
2280791869  -27.09993    -60.49904     0.75     -0.59     0.96     2 
2280791870  -27.09935    -60.46669     0.72     -0.46     0.86     2 
2280791911  -27.14034    -61.56677     0.15     -0.18     0.23     1 
2280791914  -27.13932    -61.46962     0.30     -0.14     0.33     1 
2280791915  -27.13896    -61.43724     0.29     -0.17     0.33     1 
2280791916  -27.13859    -61.40486     0.17     -0.25     0.30     1 
2280791917  -27.13822    -61.37248    -0.09     -0.46     0.47     1 
2280791920  -27.13706    -61.27534     0.46     -0.17     0.49     1 
2280791923  -27.13584    -61.17820     0.40     -0.95     1.03     3 
2280791926  -27.13454    -61.08108     0.40     -0.12     0.41     1 
2280791929  -27.13318    -60.98396     0.29     -0.64     0.70     2 
2280791930  -27.13271    -60.95159     0.64     -0.21     0.67     2 
2280791932  -27.13175    -60.88685     0.61     -0.34     0.70     2 
2280791936  -27.12974    -60.75737     0.58     -0.24     0.63     2 
2280791937  -27.12922    -60.72501     0.54      0.04     0.54     2 
2280791938  -27.12869    -60.69264     0.42     -1.15     1.23     3 
2280791939  -27.12816    -60.66028     0.59     -0.25     0.64     2 
2280791940  -27.12761    -60.62792     0.49     -0.35     0.60     2 
2280791941  -27.12706    -60.59555     0.58     -0.31     0.65     2 
2280791944  -27.12537    -60.49847     0.70     -0.50     0.86     2 
2280791962  -27.17159    -62.34397    -0.34      0.09     0.35     1 
2280791987  -27.16546    -61.53405     0.31     -0.30     0.44     1 
2280791988  -27.16512    -61.50166     0.15     -0.21     0.26     1 
2280791993  -27.16329    -61.33972     0.32     -0.33     0.46     1 
2280791995  -27.16251    -61.27495     0.10      0.03     0.11     1 
2280791996  -27.16211    -61.24256     0.18     -0.06     0.19     1 
2280791998  -27.16128    -61.17779     0.38     -0.13     0.40     1 
2280792001  -27.15999    -61.08064     0.37     -0.23     0.44     1 
2280792003  -27.15909    -61.01588     0.34     -0.02     0.34     1 
2280792004  -27.15863    -60.98350     0.57     -0.38     0.68     2 
2280792006  -27.15768    -60.91875     0.57     -0.20     0.60     2 
2280792007  -27.15720    -60.88637     0.60     -0.13     0.61     2 
2280792009  -27.15620    -60.82162     0.73     -0.29     0.78     2 
2280792013  -27.15413    -60.69212     0.78     -0.57     0.97     2 
2280792014  -27.15360    -60.65975     0.85     -0.11     0.86     2 
2280792016  -27.15250    -60.59501     0.59     -0.40     0.71     2 
2280792017  -27.15194    -60.56264     0.62     -0.45     0.77     2 
2280792018  -27.15138    -60.53027     0.55     -0.40     0.68     2 
2280792042  -27.19619    -62.18178    -0.12      0.04     0.13     1 
2280792049  -27.19468    -61.95494     0.02      0.14     0.14     1 
2280792059  -27.19189    -61.63092    -0.20      0.24     0.31     1 
2280792063  -27.19057    -61.50132     0.13     -0.06     0.15     1 
2280792064  -27.19022    -61.46892     0.29     -0.15     0.32     1 
2280792066  -27.18950    -61.40413    -0.10     -1.04     1.04     3 
2280792067  -27.18912    -61.37174     0.06      0.05     0.08     1 
2280792068  -27.18874    -61.33934     0.52     -0.28     0.59     2 
2280792069  -27.18836    -61.30695     0.21     -0.18     0.27     1 
2280792070  -27.18796    -61.27455     0.40     -0.20     0.45     1 
2280792076  -27.18543    -61.08021     0.51     -0.37     0.63     2 
2280792078  -27.18453    -61.01543     0.18     -0.45     0.49     1 
2280792079  -27.18407    -60.98304     0.34     -0.37     0.50     2 
2280792080  -27.18360    -60.95066     0.57     -0.44     0.73     2 
2280792081  -27.18312    -60.91827     0.44     -0.10     0.45     1 
2280792082  -27.18264    -60.88589     0.34     -0.20     0.39     1 
2280792084  -27.18165    -60.82112     0.50     -0.27     0.57     2 
2280792085  -27.18114    -60.78874     0.96     -0.26     0.99     2 
2280792086  -27.18062    -60.75636     0.24     -0.19     0.31     1 
2280792088  -27.17957    -60.69160     1.11     -0.22     1.14     3 
2280792089  -27.17904    -60.65922     0.35     -0.03     0.35     1 
2280792091  -27.17794    -60.59446     0.49     -0.25     0.55     2 
2280792093  -27.17681    -60.52971     0.63     -0.40     0.74     2 
2280792094  -27.17624    -60.49734     0.64     -0.44     0.77     2 
2280792118  -27.22145    -62.14918     0.43      0.14     0.45     1 
2280792123  -27.22038    -61.98712    -0.33     -0.06     0.33     1 
2280792125  -27.21989    -61.92229    -0.22     -0.20     0.30     1 
2280792135  -27.21703    -61.59820     0.03     -0.04     0.05     1 
2280792137  -27.21636    -61.53339     0.21     -0.16     0.26     1 
2280792139  -27.21567    -61.46858     0.19     -0.09     0.21     1 
2280792140  -27.21531    -61.43617     0.05     -0.09     0.10     1 
2280792142  -27.21457    -61.37137     0.36     -0.30     0.47     1 
2280792143  -27.21419    -61.33897     0.17     -0.35     0.39     1 
2280792144  -27.21380    -61.30656    -0.04     -0.42     0.42     1 
2280792146  -27.21301    -61.24176     0.30     -0.30     0.42     1 
2280792150  -27.21132    -61.11217     0.03     -0.34     0.34     1 
2280792152  -27.21043    -61.04738     0.87     -0.40     0.95     2 
2280792155  -27.20904    -60.95019     0.30     -0.15     0.34     1 
2280792157  -27.20808    -60.88541    -0.01     -0.41     0.41     1 
2280792158  -27.20759    -60.85302     0.50     -0.42     0.65     2 
2280792161  -27.20606    -60.75585     0.48     -0.17     0.51     2 
2280792162  -27.20554    -60.72346     0.75     -0.79     1.08     3 
2280792165  -27.20393    -60.62630     0.34      0.08     0.35     1 
2280792167  -27.20282    -60.56153     0.52     -0.32     0.61     2 
2280792169  -27.20168    -60.49677     0.49     -0.41     0.64     2 
2280792189  -27.24764    -62.27868    -0.51      0.04     0.51     2 
2280792190  -27.24747    -62.24625    -0.35      0.12     0.37     1 
2280792193  -27.24691    -62.14899    -0.31     -0.46     0.55     2 
2280792194  -27.24671    -62.11657    -0.34     -0.55     0.64     2 
2280792206  -27.24372    -61.72754    -0.34      0.02     0.34     1 
2280792215  -27.24076    -61.43582     0.05     -0.21     0.22     1 
2280792216  -27.24039    -61.40341     0.24     -0.05     0.24     1 
2280792219  -27.23925    -61.30618     0.16     -0.28     0.33     1 
2280792220  -27.23886    -61.27377     0.13     -0.24     0.28     1 
2280792226  -27.23633    -61.07934     0.37     -0.24     0.44     1 
2280792229  -27.23496    -60.98213     0.32     -0.45     0.55     2 
2280792230  -27.23449    -60.94973     0.35     -0.55     0.65     2 
2280792231  -27.23401    -60.91733     0.21     -0.19     0.28     1 
2280792232  -27.23352    -60.88493     0.19     -0.31     0.36     1 
2280792233  -27.23303    -60.85253     0.25     -0.23     0.34     1 
2280792235  -27.23202    -60.78773     0.55     -0.37     0.66     2 
2280792236  -27.23150    -60.75534     0.45     -0.36     0.57     2 
2280792237  -27.23098    -60.72294     0.50     -0.22     0.55     2 
2280792239  -27.22991    -60.65816     0.55     -0.64     0.85     2 
2280792240  -27.22937    -60.62576     0.41     -0.35     0.54     2 
2280792241  -27.22881    -60.59337     0.96     -0.45     1.06     3 
2280792242  -27.22825    -60.56098     0.38     -0.41     0.55     2 
2280792244  -27.22711    -60.49620     0.59     -0.31     0.66     2 
2280792269  -27.27217    -62.11637    -0.70      0.11     0.71     2 
2280792275  -27.27080    -61.92180    -0.16     -0.10     0.19     1 
2280792276  -27.27055    -61.88938    -0.13     -0.19     0.24     1 
2280792277  -27.27029    -61.85695    -0.07     -0.31     0.32     1 
2280792279  -27.26975    -61.79210    -0.20     -0.03     0.20     1 
2280792284  -27.26825    -61.62998    -0.06     -0.02     0.06     1 
2280792285  -27.26793    -61.59756    -0.11      0.17     0.20     1 
2280792293  -27.26509    -61.33821     0.19     -0.15     0.24     1 
2280792294  -27.26470    -61.30579    -0.05     -0.10     0.11     1 
2280792295  -27.26431    -61.27338     0.04     -0.07     0.08     1 
2280792296  -27.26390    -61.24096     0.01     -0.28     0.28     1 
2280792298  -27.26307    -61.17613     0.19      0.08     0.21     1 
2280792303  -27.26086    -61.01408     0.42     -0.07     0.43     1 
2280792304  -27.26040    -60.98167     0.09     -0.39     0.40     1 
2280792307  -27.25896    -60.88445     0.22     -0.23     0.32     1 
2280792308  -27.25847    -60.85204     0.41     -0.09     0.42     1 
2280792310  -27.25746    -60.78723     0.41     -0.42     0.59     2 
2280792318  -27.25312    -60.52803     0.55     -0.55     0.78     2 
2280792339  -27.29856    -62.27835    -0.98      0.78     1.25     3 
2280792347  -27.29698    -62.01886    -0.29      0.15     0.32     1 
2280792355  -27.29491    -61.75939    -0.19      0.12     0.23     1 
2280792359  -27.29370    -61.62967     0.02     -0.08     0.08     1 
2280792365  -27.29166    -61.43511    -0.07     -0.02     0.07     1 
2280792366  -27.29130    -61.40268    -0.00     -0.17     0.17     1 
2280792369  -27.29015    -61.30541    -0.10     -0.15     0.18     1 
2280792370  -27.28975    -61.27298     0.04     -0.30     0.30     1 
2280792377  -27.28677    -61.04604     0.23     -0.18     0.29     1 
2280792379  -27.28584    -60.98121     0.29     -0.04     0.30     1 
2280792380  -27.28537    -60.94879     0.32     -0.08     0.33     1 
2280792382  -27.28441    -60.88396     0.15     -0.08     0.17     1 
2280792383  -27.28391    -60.85155     0.31     -0.24     0.39     1 
2280792384  -27.28341    -60.81914     0.42     -0.38     0.56     2 
2280792385  -27.28290    -60.78673     0.52     -0.74     0.91     2 
2280792386  -27.28239    -60.75431     0.21     -0.38     0.43     1 
2280792389  -27.28079    -60.65709     0.39     -0.29     0.49     1 
2280792391  -27.27969    -60.59228     0.50     -0.37     0.62     2 
2280792392  -27.27913    -60.55987     0.60     -0.36     0.70     2 
2280792393  -27.27856    -60.52746     0.48     -0.48     0.68     2 
2280792410  -27.32462    -62.40796    -0.23      0.66     0.70     2 
2280792422  -27.32243    -62.01863    -0.49      0.12     0.51     2 
2280792433  -27.31947    -61.66179    -0.25     -0.31     0.40     1 
2280792436  -27.31850    -61.56449    -0.16     -0.01     0.16     1 
2280792438  -27.31782    -61.49962    -0.05     -0.09     0.10     1 
2280792439  -27.31747    -61.46718    -0.04     -0.11     0.12     1 
2280792443  -27.31599    -61.33745    -0.04     -0.09     0.10     1 
2280792444  -27.31560    -61.30502    -0.12     -0.01     0.12     1 
2280792446  -27.31480    -61.24016     0.84      0.21     0.87     2 
2280792447  -27.31438    -61.20773     0.28     -0.08     0.29     1 
2280792453  -27.31175    -61.01317     0.60      0.55     0.81     2 
2280792455  -27.31082    -60.94832     0.17     -0.36     0.40     1 
2280792457  -27.30985    -60.88348     0.22     -0.08     0.24     1 
2280792459  -27.30885    -60.81864     0.26     -0.29     0.39     1 
2280792461  -27.30783    -60.75380     0.43     -0.25     0.50     2 
2280792464  -27.30623    -60.65655     0.61     -0.41     0.73     2 
2280792466  -27.30513    -60.59173     0.30     -0.32     0.44     1 
2280792467  -27.30456    -60.55931     0.25     -0.43     0.50     1 
2280792490  -27.34930    -62.24556    -0.43      0.16     0.46     1 
2280792495  -27.34833    -62.08331    -0.32      0.59     0.67     2 
2280792496  -27.34811    -62.05086    -0.11     -0.07     0.13     1 
2280792497  -27.34789    -62.01841    -0.66      0.23     0.70     2 
2280792502  -27.34665    -61.85617     0.13      0.38     0.40     1 
2280792507  -27.34523    -61.69393    -0.17      0.15     0.23     1 
2280792508  -27.34492    -61.66149    -0.18      0.15     0.23     1 
2280792510  -27.34429    -61.59660    -0.28      0.09     0.30     1 
2280792512  -27.34362    -61.53171    -0.00      0.16     0.16     1 
2280792514  -27.34292    -61.46683    -0.10     -0.34     0.36     1 
2280792517  -27.34182    -61.36951    -0.14     -0.01     0.14     1 
2280792519  -27.34105    -61.30463     0.01     -0.30     0.30     1 
2280792520  -27.34065    -61.27220    -0.11     -0.20     0.23     1 
2280792524  -27.33898    -61.14245     0.13     -0.19     0.23     1 
2280792527  -27.33766    -61.04515     0.33     -0.22     0.39     1 
2280792528  -27.33720    -61.01272     0.13     -0.33     0.35     1 
2280792529  -27.33673    -60.98029     0.11      0.01     0.12     1 
2280792530  -27.33626    -60.94786     0.08     -0.23     0.24     1 
2280792531  -27.33578    -60.91543     0.05     -0.31     0.31     1 
2280792532  -27.33529    -60.88300     0.30     -0.28     0.41     1 
2280792533  -27.33480    -60.85057     0.23     -0.21     0.31     1 
2280792534  -27.33429    -60.81814     0.16     -0.33     0.36     1 
2280792535  -27.33378    -60.78572     0.27     -0.17     0.32     1 
2280792536  -27.33327    -60.75329     0.42     -0.12     0.44     1 
2280792537  -27.33274    -60.72087     0.26     -0.08     0.27     1 
2280792538  -27.33221    -60.68844     0.15     -0.35     0.38     1 
2280792539  -27.33167    -60.65602     0.46     -0.39     0.60     2 
2280792541  -27.33056    -60.59118     0.39     -0.28     0.48     1 
2280792543  -27.32943    -60.52634     0.30     -0.32     0.44     1 
2280792560  -27.37554    -62.40769    -0.43      0.44     0.61     2 
2280792565  -27.37476    -62.24539    -0.46      0.59     0.75     2 
2280792566  -27.37458    -62.21293    -0.63     -0.16     0.65     2 
2280792568  -27.37420    -62.14802    -0.54      0.31     0.63     2 
2280792576  -27.37237    -61.88836    -0.79     -0.40     0.89     2 
2280792577  -27.37211    -61.85590    -0.33      0.66     0.73     2 
2280792587  -27.36907    -61.53138    -0.26      0.05     0.27     1 
2280792593  -27.36688    -61.33669     0.07     -0.01     0.07     1 
2280792596  -27.36569    -61.23936    -0.17      0.07     0.19     1 
2280792598  -27.36486    -61.17447     0.12     -0.01     0.12     1 
2280792599  -27.36443    -61.14203    -0.48     -0.33     0.58     2 
2280792604  -27.36218    -60.97982    -0.13     -0.06     0.15     1 
2280792605  -27.36170    -60.94739     0.28     -0.17     0.33     1 
2280792606  -27.36122    -60.91495     0.15     -0.06     0.16     1 
2280792608  -27.36024    -60.85008     0.12     -0.31     0.34     1 
2280792609  -27.35973    -60.81764     0.09     -0.17     0.20     1 
2280792610  -27.35922    -60.78521     0.37     -0.06     0.38     1 
2280792611  -27.35871    -60.75278     0.29     -0.28     0.40     1 
2280792617  -27.35544    -60.55820     0.36     -0.34     0.49     1 
2280792638  -27.40055    -62.31015    -0.40      0.20     0.44     1 
2280792639  -27.40038    -62.27769    -0.33      0.36     0.49     1 
2280792641  -27.40003    -62.21275    -0.83      0.09     0.84     2 
2280792642  -27.39985    -62.18029    -0.56      0.37     0.67     2 
2280792643  -27.39965    -62.14782    -0.54      0.38     0.66     2 
2280792644  -27.39945    -62.11536    -0.49      0.37     0.61     2 
2280792655  -27.39673    -61.75826    -0.31      0.24     0.39     1 
2280792658  -27.39583    -61.66088    -0.41      0.28     0.50     1 
2280792670  -27.39154    -61.27141    -0.18      0.09     0.20     1 
2280792671  -27.39114    -61.23895     0.10     -0.02     0.10     1 
2280792672  -27.39072    -61.20650     0.07     -0.02     0.07     1 
2280792674  -27.38987    -61.14160    -0.02      0.02     0.03     1 
2280792677  -27.38854    -61.04426    -0.04     -0.16     0.16     1 
2280792678  -27.38809    -61.01181    -0.15      0.04     0.15     1 
2280792679  -27.38762    -60.97936    -0.12      0.02     0.12     1 
2280792680  -27.38715    -60.94692     0.23     -0.21     0.32     1 
2280792681  -27.38666    -60.91447    -0.10     -0.32     0.33     1 
2280792682  -27.38618    -60.88203     0.05     -0.07     0.08     1 
2280792683  -27.38568    -60.84959    -0.08      0.10     0.13     1 
2280792685  -27.38466    -60.78470     0.48     -0.01     0.48     1 
2280792686  -27.38414    -60.75226     0.20     -0.23     0.30     1 
2280792687  -27.38362    -60.71982     0.07     -0.21     0.22     1 
2280792688  -27.38308    -60.68738     0.25     -0.10     0.27     1 
2280792689  -27.38254    -60.65495     0.31     -0.28     0.42     1 
2280792690  -27.38199    -60.62251     0.25     -0.42     0.49     1 
2280792691  -27.38144    -60.59007     0.30     -0.34     0.45     1 
2280792692  -27.38087    -60.55764     0.31     -0.43     0.53     2 
2280792709  -27.42659    -62.43990    -0.46      0.37     0.59     2 
2280792713  -27.42601    -62.31000    -0.71      0.17     0.73     2 
2280792714  -27.42584    -62.27752    -0.49      0.40     0.63     2 
2280792716  -27.42549    -62.21257    -0.36      0.36     0.51     2 
2280792717  -27.42530    -62.18010    -0.45      0.24     0.51     2 
2280792718  -27.42511    -62.14762    -0.54      0.34     0.64     2 
2280792719  -27.42491    -62.11515    -0.57      0.26     0.63     2 
2280792733  -27.42128    -61.66057    -0.42      0.07     0.43     1 
2280792746  -27.41659    -61.23855    -0.04     -0.17     0.17     1 
2280792748  -27.41575    -61.17363     0.22     -0.33     0.40     1 
2280792749  -27.41532    -61.14117    -0.03     -0.02     0.04     1 
2280792750  -27.41488    -61.10872    -0.32      0.46     0.56     2 
2280792751  -27.41444    -61.07626    -0.08     -0.14     0.16     1 
2280792754  -27.41306    -60.97890    -0.05      0.05     0.07     1 
2280792755  -27.41259    -60.94645    -0.06     -0.08     0.10     1 
2280792758  -27.41112    -60.84909     0.03     -0.12     0.13     1 
2280792759  -27.41061    -60.81664    -0.07     -0.20     0.21     1 
2280792760  -27.41010    -60.78420     0.31     -0.20     0.37     1 
2280792761  -27.40958    -60.75175     0.09     -0.01     0.09     1 
2280792762  -27.40906    -60.71930     0.09     -0.08     0.12     1 
2280792763  -27.40852    -60.68686     0.09     -0.27     0.29     1 
2280792764  -27.40798    -60.65441     0.07     -0.36     0.36     1 
2280792765  -27.40743    -60.62197     0.44     -0.37     0.58     2 
2280792766  -27.40687    -60.58952     0.09     -0.38     0.39     1 
2280792767  -27.40631    -60.55708     0.12     -0.18     0.22     1 
2280792784  -27.45205    -62.43977    -0.63      0.34     0.72     2 
2280792791  -27.45095    -62.21239    -0.73      0.54     0.91     2 
2280792796  -27.44993    -62.04999    -0.55      0.33     0.64     2 
2280792801  -27.44873    -61.88759    -0.46      0.44     0.64     2 
2280792804  -27.44792    -61.79016    -0.30      0.11     0.32     1 
2280792807  -27.44704    -61.69274    -0.48      0.43     0.65     2 
2280792808  -27.44673    -61.66026    -0.51      0.23     0.56     2 
2280792809  -27.44642    -61.62779    -0.45     -0.34     0.57     2 
2280792812  -27.44542    -61.53037    -0.37      0.12     0.39     1 
2280792813  -27.44507    -61.49790    -0.52     -0.14     0.53     2 
2280792815  -27.44436    -61.43296    -0.76      0.06     0.77     2 
2280792819  -27.44284    -61.30308    -0.06      0.08     0.10     1 
2280792822  -27.44162    -61.20568    -0.07     -0.02     0.08     1 
2280792826  -27.43989    -61.07582    -0.18     -0.22     0.29     1 
2280792829  -27.43851    -60.97844    -0.11     -0.23     0.25     1 
2280792830  -27.43803    -60.94598     0.21     -0.05     0.22     1 
2280792832  -27.43706    -60.88106     0.09      0.01     0.09     1 
2280792833  -27.43656    -60.84860     0.18      0.08     0.20     1 
2280792834  -27.43606    -60.81614    -0.13     -0.16     0.20     1 
2280792836  -27.43502    -60.75123     0.26     -0.13     0.29     1 
2280792839  -27.43342    -60.65387     0.01     -0.22     0.22     1 
2280792840  -27.43287    -60.62142     0.10     -0.23     0.25     1 
2280792842  -27.43174    -60.55652     0.20     -0.20     0.28     1 
2280792859  -27.47751    -62.43964    -0.57      0.53     0.77     2 
2280792871  -27.47539    -62.04977    -0.82      0.29     0.87     2 
2280792873  -27.47493    -61.98480    -0.51      0.84     0.98     2 
2280792874  -27.47469    -61.95231    -0.58      0.82     1.00     3 
2280792881  -27.47279    -61.72492    -0.09      0.66     0.67     2 
2280792884  -27.47187    -61.62747    -0.29     -0.02     0.29     1 
2280792885  -27.47154    -61.59499    -0.41      0.20     0.46     1 
2280792887  -27.47087    -61.53003    -0.37      0.23     0.43     1 
2280792891  -27.46944    -61.40012    -0.28     -0.02     0.28     1 
2280792892  -27.46906    -61.36764    -0.19      0.06     0.20     1 
2280792896  -27.46748    -61.23774    -0.24      0.13     0.28     1 
2280792897  -27.46706    -61.20527    -0.29     -0.08     0.30     1 
2280792899  -27.46621    -61.14032    -0.14      0.19     0.24     1 
2280792900  -27.46577    -61.10785    -0.05      0.27     0.27     1 
2280792904  -27.46395    -60.97797     0.04     -0.16     0.16     1 
2280792905  -27.46347    -60.94550    -0.12     -0.14     0.18     1 
2280792906  -27.46299    -60.91304    -0.02     -0.11     0.11     1 
2280792907  -27.46250    -60.88057    -0.14     -0.31     0.34     1 
2280792910  -27.46098    -60.78318     0.14     -0.12     0.18     1 
2280792911  -27.46046    -60.75072    -0.03     -0.01     0.03     1 
2280792913  -27.45940    -60.68579     0.01      0.06     0.06     1 
2280792915  -27.45830    -60.62087     0.16     -0.29     0.33     1 
2280792916  -27.45775    -60.58842     0.12     -0.21     0.24     1 
2280792917  -27.45718    -60.55596     0.11     -0.25     0.28     1 
2280792942  -27.50167    -62.17953    -0.52      0.24     0.58     2 
2280792950  -27.49990    -61.91958    -0.42      0.03     0.43     1 
2280792956  -27.49825    -61.72463    -0.63      0.30     0.69     2 
2280792958  -27.49763    -61.65965    -0.45      0.29     0.53     2 
2280792965  -27.49526    -61.43223    -0.66      0.27     0.71     2 
2280792966  -27.49489    -61.39975    -0.29      0.13     0.32     1 
2280792968  -27.49413    -61.33478    -0.48      0.36     0.60     2 
2280792974  -27.49166    -61.13989    -0.28     -0.02     0.28     1 
2280792979  -27.48939    -60.97751    -0.28      0.10     0.30     1 
2280792985  -27.48642    -60.78267    -0.09     -0.14     0.17     1 
2280792986  -27.48590    -60.75020    -0.08     -0.10     0.13     1 
2280792987  -27.48537    -60.71773     0.18      0.05     0.18     1 
2280792988  -27.48484    -60.68526     0.00     -0.13     0.13     1 
2280792989  -27.48429    -60.65279     0.02     -0.13     0.14     1 
2280792990  -27.48374    -60.62033     0.09     -0.13     0.16     1 
2280792991  -27.48318    -60.58786     0.14     -0.23     0.27     1 
2280793010  -27.52829    -62.40688    -0.34      0.12     0.36     1 
2280793018  -27.52693    -62.14684    -0.49      0.53     0.72     2 
2280793021  -27.52630    -62.04933    -0.04      0.64     0.64     2 
2280793031  -27.52370    -61.72433    -0.84      0.43     0.94     2 
2280793036  -27.52211    -61.56185     0.01     -0.26     0.26     1 
2280793041  -27.52034    -61.39938    -0.34      0.30     0.45     1 
2280793043  -27.51957    -61.33440    -0.33      0.25     0.41     1 
2280793049  -27.51710    -61.13947    -0.01     -0.05     0.05     1 
2280793051  -27.51622    -61.07449    -0.72     -0.03     0.72     2 
2280793052  -27.51576    -61.04201    -0.14      0.02     0.14     1 
2280793053  -27.51530    -61.00953     0.04     -0.15     0.15     1 
2280793054  -27.51483    -60.97704    -0.37      0.23     0.44     1 
2280793055  -27.51436    -60.94456    -0.19     -0.30     0.35     1 
2280793057  -27.51338    -60.87960    -0.23      0.19     0.30     1 
2280793062  -27.51081    -60.71720     0.04      0.15     0.15     1 
2280793063  -27.51027    -60.68473    -0.15     -0.10     0.18     1 
2280793064  -27.50973    -60.65225     0.17     -0.04     0.17     1 
2280793065  -27.50918    -60.61978     0.02     -0.24     0.24     1 
2280793066  -27.50862    -60.58731     0.01     -0.24     0.24     1 
2280793090  -27.55295    -62.24418    -0.64      0.21     0.68     2 
2280793102  -27.55028    -61.85406    -0.41      0.39     0.57     2 
2280793104  -27.54973    -61.78905    -0.46     -0.00     0.46     1 
2280793107  -27.54885    -61.69153    -0.83      0.34     0.90     2 
2280793111  -27.54756    -61.56152    -0.61      0.24     0.66     2 
2280793114  -27.54652    -61.46401    -0.28      0.29     0.40     1 
2280793116  -27.54579    -61.39901    -0.37      0.20     0.42     1 
2280793119  -27.54463    -61.30152    -0.31      0.50     0.59     2 
2280793124  -27.54255    -61.13904    -0.18      0.22     0.28     1 
2280793125  -27.54211    -61.10654    -0.19      0.10     0.22     1 
2280793126  -27.54166    -61.07405    -0.30      0.17     0.35     1 
2280793127  -27.54121    -61.04156    -0.27      0.07     0.28     1 
2280793129  -27.54028    -60.97658    -0.18      0.16     0.24     1 
2280793130  -27.53980    -60.94409    -0.17      0.02     0.17     1 
2280793131  -27.53932    -60.91160    -0.39     -0.04     0.40     1 
2280793135  -27.53730    -60.78165    -0.54     -0.18     0.57     2 
2280793136  -27.53678    -60.74916    -0.17     -0.06     0.18     1 
2280793139  -27.53517    -60.65171     0.01     -0.12     0.12     1 
2280793140  -27.53461    -60.61923     0.09     -0.22     0.24     1 
2280793158  -27.57946    -62.47164    -0.61      0.54     0.81     2 
2280793162  -27.57891    -62.34156    -0.25      0.24     0.35     1 
2280793163  -27.57875    -62.30904    -0.15      0.16     0.22     1 
2280793165  -27.57841    -62.24400    -0.18      0.18     0.26     1 
2280793171  -27.57721    -62.04890    -0.48      0.28     0.55     2 
2280793181  -27.57460    -61.72374    -0.51      0.28     0.58     2 
2280793182  -27.57430    -61.69123    -0.54      0.43     0.69     2 
2280793183  -27.57399    -61.65872    -1.07      0.45     1.16     3 
2280793184  -27.57367    -61.62621    -0.41     -0.01     0.41     1 
2280793188  -27.57232    -61.49617    -0.36      0.22     0.42     1 
2280793189  -27.57197    -61.46366    -0.31     -0.17     0.35     1 
2280793192  -27.57086    -61.36614    -0.27      0.29     0.40     1 
2280793193  -27.57047    -61.33363    -0.17      0.40     0.44     1 
2280793197  -27.56885    -61.20361     0.12      0.20     0.23     1 
2280793201  -27.56711    -61.07361    -0.14     -0.12     0.19     1 
2280793202  -27.56665    -61.04111    -0.37      0.01     0.37     1 
2280793203  -27.56619    -61.00861     0.01      0.08     0.08     1 
2280793204  -27.56572    -60.97611    -0.15      0.13     0.20     1 
2280793206  -27.56476    -60.91112    -0.18      0.13     0.22     1 
2280793210  -27.56274    -60.78114    -0.03     -0.07     0.08     1 
2280793211  -27.56222    -60.74865     0.08     -0.05     0.10     1 
2280793212  -27.56169    -60.71615    -0.06     -0.06     0.08     1 
2280793214  -27.56060    -60.65117    -0.04     -0.05     0.07     1 
2280793215  -27.56005    -60.61868    -0.15     -0.13     0.20     1 
2280793233  -27.60492    -62.47152    -0.37      0.47     0.60     2 
2280793236  -27.60451    -62.37394    -0.37      0.38     0.53     2 
2280793237  -27.60436    -62.34141    -0.40      0.33     0.52     2 
2280793242  -27.60350    -62.17878    -0.20      0.28     0.34     1 
2280793244  -27.60310    -62.11373    -0.52      0.20     0.56     2 
2280793245  -27.60289    -62.08120     0.47      0.84     0.96     2 
2280793246  -27.60267    -62.04868    -0.42      0.61     0.74     2 
2280793249  -27.60196    -61.95110    -0.84      0.61     1.04     3 
2280793250  -27.60171    -61.91858    -0.30      0.97     1.02     3 
2280793253  -27.60092    -61.82101    -0.85      0.77     1.14     3 
2280793256  -27.60006    -61.72345    -0.57      0.19     0.60     2 
2280793257  -27.59975    -61.69093    -0.32      0.38     0.49     1 
2280793258  -27.59944    -61.65841    -0.35      0.51     0.62     2 
2280793261  -27.59847    -61.56085    -0.52      0.17     0.54     2 
2280793263  -27.59777    -61.49582    -0.50      0.37     0.62     2 
2280793269  -27.59552    -61.30073    -0.29      0.30     0.42     1 
2280793276  -27.59255    -61.07316    -0.17      0.25     0.30     1 
2280793277  -27.59210    -61.04066    -0.63      0.11     0.64     2 
2280793278  -27.59163    -61.00815    -0.01      0.09     0.09     1 
2280793279  -27.59116    -60.97564    -0.07      0.16     0.18     1 
2280793280  -27.59069    -60.94314    -0.02      0.04     0.05     1 
2280793281  -27.59020    -60.91063    -0.19      0.13     0.23     1 
2280793282  -27.58971    -60.87813    -0.12      0.17     0.21     1 
2280793284  -27.58870    -60.81313    -0.13      0.01     0.13     1 
2280793285  -27.58818    -60.78063    -0.07      0.25     0.27     1 
2280793287  -27.58713    -60.71563    -0.09      0.02     0.10     1 
2280793288  -27.58659    -60.68313    -0.10     -0.10     0.14     1 
2280793290  -27.58549    -60.61814     0.00     -0.12     0.12     1 
2280793309  -27.63025    -62.43886    -0.03      0.37     0.37     1 
2280793311  -27.62997    -62.37379    -0.14      0.34     0.37     1 
2280793312  -27.62982    -62.34126    -0.31      0.14     0.34     1 
2280793319  -27.62855    -62.11352    -0.77      0.01     0.77     2 
2280793325  -27.62717    -61.91833    -0.29      0.55     0.63     2 
2280793332  -27.62520    -61.69063    -0.60      0.24     0.64     2 
2280793336  -27.62392    -61.56052    -0.25      0.47     0.53     2 
2280793337  -27.62357    -61.52800    -0.57      0.36     0.67     2 
2280793338  -27.62323    -61.49547    -0.04      0.31     0.31     1 
2280793344  -27.62097    -61.30034    -0.30      0.28     0.41     1 
2280793352  -27.61754    -61.04020    -0.05      0.24     0.25     1 
2280793354  -27.61660    -60.97518    -0.25      0.13     0.29     1 
2280793355  -27.61613    -60.94266    -0.04      0.07     0.08     1 
2280793356  -27.61564    -60.91015    -0.18      0.21     0.28     1 
2280793357  -27.61515    -60.87764    -0.18      0.17     0.25     1 
2280793358  -27.61465    -60.84513    -0.24      0.16     0.29     1 
2280793359  -27.61414    -60.81262    -0.09     -0.00     0.09     1 
2280793364  -27.61148    -60.65009    -0.17      0.08     0.19     1 
2280793383  -27.65583    -62.47128     0.04      0.33     0.33     1 
2280793384  -27.65571    -62.43873    -0.08      0.19     0.21     1 
2280793385  -27.65557    -62.40619    -0.13      0.07     0.15     1 
2280793387  -27.65528    -62.34110     0.10     -0.09     0.13     1 
2280793388  -27.65512    -62.30856    -0.17      0.31     0.35     1 
2280793389  -27.65495    -62.27602    -0.08      0.21     0.22     1 
2280793390  -27.65478    -62.24348    -0.12      0.17     0.21     1 
2280793393  -27.65421    -62.14585    -0.15      0.16     0.22     1 
2280793394  -27.65401    -62.11332    -0.30      0.21     0.36     1 
2280793395  -27.65379    -62.08078    -0.29      0.26     0.39     1 
2280793396  -27.65358    -62.04823    -0.51     -0.27     0.58     2 
2280793406  -27.65096    -61.72286    -0.35      0.34     0.48     1 
2280793407  -27.65066    -61.69032    -0.22      0.21     0.30     1 
2280793414  -27.64832    -61.46259    -0.28      0.23     0.36     1 
2280793415  -27.64795    -61.43006    -0.27      0.41     0.49     1 
2280793416  -27.64758    -61.39753    -0.34      0.18     0.39     1 
2280793419  -27.64642    -61.29995    -0.25      0.40     0.48     1 
2280793424  -27.64433    -61.13732    -0.26      0.45     0.52     2 
2280793425  -27.64389    -61.10479    -0.13     -0.10     0.16     1 
2280793428  -27.64252    -61.00723    -0.30     -0.15     0.34     1 
2280793429  -27.64205    -60.97471    -0.25      0.29     0.39     1 
2280793430  -27.64157    -60.94219    -0.31      0.16     0.35     1 
2280793431  -27.64108    -60.90967    -0.30      0.26     0.40     1 
2280793435  -27.63906    -60.77960    -0.12     -0.03     0.12     1 
2280793436  -27.63854    -60.74708    -0.10     -0.22     0.24     1 
2280793440  -27.63636    -60.61703    -0.10     -0.03     0.11     1 
2280793458  -27.68129    -62.47116     0.11      0.35     0.37     1 
2280793459  -27.68116    -62.43860    -0.37      0.15     0.39     1 
2280793460  -27.68103    -62.40605     0.93      0.03     0.93     2 
2280793465  -27.68023    -62.24330    -0.08     -0.10     0.13     1 
2280793467  -27.67986    -62.17821    -0.07      0.04     0.08     1 
2280793468  -27.67967    -62.14566    -0.11      0.11     0.15     1 
2280793469  -27.67946    -62.11311    -0.41      0.16     0.44     1 
2280793472  -27.67880    -62.01547    -0.30      0.39     0.49     1 
2280793488  -27.67412    -61.49478    -0.11      0.03     0.12     1 
2280793489  -27.67377    -61.46224    -0.14      0.34     0.37     1 
2280793493  -27.67226    -61.33209    -0.13      0.07     0.15     1 
2280793494  -27.67187    -61.29955    -0.13      0.11     0.18     1 
2280793499  -27.66977    -61.13689    -0.27      0.49     0.56     2 
2280793500  -27.66933    -61.10435    -0.48      0.14     0.50     1 
2280793504  -27.66749    -60.97424    -0.39      0.08     0.40     1 
2280793506  -27.66652    -60.90918     0.06     -0.04     0.08     1 
2280793507  -27.66603    -60.87666    -0.09      0.07     0.11     1 
2280793510  -27.66450    -60.77909    -0.16      0.09     0.18     1 
2280793513  -27.66290    -60.68152    -0.01      0.03     0.04     1 
2280793514  -27.66235    -60.64900    -0.24     -0.22     0.33     1 
2280793515  -27.66180    -60.61648    -0.11      0.15     0.19     1 
2280793533  -27.70675    -62.47103     0.03      0.14     0.15     1 
2280793534  -27.70662    -62.43847     0.03      0.18     0.18     1 
2280793537  -27.70619    -62.34080     0.17      0.22     0.28     1 
2280793538  -27.70603    -62.30824     0.21     -0.24     0.31     1 
2280793539  -27.70586    -62.27569    -0.58      0.36     0.68     2 
2280793543  -27.70512    -62.14546    -0.05      0.08     0.10     1 
2280793544  -27.70492    -62.11290    -0.12      0.17     0.21     1 
2280793545  -27.70470    -62.08035    -0.01      0.12     0.12     1 
2280793546  -27.70448    -62.04779     0.00      0.06     0.06     1 
2280793555  -27.70216    -61.75482    -0.26      0.17     0.32     1 
2280793562  -27.69992    -61.52697    -0.30      0.44     0.53     2 
2280793568  -27.69771    -61.33170    -0.08      0.16     0.18     1 
2280793569  -27.69731    -61.29916     0.09      0.10     0.13     1 
2280793571  -27.69650    -61.23407    -0.04      0.30     0.30     1 
2280793573  -27.69565    -61.16899    -0.24     -0.16     0.30     1 
2280793575  -27.69477    -61.10392    -0.18      0.25     0.30     1 
2280793576  -27.69433    -61.07138    -0.20      0.26     0.33     1 
2280793577  -27.69387    -61.03884    -0.08      0.17     0.19     1 
2280793578  -27.69340    -61.00630    -0.25      0.47     0.53     2 
2280793579  -27.69293    -60.97377    -0.07      0.22     0.23     1 
2280793581  -27.69196    -60.90870    -0.05      0.08     0.09     1 
2280793582  -27.69147    -60.87617    -0.01      0.08     0.08     1 
2280793583  -27.69097    -60.84363    -0.19      0.21     0.28     1 
2280793585  -27.68994    -60.77857    -0.31      0.27     0.41     1 
2280793587  -27.68888    -60.71351    -0.01     -0.00     0.01     1 
2280793588  -27.68834    -60.68098    -0.02     -0.07     0.07     1 
2280793607  -27.73233    -62.50348     0.08      0.03     0.09     1 
2280793608  -27.73221    -62.47091     0.01      0.16     0.16     1 
2280793609  -27.73208    -62.43834     0.18     -0.19     0.26     1 
2280793612  -27.73165    -62.34065    -0.30     -0.67     0.73     2 
2280793617  -27.73077    -62.17782     0.25      0.13     0.28     1 
2280793618  -27.73058    -62.14526     0.09      0.10     0.13     1 
2280793619  -27.73037    -62.11270     0.06      0.16     0.17     1 
2280793627  -27.72846    -61.85221    -0.07      0.27     0.27     1 
2280793628  -27.72818    -61.81965     0.01      0.12     0.12     1 
2280793630  -27.72761    -61.75453    -0.12     -0.52     0.54     2 
2280793632  -27.72701    -61.68941    -0.06      0.25     0.26     1 
2280793638  -27.72502    -61.49408     0.73     -0.03     0.73     2 
2280793642  -27.72354    -61.36387    -0.05      0.30     0.30     1 
2280793643  -27.72315    -61.33132    -0.06      0.13     0.14     1 
2280793649  -27.72066    -61.13602    -0.30      0.08     0.31     1 
2280793650  -27.72022    -61.10348     0.03     -0.03     0.05     1 
2280793651  -27.71977    -61.07093    -0.13      0.25     0.28     1 
2280793653  -27.71885    -61.00584    -0.24      0.39     0.46     1 
2280793656  -27.71740    -60.90821     0.08      0.13     0.15     1 
2280793657  -27.71691    -60.87567    -0.03      0.16     0.16     1 
2280793659  -27.71589    -60.81059    -0.07     -0.04     0.08     1 
2280793660  -27.71538    -60.77806    -0.18      0.22     0.29     1 
2280793662  -27.71432    -60.71298     0.16      0.09     0.19     1 
2280793663  -27.71377    -60.68044    -0.32     -0.13     0.34     1 
2280793682  -27.75778    -62.50336     0.17      0.06     0.18     1 
2280793684  -27.75753    -62.43821     0.18      0.34     0.38     1 
2280793694  -27.75583    -62.11249     0.10      0.09     0.13     1 
2280793695  -27.75561    -62.07992     0.19      0.07     0.20     1 
2280793696  -27.75539    -62.04735     0.07     -0.24     0.25     1 
2280793701  -27.75418    -61.88451    -0.23      0.12     0.26     1 
2280793703  -27.75363    -61.81937     0.06     -0.07     0.09     1 
2280793704  -27.75335    -61.78681    -0.44      0.20     0.48     1 
2280793712  -27.75082    -61.52629     0.01     -0.14     0.14     1 
2280793717  -27.74899    -61.36349    -0.03      0.17     0.17     1 
2280793718  -27.74860    -61.33093     0.08     -0.09     0.12     1 
2280793719  -27.74820    -61.29837     0.08      0.07     0.10     1 
2280793720  -27.74780    -61.26581    -0.20      0.01     0.20     1 
2280793723  -27.74654    -61.16814    -0.09      0.20     0.22     1 
2280793724  -27.74611    -61.13559    -0.08      0.21     0.23     1 
2280793725  -27.74566    -61.10303    -0.28      0.01     0.28     1 
2280793728  -27.74429    -61.00538    -0.07      0.21     0.22     1 
2280793729  -27.74382    -60.97283     0.01      0.16     0.16     1 
2280793730  -27.74333    -60.94028    -0.05      0.19     0.20     1 
2280793731  -27.74285    -60.90773     0.08      0.40     0.40     1 
2280793733  -27.74185    -60.84263    -0.12      0.03     0.12     1 
2280793734  -27.74133    -60.81008    -0.03      0.14     0.14     1 
2280793737  -27.73975    -60.71245     0.16     -0.29     0.33     1 
2280793756  -27.78335    -62.53583     0.13      0.13     0.19     1 
2280793758  -27.78312    -62.47066     0.11      0.11     0.15     1 
2280793759  -27.78299    -62.43808    -0.01      0.18     0.18     1 
2280793762  -27.78256    -62.34034     0.40     -0.39     0.56     2 
2280793763  -27.78240    -62.30776     0.17     -0.14     0.22     1 
2280793768  -27.78149    -62.14486     0.18      0.36     0.41     1 
2280793769  -27.78128    -62.11228    -0.02     -0.14     0.14     1 
2280793770  -27.78107    -62.07971     0.41     -0.27     0.49     1 
2280793775  -27.77989    -61.91682     0.11     -0.02     0.11     1 
2280793783  -27.77760    -61.65623     0.18      0.00     0.18     1 
2280793794  -27.77365    -61.29797     0.00     -0.09     0.09     1 
2280793796  -27.77283    -61.23284    -0.12      0.05     0.13     1 
2280793798  -27.77199    -61.16772    -0.10      0.07     0.12     1 
2280793799  -27.77155    -61.13515    -0.06      0.10     0.12     1 
2280793800  -27.77111    -61.10259     0.08      0.04     0.09     1 
2280793803  -27.76973    -61.00491    -0.10      0.13     0.16     1 
2280793805  -27.76878    -60.93980     0.25      0.17     0.30     1 
2280793808  -27.76729    -60.84213     0.00      0.22     0.22     1 
2280793809  -27.76677    -60.80958    -0.06      0.19     0.19     1 
2280793811  -27.76573    -60.74447    -0.11     -0.02     0.11     1 
2280793838  -27.80785    -62.30760     0.47      0.31     0.56     2 
2280793843  -27.80694    -62.14466     0.23      0.03     0.23     1 
2280793845  -27.80652    -62.07949     0.11      0.01     0.11     1 
2280793849  -27.80559    -61.94915     0.04      0.17     0.17     1 
2280793851  -27.80508    -61.88399     0.49      0.14     0.51     2 
2280793853  -27.80454    -61.81882     0.24      0.02     0.24     1 
2280793855  -27.80397    -61.75366     0.26     -0.25     0.36     1 
2280793857  -27.80336    -61.68850     0.28     -0.18     0.33     1 
2280793867  -27.79989    -61.36272     0.06     -0.11     0.12     1 
2280793870  -27.79869    -61.26500     0.09     -0.06     0.11     1 
2280793872  -27.79786    -61.19986     0.13      0.21     0.25     1 
2280793874  -27.79699    -61.13472     0.06     -0.06     0.08     1 
2280793875  -27.79655    -61.10215     0.08      0.01     0.08     1 
2280793876  -27.79610    -61.06958    -0.11     -0.02     0.12     1 
2280793885  -27.79169    -60.77650     0.20      0.28     0.34     1 
2280793887  -27.79063    -60.71138    -0.45     -0.07     0.46     1 
2280793889  -27.78953    -60.64627     0.22      0.06     0.23     1 
2280793908  -27.83403    -62.47042     0.20     -0.27     0.33     1 
2280793909  -27.83390    -62.43782    -0.17      0.19     0.26     1 
2280793911  -27.83362    -62.37263     0.16      0.06     0.17     1 
2280793912  -27.83347    -62.34003     0.14      0.04     0.15     1 
2280793913  -27.83331    -62.30744     0.16     -0.14     0.22     1 
2280793915  -27.83297    -62.24225     0.23      0.15     0.27     1 
2280793916  -27.83279    -62.20965     0.20     -0.28     0.34     1 
2280793917  -27.83260    -62.17706     0.32     -0.31     0.44     1 
2280793924  -27.83105    -61.94891     0.18     -0.02     0.18     1 
2280793926  -27.83053    -61.88373     0.38      0.02     0.38     1 
2280793927  -27.83027    -61.85114     0.40     -0.10     0.41     1 
2280793928  -27.82999    -61.81855     0.21      0.10     0.23     1 
2280793929  -27.82971    -61.78596     0.13      0.02     0.13     1 
2280793931  -27.82912    -61.72078    -0.16      0.07     0.17     1 
2280793932  -27.82881    -61.68819     0.20     -0.12     0.24     1 
2280793933  -27.82850    -61.65560     0.30      0.01     0.30     1 
2280793946  -27.82372    -61.23202     0.41      0.02     0.41     1 
2280793947  -27.82330    -61.19944    -0.25      0.02     0.25     1 
2280793948  -27.82287    -61.16686    -0.00     -0.34     0.34     1 
2280793955  -27.81966    -60.93884     0.30      0.08     0.31     1 
2280793956  -27.81917    -60.90626     0.10     -0.06     0.12     1 
2280793957  -27.81867    -60.87369     0.01     -0.08     0.08     1 
2280793958  -27.81817    -60.84112     0.03     -0.03     0.04     1 
2280793960  -27.81713    -60.77599     0.05     -0.16     0.17     1 
2280793962  -27.81607    -60.71085     0.14     -0.03     0.14     1 
2280793963  -27.81552    -60.67829     0.06      0.09     0.11     1 
2280793964  -27.81497    -60.64572    -0.00     -0.01     0.01     1 
2280793981  -27.85972    -62.53550     0.11      0.08     0.14     1 
2280793986  -27.85908    -62.37248     0.19     -0.03     0.19     1 
2280793987  -27.85893    -62.33988     0.08      0.04     0.09     1 
2280793988  -27.85877    -62.30727     0.10      0.00     0.10     1 
2280793991  -27.85824    -62.20947    -0.02     -0.17     0.17     1 
2280793994  -27.85765    -62.11166    -0.17     -0.10     0.19     1 
2280793995  -27.85743    -62.07906     0.32     -0.20     0.38     1 
2280794024  -27.84788    -61.13385     0.34      0.01     0.34     1 
2280794025  -27.84744    -61.10127     0.14     -0.08     0.16     1 
2280794027  -27.84653    -61.03610    -0.03     -0.12     0.13     1 
2280794031  -27.84461    -60.90578     0.28      0.12     0.31     1 
2280794033  -27.84360    -60.84062     0.21     -0.03     0.22     1 
2280794057  -27.88507    -62.50278    -0.00     -0.00     0.00     1 
2280794064  -27.88405    -62.27450     0.66     -0.12     0.67     2 
2280794067  -27.88350    -62.17667     0.37     -0.15     0.40     1 
2280794073  -27.88220    -61.98102     0.02      0.19     0.19     1 
2280794082  -27.87972    -61.68758     0.36     -0.14     0.38     1 
2280794099  -27.87333    -61.13341     0.21     -0.13     0.25     1 
2280794100  -27.87288    -61.10082     0.20     -0.14     0.25     1 
2280794113  -27.86640    -60.67720    -0.14     -0.04     0.15     1 
2280794140  -27.90933    -62.24171     0.05     -0.07     0.09     1 
2280794147  -27.90789    -62.01340     0.01     -0.10     0.10     1 
2280794153  -27.90635    -61.81772     0.24     -0.21     0.32     1 
2280794154  -27.90606    -61.78511     0.13     -0.04     0.13     1 
2280794167  -27.90167    -61.36119     0.70     -0.04     0.70     2 
2280794184  -27.89397    -60.80702     0.49     -0.22     0.54     2 
2280794188  -27.89183    -60.67666     0.10     -0.11     0.15     1 
2280794205  -27.93620    -62.56780    -0.17      0.08     0.19     1 
2280794206  -27.93609    -62.53518    -0.06      0.30     0.31     1 
2280794209  -27.93573    -62.43729     0.03     -0.10     0.10     1 
2280794214  -27.93496    -62.27416     0.39     -0.41     0.57     2 
2280794216  -27.93461    -62.20891     0.34     -0.97     1.03     3 
2280794219  -27.93401    -62.11104     0.11     -0.41     0.42     1 
2280794222  -27.93334    -62.01317     0.28     -0.24     0.37     1 
2280794228  -27.93180    -61.81744     0.49     -0.53     0.72     2 
2280794229  -27.93152    -61.78482     0.21      0.02     0.21     1 
2280794231  -27.93092    -61.71958     0.23     -0.65     0.69     2 
2280794233  -27.93030    -61.65435     0.73     -0.01     0.73     2 
2280794256  -27.92093    -60.90431     0.12     -0.95     0.96     2 
2280794283  -27.96131    -62.46980    -0.04      0.16     0.17     1 
2280794284  -27.96118    -62.43716    -0.01     -0.19     0.19     1 
2280794285  -27.96105    -62.40453    -0.06     -0.11     0.13     1 
2280794287  -27.96075    -62.33926    -0.14     -0.01     0.14     1 
2280794290  -27.96024    -62.24136     0.04     -0.13     0.14     1 
2280794293  -27.95967    -62.14346    -0.10     -0.08     0.13     1 
2280794294  -27.95946    -62.11083    -0.32     -0.17     0.36     1 
2280794296  -27.95903    -62.04557     0.16     -0.12     0.20     1 
2280794301  -27.95780    -61.88242     0.07      0.07     0.10     1 
2280794302  -27.95753    -61.84979    -0.49      0.13     0.51     2 
2280794303  -27.95725    -61.81716    -0.38      0.25     0.45     1 
2280794304  -27.95697    -61.78454     0.55     -0.38     0.67     2 
2280794305  -27.95668    -61.75191     0.58     -0.23     0.62     2 
2280794307  -27.95607    -61.68666     0.44     -0.19     0.48     1 
2280794308  -27.95575    -61.65403     0.20     -0.12     0.23     1 
2280794309  -27.95543    -61.62141     0.31     -0.09     0.32     1 
2280794315  -27.95333    -61.42567     0.34     -0.71     0.79     2 
2280794357  -27.98689    -62.50231    -0.22     -0.11     0.25     1 
2280794358  -27.98677    -62.46967    -0.20     -0.16     0.25     1 
2280794360  -27.98650    -62.40439    -0.11     -0.23     0.25     1 
2280794361  -27.98636    -62.37175    -0.08      0.01     0.08     1 
2280794377  -27.98298    -61.84952     0.22      0.17     0.28     1 
2280794378  -27.98270    -61.81689     0.08     -0.35     0.36     1 
2280794379  -27.98242    -61.78425     0.22     -0.10     0.24     1 
2280794380  -27.98213    -61.75162     0.34     -0.20     0.39     1 
2280794381  -27.98183    -61.71898     0.36     -0.16     0.40     1 
2280794382  -27.98152    -61.68635     0.10     -0.31     0.33     1 
2280794383  -27.98120    -61.65371     0.20     -0.19     0.27     1 
2280794387  -27.97986    -61.52319     0.24     -0.18     0.31     1 
2280794433  -28.01223    -62.46955    -0.17      0.05     0.17     1 
2280794434  -28.01209    -62.43690    -0.16     -0.13     0.20     1 
2280794435  -28.01196    -62.40425    -0.14     -0.11     0.18     1 
2280794436  -28.01181    -62.37160    -0.43      0.16     0.46     1 
2280794437  -28.01166    -62.33895    -0.05     -0.39     0.40     1 
2280794438  -28.01150    -62.30630     0.03     -0.28     0.28     1 
2280794443  -28.01058    -62.14306     0.13     -0.23     0.26     1 
2280794454  -28.00787    -61.78397     0.27     -0.30     0.40     1 
2280794455  -28.00758    -61.75132     0.18     -0.43     0.46     1 
2280794456  -28.00728    -61.71868     0.32     -0.11     0.34     1 
2280794472  -28.00142    -61.19649     0.32     -0.37     0.49     1 
2280794505  -28.03802    -62.56740    -0.41     -0.08     0.41     1 
2280794510  -28.03741    -62.40411    -0.20     -0.00     0.20     1 
2280794513  -28.03695    -62.30614    -0.04     -0.05     0.06     1 
2280794514  -28.03678    -62.27348    -0.16     -0.01     0.16     1 
2280794515  -28.03661    -62.24083    -0.08     -0.31     0.32     1 
2280794517  -28.03623    -62.17551     0.78     -0.80     1.12     3 
2280794518  -28.03603    -62.14286    -0.29      0.15     0.32     1 
2280794519  -28.03582    -62.11020    -0.36     -0.08     0.37     1 
2280794523  -28.03492    -61.97959    -0.97     -0.19     0.99     2 
2280794526  -28.03415    -61.88163    -0.02     -0.25     0.26     1 
2280794530  -28.03303    -61.75103     0.25     -0.14     0.28     1 
2280794531  -28.03273    -61.71838     0.16     -0.29     0.33     1 
2280794548  -28.02643    -61.16342     0.34     -0.26     0.43     1 
2280794579  -28.06358    -62.59996    -0.47     -0.07     0.48     1 
2280794581  -28.06337    -62.53463    -0.43     -0.07     0.43     1 
2280794582  -28.06326    -62.50196    -0.46     -0.37     0.59     2 
2280794583  -28.06314    -62.46930    -0.71      0.36     0.79     2 
2280794585  -28.06287    -62.40397    -0.71      0.25     0.75     2 
2280794589  -28.06224    -62.27331    -0.27     -0.09     0.29     1 
2280794591  -28.06188    -62.20798    -0.06      0.92     0.92     2 
2280794594  -28.06128    -62.10999    -0.04     -0.14     0.15     1 
2280794596  -28.06084    -62.04467     0.23      0.98     1.00     3 
2280794597  -28.06061    -62.01201    -0.88     -0.05     0.88     2 
2280794606  -28.05818    -61.71808    -0.00     -1.00     1.00     2 
2280794626  -28.05053    -61.06506     0.56     -0.42     0.70     2 
2280794636  -28.04554    -60.73866     0.86      0.08     0.86     2 
2280794654  -28.08904    -62.59987    -0.46     -0.16     0.48     1 
2280794655  -28.08894    -62.56719    -1.00     -0.26     1.03     3 
2280794656  -28.08883    -62.53452    -0.38     -0.15     0.41     1 
2280794657  -28.08872    -62.50185    -0.41     -0.25     0.48     1 
2280794661  -28.08818    -62.37115    -0.29     -0.49     0.57     2 
2280794664  -28.08769    -62.27314    -0.43     -0.30     0.52     2 
2280794665  -28.08752    -62.24047    -0.15     -0.32     0.35     1 
2280794668  -28.08694    -62.14245    -0.55      0.27     0.61     2 
2280794669  -28.08673    -62.10979     0.50     -0.49     0.70     2 
2280794673  -28.08582    -61.97911    -0.50     -1.13     1.24     3 
2280794677  -28.08479    -61.84844     0.17     -0.15     0.22     1 
2280794678  -28.08451    -61.81577    -0.10     -0.07     0.12     1 
2280794682  -28.08332    -61.68511     0.40     -0.02     0.40     1 
2280794732  -28.11417    -62.50173    -0.64     -0.27     0.69     2 
2280794733  -28.11405    -62.46905    -0.58     -0.22     0.62     2 
2280794736  -28.11363    -62.37101    -0.59     -0.25     0.64     2 
2280794737  -28.11348    -62.33833    -0.24     -0.41     0.47     1 
2280794738  -28.11332    -62.30565    -0.35     -0.50     0.61     2 
2280794744  -28.11219    -62.10957    -0.62     -0.62     0.88     2 
2280794746  -28.11174    -62.04422     0.14     -0.03     0.15     1 
2280794773  -28.10276    -61.16213     0.38     -0.32     0.50     1 
2280794813  -28.13877    -62.30548    -0.69     -0.67     0.96     2 
2280794814  -28.13860    -62.27280    -0.64     -0.37     0.74     2 
2280794822  -28.13697    -62.01131    -0.39     -0.40     0.56     2 
2280794830  -28.13483    -61.74985    -0.19     -0.31     0.36     1 
2280794893  -28.16330    -62.14185    -0.17     -0.13     0.21     1 
2280794895  -28.16287    -62.07646    -0.35     -0.32     0.48     1 
2280794897  -28.16242    -62.01108    -0.36     -0.33     0.49     1 
2280794900  -28.16167    -61.91300     0.01     -0.17     0.17     1 
2280794904  -28.16058    -61.78224    -0.02     -0.32     0.32     1 
2280794905  -28.16028    -61.74956    -0.13     -0.31     0.34     1 
2280794911  -28.15835    -61.55343    -0.07     -0.21     0.23     1 
2280794973  -28.18763    -61.97814    -0.36     -0.31     0.47     1 
2280794976  -28.18686    -61.88005    -0.13     -0.29     0.32     1 
2280794979  -28.18603    -61.78195    -0.04     -0.28     0.28     1 
2280794980  -28.18573    -61.74926    -0.04     -0.48     0.49     1 
2280794981  -28.18543    -61.71656    -0.07     -0.38     0.39     1 
2280794982  -28.18512    -61.68387     0.06     -0.48     0.48     1 
2280794983  -28.18480    -61.65117     0.14     -0.32     0.35     1 
2280794984  -28.18447    -61.61848    -0.11     -0.52     0.53     2 
2280794985  -28.18414    -61.58579    -0.25     -0.47     0.53     2 
2280795053  -28.21176    -61.81437    -0.21     -0.43     0.48     1 
2280795054  -28.21148    -61.78167    -0.19     -0.28     0.34     1 
2280795055  -28.21118    -61.74896    -0.20     -0.52     0.56     2 
2280795056  -28.21088    -61.71626    -0.12     -0.38     0.40     1 
2280795057  -28.21057    -61.68355     0.02     -0.26     0.26     1 
2280795058  -28.21025    -61.65085    -0.03     -0.38     0.38     1 
2280795061  -28.20925    -61.55275    -0.04     -0.40     0.40     1 
2280795133  -28.23570    -61.65053    -0.10     -0.46     0.47     1 
2280795134  -28.23537    -61.61782    -0.07     -0.62     0.62     2 
2280795136  -28.23469    -61.55241    -0.11     -0.44     0.46     1 
2280795213  -28.25943    -61.48663    -0.18     -0.59     0.61     2 
----------------------------------------------------------------------
---------------------------------------------------
Total correlated GCPs in Upper Left Quadrant: 261

GCP statistics this quadrant only (in Pixels)
Line residual statistics:
  Mean: 0.228
  Median: 0.278
  Standard Deviation: 0.340

Sample residual statistics:
  Mean: -0.107
  Median: -0.131
  Standard Deviation: 0.232

Quadrant RMSE: 0.482

---------------------------------------------------
Total correlated GCPs in Upper Right Quadrant: 534

GCP statistics this quadrant only (in Pixels)
Line residual statistics:
  Mean: 0.325
  Median: 0.328
  Standard Deviation: 0.314

Sample residual statistics:
  Mean: -0.179
  Median: -0.179
  Standard Deviation: 0.208

Quadrant RMSE: 0.529

---------------------------------------------------
Total correlated GCPs in Lower Left Quadrant: 279

GCP statistics this quadrant only (in Pixels)
Line residual statistics:
  Mean: -0.148
  Median: -0.133
  Standard Deviation: 0.347

Sample residual statistics:
  Mean: 0.031
  Median: 0.031
  Standard Deviation: 0.327

Quadrant RMSE: 0.500

---------------------------------------------------
Total correlated GCPs in Lower Right Quadrant: 206

GCP statistics this quadrant only (in Pixels)
Line residual statistics:
  Mean: -0.079
  Median: -0.093
  Standard Deviation: 0.243

Sample residual statistics:
  Mean: 0.038
  Median: 0.066
  Standard Deviation: 0.230

Quadrant RMSE: 0.346

---------------------------------------------------
---------------------------------------------------
Total correlated GCPs in scene: 1280

GCP statistics entire scene (in Pixels)
Line residual statistics:
  Mean: 0.137
  Median: 0.129
  Standard Deviation: 0.377

Sample residual statistics:
  Mean: -0.084
  Median: -0.095
  Standard Deviation: 0.265

Scene RMSE: 0.488

