==============================================================================
==============================================================================
Wed. Nov. 19 2014                  LANDSAT 5                       Time: 03:27
                            Image Assessment System
                            GEOMETRIC VERIFY Report
==============================================================================
Order ID: 0601411188997_00001                          Path / Row - 228 / 79
Reference Image: L51CUB1088079130100_HDF.L1G

Color mapping per rank
----------------------
Rank  1 is Green: total residual <= 0.5
Rank  2 is Cyan: 0.5 < total residual <=  1
Rank  3 is Blue:  1 < total residual <=  2
Rank  4 is Yellow:  2 < total residual <=  3
Rank  5 is Red:  3 < total residual

Percentage of residuals by rank
-------------------------------
Rank   1 -- 94.2%
Rank   2 --  5.8%
Rank   3 --  0.0%
Rank   4 --  0.0%
Rank   5 --  0.0%

       GCP    Latitude    Longitude  Sample   Line     Total    Rank
        ID                           Residual Residual Residual
              (Degree)    (Degree)   (Pixel)  (Pixel)  (Pixel)
----------------------------------------------------------------------
2280790095  -26.52813    -62.06884     0.13     -0.11     0.17     1 
2280790096  -26.52792    -62.03753     0.26     -0.20     0.33     1 
2280790166  -26.55436    -62.19392     0.06     -0.21     0.22     1 
2280790175  -26.55248    -61.91204     0.33     -0.28     0.43     1 
2280790245  -26.57905    -62.06843     0.39      0.29     0.49     1 
2280790253  -26.57719    -61.81783     0.12      0.06     0.14     1 
2280790317  -26.60509    -62.16223     0.11      0.02     0.11     1 
2280790320  -26.60451    -62.06822     0.10      0.01     0.10     1 
2280790335  -26.60066    -61.59826     0.14     -0.12     0.19     1 
2280790390  -26.63091    -62.22472     0.13      0.09     0.16     1 
2280790392  -26.63055    -62.16204     0.49     -0.04     0.49     1 
2280790395  -26.62997    -62.06802     0.17     -0.16     0.23     1 
2280790397  -26.62954    -62.00534     0.18      0.11     0.21     1 
2280790398  -26.62932    -61.97400     0.31     -0.19     0.36     1 
2280790406  -26.62729    -61.72329     0.06     -0.13     0.14     1 
2280790409  -26.62642    -61.62929     0.02     -0.06     0.06     1 
2280790410  -26.62611    -61.59795     0.28     -0.20     0.35     1 
2280790411  -26.62580    -61.56662    -0.13      0.13     0.18     1 
2280790472  -26.65500    -62.00512     0.17     -0.06     0.18     1 
2280790475  -26.65431    -61.91108    -0.00     -0.00     0.00     1 
2280790477  -26.65382    -61.84839    -0.09     -0.13     0.16     1 
2280790479  -26.65329    -61.78570     0.29     -0.13     0.32     1 
2280790494  -26.64850    -61.31559     0.08      0.06     0.10     1 
2280790495  -26.64813    -61.28426     0.12      0.00     0.12     1 
2280790496  -26.64775    -61.25292     0.33     -0.15     0.36     1 
2280790497  -26.64736    -61.22158    -0.05      0.18     0.19     1 
2280790540  -26.68183    -62.22438    -0.12     -0.07     0.14     1 
2280790541  -26.68165    -62.19302     0.33      0.05     0.34     1 
2280790542  -26.68147    -62.16167    -0.10      0.34     0.35     1 
2280790543  -26.68128    -62.13031     0.08     -0.39     0.40     1 
2280790551  -26.67953    -61.87948     0.55     -0.36     0.66     2 
2280790555  -26.67848    -61.75408     0.07     -0.02     0.08     1 
2280790556  -26.67820    -61.72273     0.25     -0.14     0.29     1 
2280790558  -26.67762    -61.66003     0.12     -0.09     0.15     1 
2280790559  -26.67732    -61.62868     0.28     -0.11     0.30     1 
2280790567  -26.67468    -61.37790     0.26     -0.02     0.26     1 
2280790569  -26.67395    -61.31522     0.39      0.16     0.43     1 
2280790575  -26.67160    -61.12717     0.14     -0.01     0.14     1 
2280790577  -26.67076    -61.06449     0.23     -0.04     0.23     1 
2280790615  -26.70729    -62.22421     0.35     -0.20     0.40     1 
2280790620  -26.70634    -62.06740     0.48     -0.06     0.48     1 
2280790624  -26.70546    -61.94195     0.24     -0.12     0.27     1 
2280790634  -26.70278    -61.62837     0.49     -0.33     0.59     2 
2280790635  -26.70247    -61.59702    -0.39     -0.24     0.45     1 
2280790636  -26.70216    -61.56566     0.31     -0.21     0.38     1 
2280790637  -26.70184    -61.53431     0.29     -0.24     0.38     1 
2280790639  -26.70118    -61.47160     0.20     -0.11     0.22     1 
2280790640  -26.70084    -61.44025     0.02     -0.58     0.58     2 
2280790641  -26.70049    -61.40890     0.03      0.01     0.03     1 
2280790642  -26.70013    -61.37754     0.56      0.04     0.56     2 
2280790643  -26.69977    -61.34619     0.08     -0.04     0.09     1 
2280790654  -26.69534    -61.00137     0.24      0.02     0.24     1 
2280790656  -26.69444    -60.93869     0.05     -0.15     0.16     1 
2280790689  -26.73291    -62.25541     0.07     -0.38     0.38     1 
2280790690  -26.73275    -62.22404     0.27     -0.24     0.37     1 
2280790691  -26.73257    -62.19267     0.03     -0.17     0.17     1 
2280790692  -26.73239    -62.16130     0.16     -0.30     0.34     1 
2280790701  -26.73044    -61.87899    -0.05     -0.08     0.10     1 
2280790706  -26.72911    -61.72216     0.01     -0.31     0.31     1 
2280790710  -26.72793    -61.59671     0.01     -0.03     0.03     1 
2280790711  -26.72761    -61.56534     0.26      0.08     0.28     1 
2280790713  -26.72696    -61.50262     0.06      0.21     0.22     1 
2280790714  -26.72663    -61.47126     0.12     -0.13     0.17     1 
2280790716  -26.72594    -61.40854     0.01     -0.19     0.19     1 
2280790718  -26.72522    -61.34582     0.23     -0.14     0.27     1 
2280790720  -26.72448    -61.28311     0.25     -0.15     0.29     1 
2280790732  -26.71942    -60.90688     0.07     -0.11     0.13     1 
2280790764  -26.75837    -62.25524    -0.29     -0.16     0.33     1 
2280790765  -26.75821    -62.22386     0.18     -0.24     0.30     1 
2280790767  -26.75785    -62.16111     0.06     -0.10     0.12     1 
2280790780  -26.75485    -61.75324    -0.11     -0.13     0.17     1 
2280790784  -26.75369    -61.62776     0.30     -0.30     0.42     1 
2280790785  -26.75338    -61.59639     0.31     -0.22     0.38     1 
2280790793  -26.75067    -61.34546     0.33     -0.08     0.34     1 
2280790797  -26.74915    -61.22000     0.12     -0.19     0.22     1 
2280790801  -26.74752    -61.09456    -0.00     -0.22     0.22     1 
2280790804  -26.74623    -61.00048     0.09     -0.19     0.21     1 
2280790806  -26.74533    -60.93777     0.35     -0.05     0.35     1 
2280790807  -26.74487    -60.90641     0.36     -0.03     0.37     1 
2280790808  -26.74440    -60.87506     0.42      0.01     0.42     1 
2280790809  -26.74393    -60.84370     0.13     -0.07     0.15     1 
2280790810  -26.74345    -60.81235     0.05     -0.03     0.06     1 
2280790812  -26.74247    -60.74965     0.49     -0.05     0.49     1 
2280790813  -26.74197    -60.71830    -0.03     -0.53     0.53     2 
2280790814  -26.74146    -60.68695     0.36     -0.16     0.40     1 
2280790815  -26.74094    -60.65560     0.26      0.11     0.29     1 
2280790816  -26.74042    -60.62425     0.05      0.03     0.06     1 
2280790817  -26.73989    -60.59290     0.33     -0.11     0.34     1 
2280790842  -26.78331    -62.16092     0.05     -0.35     0.36     1 
2280790846  -26.78251    -62.03539     0.10     -0.11     0.15     1 
2280790852  -26.78110    -61.84710    -0.01     -0.31     0.31     1 
2280790853  -26.78084    -61.81573     0.08     -0.17     0.19     1 
2280790855  -26.78030    -61.75297     0.40      0.10     0.41     1 
2280790856  -26.78002    -61.72159     0.15     -0.21     0.26     1 
2280790860  -26.77883    -61.59608     0.27     -0.13     0.30     1 
2280790861  -26.77852    -61.56470     0.04     -0.02     0.05     1 
2280790862  -26.77820    -61.53333     0.12     -0.12     0.17     1 
2280790867  -26.77649    -61.37646     0.26     -0.07     0.27     1 
2280790868  -26.77612    -61.34509     0.16     -0.17     0.24     1 
2280790870  -26.77538    -61.28235     0.22      0.10     0.24     1 
2280790875  -26.77339    -61.12550     0.21     -0.08     0.23     1 
2280790878  -26.77211    -61.03140     0.08     -0.11     0.14     1 
2280790879  -26.77167    -61.00004     0.23      0.01     0.23     1 
2280790882  -26.77031    -60.90595     0.25      0.13     0.28     1 
2280790883  -26.76985    -60.87459     0.11      0.01     0.11     1 
2280790884  -26.76937    -60.84322    -0.58      0.34     0.67     2 
2280790887  -26.76791    -60.74915     0.21     -0.01     0.21     1 
2280790888  -26.76741    -60.71779     0.27     -0.13     0.31     1 
2280790889  -26.76690    -60.68643     0.12     -0.26     0.29     1 
2280790890  -26.76638    -60.65507     0.09     -0.16     0.19     1 
2280790891  -26.76586    -60.62372     0.22     -0.17     0.28     1 
2280790893  -26.76479    -60.56101     0.27     -0.40     0.48     1 
2280790894  -26.76425    -60.52966    -0.17      0.05     0.17     1 
2280790915  -26.80912    -62.22352     0.16     -0.29     0.33     1 
2280790917  -26.80877    -62.16074     0.19     -0.35     0.40     1 
2280790919  -26.80838    -62.09795     0.31     -0.04     0.31     1 
2280790920  -26.80817    -62.06656    -0.07     -0.27     0.28     1 
2280790922  -26.80775    -62.00379     0.38     -0.19     0.43     1 
2280790928  -26.80630    -61.81546    -0.09     -0.15     0.18     1 
2280790929  -26.80603    -61.78407     0.27     -0.01     0.27     1 
2280790930  -26.80576    -61.75269     0.14     -0.14     0.20     1 
2280790932  -26.80519    -61.68992     0.02     -0.12     0.13     1 
2280790933  -26.80490    -61.65853    -0.02      0.06     0.06     1 
2280790935  -26.80429    -61.59577     0.36     -0.11     0.37     1 
2280790936  -26.80397    -61.56438     0.11     -0.35     0.37     1 
2280790937  -26.80365    -61.53300     0.04      0.09     0.10     1 
2280790939  -26.80299    -61.47024     0.07     -0.20     0.21     1 
2280790940  -26.80264    -61.43886     0.13     -0.07     0.15     1 
2280790946  -26.80044    -61.25059    -0.13     -0.12     0.17     1 
2280790959  -26.79481    -60.84274     0.27      0.08     0.29     1 
2280790962  -26.79335    -60.74864     0.37      0.06     0.38     1 
2280790963  -26.79285    -60.71728     0.28     -0.17     0.32     1 
2280790964  -26.79234    -60.68592     0.28      0.02     0.28     1 
2280790965  -26.79182    -60.65455     0.14      0.01     0.14     1 
2280790966  -26.79130    -60.62319     0.52      0.02     0.52     2 
2280790967  -26.79077    -60.59183     0.32     -0.22     0.38     1 
2280790972  -26.78802    -60.43503     0.05     -0.04     0.06     1 
2280790991  -26.83441    -62.19194     0.11     -0.15     0.18     1 
2280790992  -26.83422    -62.16055     0.10     -0.14     0.18     1 
2280790995  -26.83363    -62.06636    -0.11     -0.16     0.19     1 
2280790997  -26.83320    -62.00356     0.26     -0.25     0.36     1 
2280790998  -26.83298    -61.97217     0.03     -0.26     0.26     1 
2280791000  -26.83251    -61.90938     0.11     -0.06     0.12     1 
2280791005  -26.83121    -61.75241    -0.07     -0.09     0.12     1 
2280791006  -26.83093    -61.72102     0.14     -0.16     0.22     1 
2280791009  -26.83005    -61.62684     0.46     -0.41     0.62     2 
2280791011  -26.82943    -61.56406     0.07     -0.14     0.16     1 
2280791015  -26.82810    -61.43851     0.20     -0.15     0.25     1 
2280791018  -26.82703    -61.34435     0.25     -0.28     0.38     1 
2280791020  -26.82628    -61.28158     0.20     -0.19     0.28     1 
2280791028  -26.82300    -61.03052     0.16     -0.18     0.24     1 
2280791034  -26.82026    -60.84226     0.38     -0.03     0.38     1 
2280791035  -26.81978    -60.81089     0.44     -0.44     0.62     2 
2280791036  -26.81929    -60.77951     0.17     -0.46     0.49     1 
2280791037  -26.81879    -60.74814    -0.03      0.04     0.05     1 
2280791038  -26.81829    -60.71677     0.22     -0.33     0.39     1 
2280791039  -26.81778    -60.68540     0.38     -0.28     0.47     1 
2280791041  -26.81674    -60.62266     0.05      0.05     0.08     1 
2280791042  -26.81621    -60.59129     0.25      0.04     0.25     1 
2280791043  -26.81567    -60.55992     0.46     -0.03     0.46     1 
2280791044  -26.81513    -60.52856    -0.28     -0.10     0.30     1 
2280791045  -26.81457    -60.49719     0.33      0.22     0.40     1 
2280791065  -26.86004    -62.22317    -0.42      0.18     0.46     1 
2280791066  -26.85986    -62.19176     0.31     -0.42     0.52     2 
2280791067  -26.85968    -62.16036     0.19     -0.40     0.44     1 
2280791073  -26.85844    -61.97194    -0.02     -0.44     0.44     1 
2280791074  -26.85821    -61.94054    -0.02     -0.23     0.23     1 
2280791079  -26.85694    -61.78353    -0.18     -0.23     0.29     1 
2280791082  -26.85610    -61.68933     0.34     -0.10     0.36     1 
2280791087  -26.85456    -61.53234     0.16      0.15     0.22     1 
2280791088  -26.85423    -61.50095     0.13      0.00     0.13     1 
2280791089  -26.85389    -61.46955     0.25     -0.10     0.27     1 
2280791090  -26.85355    -61.43816     0.14      0.01     0.14     1 
2280791092  -26.85284    -61.37537     0.23      0.02     0.23     1 
2280791093  -26.85248    -61.34398     0.26     -0.10     0.28     1 
2280791094  -26.85211    -61.31259     0.24     -0.02     0.24     1 
2280791095  -26.85173    -61.28119     0.27     -0.13     0.30     1 
2280791096  -26.85134    -61.24980    -0.12      0.01     0.12     1 
2280791097  -26.85095    -61.21841     0.23     -0.00     0.23     1 
2280791098  -26.85055    -61.18702     0.09     -0.06     0.11     1 
2280791099  -26.85015    -61.15563     0.32      0.03     0.32     1 
2280791101  -26.84931    -61.09286     0.06     -0.24     0.25     1 
2280791102  -26.84888    -61.06147     0.29     -0.25     0.38     1 
2280791104  -26.84801    -60.99870     0.25     -0.03     0.25     1 
2280791106  -26.84711    -60.93593     0.04     -0.37     0.37     1 
2280791110  -26.84522    -60.81040     0.12      0.29     0.32     1 
2280791111  -26.84473    -60.77902     0.21      0.09     0.23     1 
2280791112  -26.84423    -60.74764     0.24     -0.02     0.24     1 
2280791113  -26.84373    -60.71626    -0.03      0.28     0.28     1 
2280791114  -26.84322    -60.68488    -0.26     -0.13     0.29     1 
2280791115  -26.84270    -60.65350     0.38     -0.07     0.39     1 
2280791116  -26.84218    -60.62213     0.18     -0.62     0.65     2 
2280791118  -26.84111    -60.55938     0.07      0.10     0.13     1 
2280791119  -26.84056    -60.52800     0.12     -0.11     0.17     1 
2280791120  -26.84001    -60.49663     0.36     -0.25     0.43     1 
2280791123  -26.83831    -60.40252     0.18      0.10     0.21     1 
2280791139  -26.88567    -62.25441     0.18      0.06     0.19     1 
2280791141  -26.88532    -62.19158     0.30      0.08     0.31     1 
2280791144  -26.88475    -62.09735    -0.19     -0.23     0.30     1 
2280791145  -26.88455    -62.06594     0.15     -0.06     0.16     1 
2280791148  -26.88389    -61.97171     0.34     -0.31     0.46     1 
2280791156  -26.88184    -61.72044     0.36     -0.06     0.37     1 
2280791157  -26.88155    -61.68904     0.03     -0.12     0.13     1 
2280791159  -26.88096    -61.62623     0.21     -0.10     0.23     1 
2280791160  -26.88065    -61.59482     0.40     -0.10     0.41     1 
2280791162  -26.88001    -61.53202     0.05     -0.24     0.24     1 
2280791164  -26.87934    -61.46921     0.29      0.03     0.29     1 
2280791165  -26.87900    -61.43781     0.23      0.08     0.24     1 
2280791166  -26.87865    -61.40641     0.03      0.26     0.26     1 
2280791167  -26.87829    -61.37501     0.20      0.04     0.21     1 
2280791168  -26.87793    -61.34361     0.14     -0.14     0.19     1 
2280791169  -26.87756    -61.31221     0.26     -0.13     0.29     1 
2280791170  -26.87718    -61.28081     0.40     -0.24     0.47     1 
2280791171  -26.87679    -61.24941     0.34     -0.18     0.38     1 
2280791172  -26.87640    -61.21801    -0.01     -0.21     0.21     1 
2280791174  -26.87559    -61.15522     0.05      0.04     0.07     1 
2280791177  -26.87433    -61.06104    -0.30      0.06     0.30     1 
2280791179  -26.87346    -60.99825     0.00      0.08     0.08     1 
2280791181  -26.87255    -60.93547     0.39     -0.27     0.48     1 
2280791182  -26.87209    -60.90407     0.50     -0.04     0.50     2 
2280791184  -26.87114    -60.84130     0.01     -0.23     0.23     1 
2280791187  -26.86968    -60.74713     0.01     -0.05     0.05     1 
2280791188  -26.86917    -60.71575     0.22     -0.24     0.33     1 
2280791189  -26.86866    -60.68436     0.16     -0.11     0.19     1 
2280791191  -26.86762    -60.62159     0.13     -0.33     0.35     1 
2280791192  -26.86708    -60.59021     0.03      0.05     0.06     1 
2280791196  -26.86489    -60.46469    -0.21     -0.12     0.24     1 
2280791197  -26.86432    -60.43331     0.30     -0.38     0.49     1 
2280791214  -26.91113    -62.25424    -0.34     -0.27     0.44     1 
2280791216  -26.91078    -62.19140     0.28     -0.40     0.49     1 
2280791217  -26.91060    -62.15998     0.10     -0.14     0.17     1 
2280791218  -26.91041    -62.12857     0.08     -0.17     0.19     1 
2280791219  -26.91021    -62.09715     0.10     -0.21     0.23     1 
2280791220  -26.91001    -62.06573     0.23     -0.53     0.58     2 
2280791223  -26.90935    -61.97148     0.11     -0.20     0.23     1 
2280791224  -26.90912    -61.94006     0.09     -0.28     0.29     1 
2280791225  -26.90888    -61.90864     0.32     -0.32     0.45     1 
2280791228  -26.90812    -61.81440     0.10     -0.27     0.29     1 
2280791233  -26.90671    -61.65733     0.13     -0.23     0.27     1 
2280791237  -26.90546    -61.53169     0.27     -0.22     0.34     1 
2280791238  -26.90513    -61.50028     0.19     -0.26     0.33     1 
2280791239  -26.90480    -61.46887     0.13     -0.09     0.16     1 
2280791240  -26.90445    -61.43746     0.14     -0.12     0.18     1 
2280791241  -26.90410    -61.40605    -0.20     -0.03     0.20     1 
2280791242  -26.90374    -61.37464     0.15     -0.09     0.17     1 
2280791243  -26.90338    -61.34324     0.21     -0.03     0.21     1 
2280791244  -26.90301    -61.31183     0.38      0.08     0.39     1 
2280791245  -26.90263    -61.28042     0.21     -0.00     0.21     1 
2280791246  -26.90224    -61.24902     0.31     -0.17     0.36     1 
2280791247  -26.90185    -61.21761    -0.41     -0.16     0.44     1 
2280791251  -26.90021    -61.09200     0.22      0.02     0.22     1 
2280791254  -26.89890    -60.99780     0.21     -0.19     0.28     1 
2280791256  -26.89800    -60.93500    -0.11     -0.13     0.17     1 
2280791259  -26.89659    -60.84081    -0.01     -0.22     0.22     1 
2280791263  -26.89461    -60.71524     0.35      0.17     0.39     1 
2280791264  -26.89410    -60.68384     0.25     -0.25     0.35     1 
2280791269  -26.89144    -60.52690     0.06     -0.25     0.26     1 
2280791270  -26.89089    -60.49551     0.12      0.01     0.12     1 
2280791272  -26.88976    -60.43274    -0.00      0.17     0.17     1 
2280791292  -26.93606    -62.15980     0.06     -0.23     0.24     1 
2280791295  -26.93546    -62.06552     0.08     -0.10     0.13     1 
2280791298  -26.93481    -61.97125     0.02     -0.21     0.21     1 
2280791300  -26.93434    -61.90840     0.09     -0.10     0.14     1 
2280791305  -26.93303    -61.75129     0.09     -0.13     0.16     1 
2280791306  -26.93275    -61.71987     0.21     -0.26     0.34     1 
2280791307  -26.93246    -61.68845    -0.05     -0.28     0.28     1 
2280791312  -26.93091    -61.53136    -0.03     -0.13     0.14     1 
2280791314  -26.93025    -61.46852     0.10     -0.12     0.15     1 
2280791315  -26.92990    -61.43711     0.03     -0.19     0.19     1 
2280791317  -26.92919    -61.37428     0.20     -0.30     0.36     1 
2280791320  -26.92807    -61.28004     0.33     -0.27     0.43     1 
2280791321  -26.92769    -61.24863     0.36     -0.03     0.36     1 
2280791322  -26.92730    -61.21721     0.20     -0.24     0.32     1 
2280791325  -26.92607    -61.12298     0.40     -0.02     0.40     1 
2280791326  -26.92565    -61.09157     0.20     -0.15     0.25     1 
2280791330  -26.92390    -60.96594     0.26      0.06     0.26     1 
2280791332  -26.92298    -60.90313     0.30     -0.02     0.30     1 
2280791333  -26.92251    -60.87173     0.31      0.01     0.32     1 
2280791344  -26.91688    -60.52634     0.01     -0.03     0.03     1 
2280791345  -26.91632    -60.49495     0.08     -0.40     0.41     1 
2280791347  -26.91519    -60.43216     0.05     -0.28     0.29     1 
2280791368  -26.96132    -62.12817    -0.04     -0.07     0.08     1 
2280791376  -26.95954    -61.87673     0.05     -0.17     0.18     1 
2280791377  -26.95929    -61.84530     0.12     -0.22     0.25     1 
2280791383  -26.95762    -61.65673     0.19     -0.11     0.22     1 
2280791387  -26.95637    -61.53103     0.10     -0.28     0.30     1 
2280791389  -26.95570    -61.46818     0.13     -0.23     0.26     1 
2280791390  -26.95535    -61.43676     0.33     -0.14     0.36     1 
2280791391  -26.95500    -61.40534     0.15     -0.22     0.27     1 
2280791392  -26.95464    -61.37391     0.08     -0.13     0.16     1 
2280791394  -26.95390    -61.31107     0.14     -0.19     0.23     1 
2280791395  -26.95352    -61.27965     0.30     -0.14     0.33     1 
2280791396  -26.95314    -61.24823     0.20     -0.09     0.22     1 
2280791397  -26.95274    -61.21681     0.05     -0.12     0.13     1 
2280791401  -26.95110    -61.09115     0.29     -0.43     0.51     2 
2280791402  -26.95067    -61.05973     0.12     -0.24     0.27     1 
2280791407  -26.94842    -60.90266     0.29      0.32     0.43     1 
2280791408  -26.94795    -60.87125    -0.01     -0.06     0.06     1 
2280791409  -26.94747    -60.83984     0.09     -0.09     0.12     1 
2280791410  -26.94699    -60.80843     0.23      0.06     0.24     1 
2280791411  -26.94650    -60.77703     0.14     -0.12     0.18     1 
2280791412  -26.94600    -60.74562     0.05     -0.23     0.24     1 
2280791414  -26.94498    -60.68280    -0.28     -0.37     0.46     1 
2280791421  -26.94120    -60.46299     0.08     -0.03     0.08     1 
2280791446  -26.98617    -62.03366     0.10     -0.09     0.13     1 
2280791452  -26.98475    -61.84504    -0.02     -0.38     0.38     1 
2280791456  -26.98366    -61.71930    -0.02     -0.10     0.10     1 
2280791457  -26.98337    -61.68786     0.06     -0.14     0.15     1 
2280791458  -26.98307    -61.65643     0.11     -0.13     0.17     1 
2280791460  -26.98246    -61.59356    -0.24     -0.14     0.28     1 
2280791461  -26.98214    -61.56213     0.18     -0.61     0.64     2 
2280791462  -26.98182    -61.53070     0.30     -0.13     0.32     1 
2280791465  -26.98081    -61.43641     0.23     -0.34     0.41     1 
2280791468  -26.97973    -61.34212    -0.05     -0.16     0.17     1 
2280791470  -26.97897    -61.27927    -0.01     -0.06     0.07     1 
2280791475  -26.97697    -61.12214    -0.17     -0.09     0.19     1 
2280791476  -26.97655    -61.09072     0.56     -0.15     0.58     2 
2280791478  -26.97568    -61.02787     0.25     -0.42     0.49     1 
2280791479  -26.97524    -60.99645    -0.15      0.12     0.19     1 
2280791480  -26.97479    -60.96503     0.00     -0.36     0.36     1 
2280791481  -26.97433    -60.93361     0.15      0.21     0.26     1 
2280791482  -26.97386    -60.90219     0.08     -0.18     0.20     1 
2280791485  -26.97243    -60.80794     0.07      0.00     0.07     1 
2280791486  -26.97194    -60.77653     0.19      0.01     0.19     1 
2280791487  -26.97144    -60.74511     0.09      0.12     0.15     1 
2280791488  -26.97093    -60.71370     0.01      0.10     0.10     1 
2280791490  -26.96990    -60.65087     0.19     -0.20     0.28     1 
2280791492  -26.96884    -60.58805     0.28     -0.43     0.51     2 
2280791496  -26.96663    -60.46242     0.28     -0.05     0.28     1 
2280791513  -27.01312    -62.28502     0.00     -0.19     0.19     1 
2280791515  -27.01279    -62.22212     0.04     -0.23     0.23     1 
2280791516  -27.01262    -62.19067    -0.05     -0.29     0.29     1 
2280791517  -27.01243    -62.15923     0.09     -0.23     0.25     1 
2280791518  -27.01224    -62.12778    -0.02     -0.26     0.26     1 
2280791523  -27.01118    -61.97055     0.27     -0.20     0.34     1 
2280791526  -27.01046    -61.87622     0.11     -0.15     0.19     1 
2280791527  -27.01020    -61.84478    -0.30     -0.28     0.41     1 
2280791529  -27.00967    -61.78189     0.31     -0.35     0.46     1 
2280791530  -27.00940    -61.75045     0.12     -0.62     0.63     2 
2280791532  -27.00883    -61.68757     0.03     -0.25     0.26     1 
2280791535  -27.00791    -61.59325    -0.06     -0.12     0.14     1 
2280791537  -27.00727    -61.53037     0.20     -0.00     0.20     1 
2280791539  -27.00660    -61.46749     0.14     -0.17     0.22     1 
2280791544  -27.00480    -61.31031     0.07     -0.28     0.29     1 
2280791545  -27.00442    -61.27888     0.27     -0.17     0.32     1 
2280791546  -27.00404    -61.24744    -0.14     -0.24     0.28     1 
2280791547  -27.00364    -61.21601     0.02     -0.22     0.22     1 
2280791548  -27.00324    -61.18458     0.23     -0.35     0.42     1 
2280791549  -27.00283    -61.15315     0.03     -0.10     0.10     1 
2280791550  -27.00241    -61.12172     0.19     -0.00     0.19     1 
2280791552  -27.00156    -61.05886     0.00     -0.08     0.08     1 
2280791553  -27.00113    -61.02743     0.43      0.01     0.43     1 
2280791554  -27.00068    -60.99600     0.11     -0.01     0.11     1 
2280791555  -27.00023    -60.96457    -0.20     -0.32     0.37     1 
2280791556  -26.99977    -60.93315     0.12      0.08     0.15     1 
2280791558  -26.99884    -60.87030     0.03     -0.05     0.06     1 
2280791559  -26.99836    -60.83887    -0.00     -0.08     0.08     1 
2280791560  -26.99787    -60.80745     0.10      0.02     0.10     1 
2280791561  -26.99738    -60.77602    -0.10     -0.16     0.19     1 
2280791562  -26.99688    -60.74460    -0.18      0.22     0.28     1 
2280791566  -26.99481    -60.61892     0.18      0.21     0.28     1 
2280791568  -26.99374    -60.55609    -0.17     -0.05     0.18     1 
2280791569  -26.99319    -60.52467    -0.05     -0.14     0.15     1 
2280791588  -27.03858    -62.28486     0.07     -0.15     0.17     1 
2280791589  -27.03842    -62.25340     0.20     -0.14     0.24     1 
2280791590  -27.03825    -62.22195     0.01     -0.06     0.06     1 
2280791591  -27.03807    -62.19049     0.07     -0.13     0.15     1 
2280791592  -27.03789    -62.15904     0.04     -0.27     0.27     1 
2280791593  -27.03770    -62.12758     0.01     -0.15     0.15     1 
2280791597  -27.03686    -62.00177    -0.31     -0.14     0.34     1 
2280791598  -27.03663    -61.97032    -0.01     -0.53     0.53     2 
2280791604  -27.03513    -61.78162     0.05     -0.16     0.17     1 
2280791606  -27.03457    -61.71872     0.02     -0.18     0.18     1 
2280791608  -27.03398    -61.65582     0.16     -0.37     0.40     1 
2280791610  -27.03337    -61.59293     0.08     -0.03     0.09     1 
2280791618  -27.03063    -61.34137     0.13     -0.06     0.14     1 
2280791619  -27.03025    -61.30993     0.11     -0.10     0.15     1 
2280791620  -27.02987    -61.27849     0.33     -0.01     0.33     1 
2280791621  -27.02948    -61.24705     0.14     -0.18     0.23     1 
2280791622  -27.02909    -61.21561     0.38     -0.22     0.44     1 
2280791624  -27.02828    -61.15273     0.41      0.02     0.41     1 
2280791625  -27.02786    -61.12129     0.07     -0.15     0.16     1 
2280791626  -27.02744    -61.08986    -0.03     -0.20     0.20     1 
2280791629  -27.02613    -60.99555     0.30     -0.18     0.35     1 
2280791630  -27.02568    -60.96411     0.21     -0.11     0.24     1 
2280791631  -27.02522    -60.93268     0.17      0.08     0.19     1 
2280791634  -27.02380    -60.83838    -0.01      0.04     0.04     1 
2280791635  -27.02332    -60.80695     0.31     -0.12     0.33     1 
2280791636  -27.02282    -60.77552     0.15     -0.19     0.25     1 
2280791637  -27.02232    -60.74410     0.11     -0.28     0.30     1 
2280791641  -27.02025    -60.61839     0.16     -0.29     0.34     1 
2280791642  -27.01971    -60.58696     0.21     -0.35     0.41     1 
2280791643  -27.01917    -60.55554     0.16     -0.14     0.22     1 
2280791644  -27.01862    -60.52412     0.21     -0.47     0.52     2 
2280791645  -27.01807    -60.49269    -0.68      0.04     0.68     2 
2280791646  -27.01750    -60.46127    -0.01     -0.27     0.27     1 
2280791667  -27.06335    -62.15885     0.41     -0.13     0.43     1 
2280791670  -27.06275    -62.06447     0.09      0.34     0.35     1 
2280791671  -27.06254    -62.03301    -0.07      0.00     0.07     1 
2280791672  -27.06232    -62.00155    -0.04      0.20     0.21     1 
2280791678  -27.06085    -61.81280     0.03     -0.25     0.25     1 
2280791679  -27.06058    -61.78134     0.03     -0.24     0.24     1 
2280791682  -27.05973    -61.68697    -0.05      0.03     0.06     1 
2280791689  -27.05750    -61.46680    -0.02      0.05     0.06     1 
2280791691  -27.05681    -61.40390     0.04     -0.34     0.34     1 
2280791692  -27.05645    -61.37245     0.18      0.02     0.18     1 
2280791693  -27.05608    -61.34100     0.15      0.26     0.30     1 
2280791694  -27.05570    -61.30955    -0.13     -0.46     0.48     1 
2280791697  -27.05454    -61.21521     0.42     -0.30     0.52     2 
2280791698  -27.05413    -61.18376     0.28     -0.07     0.29     1 
2280791703  -27.05202    -61.02654    -0.29      0.18     0.34     1 
2280791704  -27.05157    -60.99510    -0.27      0.01     0.27     1 
2280791705  -27.05112    -60.96366     0.06     -0.09     0.10     1 
2280791707  -27.05020    -60.90078     0.20     -0.38     0.43     1 
2280791708  -27.04972    -60.86933     0.32     -0.00     0.32     1 
2280791709  -27.04924    -60.83790     0.03     -0.29     0.29     1 
2280791710  -27.04876    -60.80646     0.15      0.03     0.15     1 
2280791711  -27.04826    -60.77502     0.26     -0.06     0.27     1 
2280791712  -27.04776    -60.74359     0.19     -0.22     0.30     1 
2280791716  -27.04569    -60.61785    -0.08     -0.09     0.12     1 
2280791717  -27.04515    -60.58642     0.34     -0.27     0.44     1 
2280791719  -27.04406    -60.52356    -0.01     -0.59     0.59     2 
2280791721  -27.04294    -60.46070    -0.04     -0.18     0.18     1 
2280791739  -27.08934    -62.25306    -0.20     -0.12     0.23     1 
2280791745  -27.08821    -62.06426     0.05     -0.12     0.13     1 
2280791750  -27.08707    -61.90692     0.01     -0.31     0.31     1 
2280791751  -27.08682    -61.87546    -0.18     -0.11     0.21     1 
2280791752  -27.08657    -61.84399     0.09     -0.21     0.23     1 
2280791753  -27.08631    -61.81253    -0.32      0.37     0.49     1 
2280791754  -27.08604    -61.78107     0.05     -0.19     0.20     1 
2280791757  -27.08519    -61.68668    -0.06     -0.19     0.20     1 
2280791758  -27.08489    -61.65521     0.01     -0.28     0.28     1 
2280791762  -27.08363    -61.52937    -0.14     -0.29     0.32     1 
2280791763  -27.08330    -61.49791     0.09     -0.15     0.18     1 
2280791765  -27.08261    -61.43500     0.12      0.07     0.14     1 
2280791766  -27.08225    -61.40354     0.06     -0.13     0.14     1 
2280791769  -27.08115    -61.30917     0.23     -0.34     0.41     1 
2280791774  -27.07917    -61.15190     0.10      0.11     0.15     1 
2280791779  -27.07702    -60.99464     0.15     -0.01     0.16     1 
2280791780  -27.07656    -60.96319    -0.20      0.16     0.26     1 
2280791781  -27.07610    -60.93175     0.15     -0.24     0.28     1 
2280791782  -27.07564    -60.90030     0.08     -0.08     0.11     1 
2280791783  -27.07517    -60.86885     0.06      0.14     0.15     1 
2280791784  -27.07468    -60.83741     0.53     -0.12     0.54     2 
2280791785  -27.07420    -60.80596     0.12     -0.22     0.25     1 
2280791787  -27.07320    -60.74308     0.22     -0.23     0.32     1 
2280791788  -27.07269    -60.71164     0.22     -0.23     0.32     1 
2280791791  -27.07113    -60.61731    -0.14     -0.11     0.18     1 
2280791792  -27.07059    -60.58587     0.10     -0.19     0.21     1 
2280791793  -27.07005    -60.55444    -0.05     -0.18     0.19     1 
2280791794  -27.06950    -60.52300     0.26     -0.11     0.28     1 
2280791795  -27.06894    -60.49156     0.05     -0.26     0.26     1 
2280791796  -27.06837    -60.46013     0.11     -0.37     0.39     1 
2280791831  -27.11093    -61.71785    -0.26     -0.37     0.45     1 
2280791832  -27.11064    -61.68638    -0.10     -0.29     0.31     1 
2280791833  -27.11034    -61.65491     0.01     -0.09     0.09     1 
2280791834  -27.11004    -61.62344     0.05     -0.15     0.15     1 
2280791835  -27.10973    -61.59197     0.07     -0.20     0.21     1 
2280791838  -27.10875    -61.49757     0.06     -0.01     0.06     1 
2280791840  -27.10806    -61.43464    -0.17     -0.39     0.42     1 
2280791842  -27.10734    -61.37171    -0.07      0.04     0.08     1 
2280791845  -27.10622    -61.27732     0.09     -0.42     0.43     1 
2280791846  -27.10583    -61.24586     0.19      0.04     0.20     1 
2280791848  -27.10503    -61.18294     0.14     -0.06     0.16     1 
2280791853  -27.10291    -61.02565     0.09     -0.03     0.10     1 
2280791854  -27.10246    -60.99419    -0.15     -0.15     0.21     1 
2280791855  -27.10201    -60.96274     0.11     -0.14     0.18     1 
2280791856  -27.10155    -60.93128    -0.19     -0.58     0.61     2 
2280791857  -27.10108    -60.89983    -0.01     -0.03     0.03     1 
2280791858  -27.10061    -60.86837     0.16     -0.04     0.17     1 
2280791859  -27.10013    -60.83692     0.11     -0.10     0.14     1 
2280791860  -27.09964    -60.80547     0.06     -0.34     0.35     1 
2280791863  -27.09813    -60.71112     0.21     -0.13     0.25     1 
2280791866  -27.09656    -60.61677     0.13      0.01     0.14     1 
2280791867  -27.09603    -60.58533     0.05     -0.12     0.13     1 
2280791868  -27.09548    -60.55388     0.51     -0.34     0.62     2 
2280791869  -27.09493    -60.52244     0.22     -0.17     0.28     1 
2280791870  -27.09437    -60.49100     0.42     -0.53     0.67     2 
2280791886  -27.14072    -62.34718    -0.31     -0.30     0.43     1 
2280791888  -27.14042    -62.28421     0.11      0.04     0.11     1 
2280791889  -27.14025    -62.25273     0.08      0.13     0.16     1 
2280791903  -27.13722    -61.81199     0.08     -0.23     0.24     1 
2280791908  -27.13580    -61.65461     0.05     -0.06     0.08     1 
2280791910  -27.13518    -61.59166     0.21     -0.02     0.22     1 
2280791911  -27.13486    -61.56018     0.17     -0.26     0.31     1 
2280791914  -27.13386    -61.46576     0.21     -0.09     0.23     1 
2280791915  -27.13351    -61.43429     0.14     -0.15     0.21     1 
2280791916  -27.13316    -61.40281     0.12     -0.23     0.26     1 
2280791917  -27.13279    -61.37134     0.40     -0.23     0.46     1 
2280791923  -27.13048    -61.18253     0.13     -0.15     0.20     1 
2280791927  -27.12879    -61.05666     0.19      0.04     0.19     1 
2280791929  -27.12791    -60.99374    -0.00     -0.17     0.17     1 
2280791930  -27.12745    -60.96227    -0.01     -0.12     0.13     1 
2280791931  -27.12699    -60.93081     0.20     -0.33     0.39     1 
2280791932  -27.12653    -60.89935     0.13     -0.04     0.14     1 
2280791933  -27.12605    -60.86789     0.11      0.02     0.11     1 
2280791935  -27.12508    -60.80497     0.08     -0.11     0.14     1 
2280791937  -27.12408    -60.74206     0.17     -0.09     0.19     1 
2280791939  -27.12306    -60.67914     0.11     -0.04     0.12     1 
2280791942  -27.12147    -60.58478     0.04     -0.33     0.33     1 
2280791943  -27.12092    -60.55333    -0.11     -0.50     0.51     2 
2280791944  -27.12037    -60.52188    -0.23     -0.51     0.56     2 
2280791945  -27.11981    -60.49043     0.13     -0.26     0.29     1 
2280791965  -27.16554    -62.22107     0.25     -0.11     0.27     1 
2280791972  -27.16414    -62.00064     0.14      0.20     0.24     1 
2280791979  -27.16240    -61.78024     0.13     -0.32     0.35     1 
2280791987  -27.15998    -61.52837    -0.01      0.08     0.08     1 
2280791993  -27.15788    -61.33950     0.21      0.08     0.23     1 
2280791994  -27.15750    -61.30802     0.21      0.02     0.21     1 
2280791996  -27.15673    -61.24507     0.17     -0.22     0.27     1 
2280791997  -27.15633    -61.21359     0.56      0.18     0.58     2 
2280791998  -27.15592    -61.18212     0.12     -0.58     0.59     2 
2280792001  -27.15467    -61.08770    -0.24      0.12     0.27     1 
2280792003  -27.15380    -61.02475     0.19      0.12     0.23     1 
2280792004  -27.15335    -60.99328     0.07     -0.02     0.07     1 
2280792006  -27.15244    -60.93034     0.13     -0.04     0.14     1 
2280792007  -27.15197    -60.89887    -0.11     -0.12     0.16     1 
2280792008  -27.15149    -60.86741     0.07     -0.21     0.22     1 
2280792013  -27.14901    -60.71008     0.09      0.25     0.26     1 
2280792014  -27.14850    -60.67862     0.02      0.07     0.08     1 
2280792016  -27.14744    -60.61570     0.14     -0.29     0.32     1 
2280792017  -27.14690    -60.58423    -0.04     -0.14     0.14     1 
2280792018  -27.14636    -60.55278     0.01     -0.05     0.05     1 
2280792047  -27.18960    -62.00042     0.04     -0.04     0.06     1 
2280792053  -27.18812    -61.81145     0.10     -0.20     0.22     1 
2280792054  -27.18785    -61.77996     0.04     -0.20     0.21     1 
2280792063  -27.18510    -61.49655     0.15      0.02     0.15     1 
2280792064  -27.18476    -61.46506     0.40      0.20     0.45     1 
2280792066  -27.18406    -61.40209     0.05     -0.23     0.24     1 
2280792068  -27.18332    -61.33912     0.03     -0.29     0.29     1 
2280792069  -27.18295    -61.30763     0.11     -0.07     0.13     1 
2280792072  -27.18178    -61.21319     0.46      0.07     0.46     1 
2280792073  -27.18137    -61.18170     0.26     -0.27     0.37     1 
2280792077  -27.17968    -61.05578     0.30      0.13     0.33     1 
2280792078  -27.17924    -61.02430    -0.07     -0.19     0.21     1 
2280792079  -27.17879    -60.99283    -0.04     -0.13     0.14     1 
2280792080  -27.17834    -60.96135    -0.12     -0.14     0.19     1 
2280792081  -27.17788    -60.92987     0.37      0.02     0.37     1 
2280792082  -27.17741    -60.89840     0.03      0.00     0.03     1 
2280792084  -27.17645    -60.83545     0.01     -0.11     0.11     1 
2280792086  -27.17547    -60.77250     0.02     -0.33     0.33     1 
2280792092  -27.17234    -60.58369    -0.01     -0.35     0.35     1 
2280792093  -27.17179    -60.55222    -0.13     -0.34     0.36     1 
2280792094  -27.17124    -60.52076     0.07      0.09     0.11     1 
2280792112  -27.21695    -62.31523     0.29     -0.05     0.30     1 
2280792122  -27.21505    -62.00019     0.09     -0.04     0.10     1 
2280792127  -27.21384    -61.84268     0.07     -0.24     0.26     1 
2280792128  -27.21358    -61.81118     0.05     -0.19     0.20     1 
2280792129  -27.21331    -61.77968     0.07     -0.18     0.19     1 
2280792134  -27.21185    -61.62219    -0.01     -0.12     0.12     1 
2280792135  -27.21153    -61.59070     0.04     -0.14     0.14     1 
2280792139  -27.21021    -61.46471     0.09     -0.19     0.21     1 
2280792140  -27.20986    -61.43322    -0.02     -0.00     0.02     1 
2280792141  -27.20951    -61.40173     0.00      0.15     0.15     1 
2280792144  -27.20840    -61.30725     0.32     -0.21     0.38     1 
2280792146  -27.20762    -61.24427    -0.01     -0.09     0.09     1 
2280792152  -27.20513    -61.05534     0.16     -0.16     0.22     1 
2280792154  -27.20424    -60.99237     0.14     -0.22     0.26     1 
2280792156  -27.20332    -60.92940    -0.03     -0.07     0.08     1 
2280792157  -27.20285    -60.89792    -0.00     -0.29     0.29     1 
2280792158  -27.20238    -60.86644    -0.12     -0.27     0.29     1 
2280792161  -27.20091    -60.77200     0.25     -0.19     0.32     1 
2280792162  -27.20040    -60.74052    -0.33     -0.08     0.34     1 
2280792163  -27.19989    -60.70904     0.14     -0.21     0.26     1 
2280792164  -27.19937    -60.67757    -0.08     -0.07     0.11     1 
2280792166  -27.19832    -60.61461     0.29     -0.18     0.34     1 
2280792167  -27.19778    -60.58314     0.11     -0.21     0.24     1 
2280792168  -27.19723    -60.55167    -0.10     -0.21     0.23     1 
2280792169  -27.19668    -60.52019     0.09     -0.46     0.46     1 
2280792170  -27.19612    -60.48872     0.55     -0.40     0.68     2 
2280792207  -27.23791    -61.68489    -0.02     -0.09     0.09     1 
2280792214  -27.23566    -61.46437     0.16     -0.17     0.23     1 
2280792215  -27.23531    -61.43286    -0.08     -0.21     0.23     1 
2280792216  -27.23496    -61.40136     0.43     -0.13     0.45     1 
2280792228  -27.23013    -61.02341    -0.53      0.01     0.53     2 
2280792229  -27.22968    -60.99191    -0.03     -0.17     0.17     1 
2280792230  -27.22923    -60.96042     0.37     -0.00     0.37     1 
2280792232  -27.22830    -60.89744     0.09     -0.11     0.14     1 
2280792233  -27.22782    -60.86595     0.26     -0.35     0.44     1 
2280792234  -27.22734    -60.83447    -0.11     -0.25     0.27     1 
2280792236  -27.22635    -60.77149    -0.00     -0.28     0.28     1 
2280792237  -27.22584    -60.74001    -0.15     -0.26     0.30     1 
2280792241  -27.22375    -60.61407    -0.00     -0.22     0.22     1 
2280792243  -27.22267    -60.55111    -0.03     -0.34     0.34     1 
2280792244  -27.22211    -60.51963    -0.28     -0.34     0.44     1 
2280792286  -27.26212    -61.55854     0.21      0.12     0.24     1 
2280792290  -27.26076    -61.43251     0.33      0.04     0.33     1 
2280792291  -27.26041    -61.40100     0.01      0.01     0.02     1 
2280792292  -27.26004    -61.36949     0.15      0.03     0.15     1 
2280792293  -27.25967    -61.33799     0.27     -0.09     0.28     1 
2280792294  -27.25929    -61.30648     0.25     -0.22     0.33     1 
2280792298  -27.25771    -61.18046    -0.08      0.09     0.12     1 
2280792304  -27.25513    -60.99146     0.10     -0.05     0.11     1 
2280792305  -27.25467    -60.95996     0.01     -0.24     0.24     1 
2280792306  -27.25421    -60.92846     0.02     -0.49     0.49     1 
2280792307  -27.25374    -60.89697     0.19     -0.38     0.42     1 
2280792308  -27.25326    -60.86547     0.02      0.01     0.02     1 
2280792309  -27.25278    -60.83397    -0.26     -0.15     0.30     1 
2280792310  -27.25229    -60.80248     0.04      0.01     0.04     1 
2280792311  -27.25179    -60.77099    -0.27     -0.46     0.53     2 
2280792312  -27.25128    -60.73949    -0.03     -0.08     0.08     1 
2280792316  -27.24919    -60.61353    -0.11     -0.27     0.29     1 
2280792317  -27.24865    -60.58204    -0.04     -0.09     0.10     1 
2280792318  -27.24810    -60.55055     0.05     -0.32     0.33     1 
2280792319  -27.24755    -60.51907    -0.02     -0.17     0.17     1 
2280792346  -27.29164    -62.03103     0.00      0.00     0.00     1 
2280792364  -27.28656    -61.46367    -0.07     -0.01     0.07     1 
2280792365  -27.28621    -61.43215     0.05     -0.24     0.24     1 
2280792366  -27.28586    -61.40064    -0.03     -0.10     0.11     1 
2280792368  -27.28512    -61.33761     0.05     -0.09     0.10     1 
2280792369  -27.28474    -61.30609     0.13      0.06     0.14     1 
2280792370  -27.28436    -61.27458     0.10     -0.12     0.15     1 
2280792374  -27.28274    -61.14854    -0.02     -0.18     0.19     1 
2280792377  -27.28146    -61.05401     0.04     -0.08     0.09     1 
2280792379  -27.28057    -60.99100    -0.01     -0.34     0.34     1 
2280792381  -27.27965    -60.92799     0.06     -0.31     0.31     1 
2280792382  -27.27918    -60.89649     0.30     -0.21     0.37     1 
2280792385  -27.27773    -60.80198    -0.14     -0.26     0.30     1 
2280792386  -27.27723    -60.77048     0.51     -0.27     0.58     2 
2280792387  -27.27672    -60.73898     0.05     -0.12     0.13     1 
2280792390  -27.27516    -60.64448    -0.03     -0.08     0.09     1 
2280792391  -27.27463    -60.61299    -0.10     -0.16     0.19     1 
2280792392  -27.27409    -60.58149     0.18     -0.28     0.33     1 
2280792393  -27.27354    -60.55000    -0.08      0.07     0.10     1 
2280792419  -27.31752    -62.09387     0.02     -0.07     0.07     1 
2280792421  -27.31710    -62.03081     0.15      0.07     0.16     1 
2280792441  -27.31131    -61.40027     0.10     -0.17     0.19     1 
2280792442  -27.31094    -61.36875    -0.26     -0.22     0.34     1 
2280792443  -27.31057    -61.33723     0.18      0.07     0.20     1 
2280792444  -27.31019    -61.30571     0.17      0.01     0.17     1 
2280792453  -27.30646    -61.02206    -0.18     -0.26     0.32     1 
2280792454  -27.30601    -60.99054     0.08     -0.20     0.21     1 
2280792455  -27.30556    -60.95903     0.21     -0.26     0.34     1 
2280792457  -27.30462    -60.89601     0.03      0.06     0.07     1 
2280792458  -27.30415    -60.86450     0.31     -0.03     0.31     1 
2280792460  -27.30317    -60.80148     0.15     -0.12     0.19     1 
2280792461  -27.30267    -60.76997    -0.05     -0.14     0.14     1 
2280792463  -27.30165    -60.70696     0.05     -0.30     0.30     1 
2280792464  -27.30113    -60.67545    -0.12     -0.08     0.14     1 
2280792465  -27.30060    -60.64395     0.23     -0.23     0.33     1 
2280792467  -27.29952    -60.58094     0.07     -0.36     0.37     1 
2280792492  -27.34337    -62.15674     0.25     -0.13     0.29     1 
2280792494  -27.34298    -62.09367     0.26      0.18     0.32     1 
2280792495  -27.34277    -62.06213    -0.00      0.00     0.00     1 
2280792496  -27.34256    -62.03059     0.09      0.16     0.19     1 
2280792498  -27.34210    -61.96751     0.30     -0.27     0.41     1 
2280792500  -27.34162    -61.90444     0.41     -0.17     0.44     1 
2280792506  -27.34001    -61.71522     0.11     -0.03     0.11     1 
2280792517  -27.33639    -61.36838     0.01      0.05     0.05     1 
2280792518  -27.33602    -61.33685     0.19     -0.34     0.39     1 
2280792519  -27.33564    -61.30532    -0.05     -0.01     0.05     1 
2280792521  -27.33486    -61.24227    -0.14     -0.19     0.24     1 
2280792522  -27.33446    -61.21074     0.13     -0.22     0.26     1 
2280792529  -27.33146    -60.99008     0.03      0.03     0.04     1 
2280792530  -27.33100    -60.95856     0.20      0.01     0.20     1 
2280792531  -27.33054    -60.92704     0.07     -0.20     0.21     1 
2280792532  -27.33007    -60.89553     0.07     -0.18     0.19     1 
2280792533  -27.32959    -60.86401     0.04     -0.13     0.13     1 
2280792534  -27.32910    -60.83249     0.06     -0.18     0.19     1 
2280792535  -27.32861    -60.80098     0.12     -0.15     0.19     1 
2280792536  -27.32811    -60.76946     0.13     -0.16     0.20     1 
2280792537  -27.32760    -60.73795    -0.05     -0.03     0.06     1 
2280792539  -27.32657    -60.67492    -0.12     -0.16     0.20     1 
2280792540  -27.32604    -60.64341     0.02     -0.19     0.19     1 
2280792542  -27.32496    -60.58039     0.07     -0.19     0.20     1 
2280792570  -27.36823    -62.06191     0.20     -0.19     0.28     1 
2280792571  -27.36801    -62.03037     0.19     -0.01     0.20     1 
2280792575  -27.36708    -61.90419     0.17      0.07     0.18     1 
2280792577  -27.36657    -61.84110    -0.32      0.04     0.32     1 
2280792580  -27.36575    -61.74647     0.11     -0.02     0.11     1 
2280792587  -27.36359    -61.52569     0.05     -0.02     0.06     1 
2280792592  -27.36184    -61.36800     0.42     -0.54     0.68     2 
2280792593  -27.36147    -61.33647     0.31     -0.13     0.34     1 
2280792595  -27.36070    -61.27340     0.25     -0.01     0.25     1 
2280792596  -27.36031    -61.24187    -0.58      0.32     0.66     2 
2280792599  -27.35908    -61.14727    -0.07     -0.18     0.20     1 
2280792603  -27.35735    -61.02115    -0.21      0.04     0.22     1 
2280792604  -27.35690    -60.98962    -0.10      0.13     0.16     1 
2280792605  -27.35645    -60.95810    -0.10     -0.01     0.10     1 
2280792606  -27.35598    -60.92657     0.12     -0.34     0.35     1 
2280792607  -27.35551    -60.89505     0.17      0.02     0.18     1 
2280792608  -27.35503    -60.86352     0.19     -0.25     0.31     1 
2280792609  -27.35454    -60.83200     0.11     -0.25     0.28     1 
2280792610  -27.35405    -60.80047     0.01     -0.25     0.25     1 
2280792611  -27.35355    -60.76895     0.16     -0.20     0.26     1 
2280792612  -27.35304    -60.73743     0.14     -0.39     0.42     1 
2280792614  -27.35201    -60.67439    -0.27     -0.32     0.42     1 
2280792615  -27.35148    -60.64287    -0.03     -0.15     0.15     1 
2280792618  -27.34985    -60.54832    -0.05     -0.03     0.06     1 
2280792639  -27.39483    -62.25102     0.01      0.16     0.16     1 
2280792641  -27.39447    -62.18791     0.08      0.13     0.15     1 
2280792642  -27.39429    -62.15636     0.10      0.13     0.16     1 
2280792643  -27.39409    -62.12480     0.12      0.16     0.20     1 
2280792646  -27.39347    -62.03014    -0.07      0.05     0.09     1 
2280792650  -27.39253    -61.90393    -0.02     -0.37     0.37     1 
2280792663  -27.38871    -61.49381     0.30     -0.03     0.30     1 
2280792672  -27.38535    -61.20992     0.20     -0.23     0.30     1 
2280792674  -27.38453    -61.14685     0.14      0.00     0.14     1 
2280792678  -27.38280    -61.02070    -0.07      0.05     0.09     1 
2280792679  -27.38235    -60.98916     0.08     -0.09     0.13     1 
2280792680  -27.38189    -60.95763    -0.09     -0.07     0.12     1 
2280792681  -27.38142    -60.92610     0.31     -0.13     0.34     1 
2280792682  -27.38095    -60.89456     0.10     -0.12     0.16     1 
2280792683  -27.38047    -60.86303    -0.09     -0.15     0.18     1 
2280792684  -27.37998    -60.83150     0.10     -0.03     0.10     1 
2280792685  -27.37949    -60.79997     0.21      0.06     0.21     1 
2280792686  -27.37899    -60.76844    -0.02     -0.09     0.09     1 
2280792687  -27.37848    -60.73691     0.07     -0.21     0.22     1 
2280792688  -27.37797    -60.70538     0.05     -0.10     0.11     1 
2280792689  -27.37744    -60.67386     0.20     -0.29     0.35     1 
2280792691  -27.37638    -60.61080    -0.17     -0.39     0.42     1 
2280792712  -27.42061    -62.31397    -0.22      0.11     0.25     1 
2280792713  -27.42045    -62.28241     0.17      0.18     0.24     1 
2280792715  -27.42011    -62.21929     0.07      0.07     0.10     1 
2280792716  -27.41993    -62.18773     0.11     -0.03     0.12     1 
2280792717  -27.41974    -62.15616     0.08      0.01     0.08     1 
2280792718  -27.41955    -62.12460     0.11      0.09     0.14     1 
2280792719  -27.41935    -62.09304     0.23      0.20     0.30     1 
2280792722  -27.41870    -61.99836    -0.07      0.05     0.09     1 
2280792735  -27.41515    -61.58812     0.29      0.12     0.32     1 
2280792737  -27.41449    -61.52501    -0.08      0.23     0.25     1 
2280792738  -27.41416    -61.49346     0.09     -0.02     0.09     1 
2280792739  -27.41381    -61.46191    -0.01      0.22     0.22     1 
2280792747  -27.41080    -61.20951    -0.09     -0.34     0.35     1 
2280792749  -27.40998    -61.14642    -0.12      0.36     0.38     1 
2280792755  -27.40733    -60.95716     0.22     -0.02     0.22     1 
2280792756  -27.40686    -60.92562     0.01     -0.07     0.07     1 
2280792757  -27.40639    -60.89408    -0.25      0.31     0.40     1 
2280792758  -27.40591    -60.86254     0.05     -0.22     0.22     1 
2280792759  -27.40543    -60.83100    -0.09     -0.10     0.14     1 
2280792761  -27.40443    -60.76793     0.25     -0.32     0.41     1 
2280792762  -27.40392    -60.73639    -0.14     -0.43     0.45     1 
2280792765  -27.40235    -60.64179     0.03     -0.31     0.31     1 
2280792788  -27.44591    -62.28225     0.09      0.22     0.24     1 
2280792789  -27.44574    -62.25068     0.11      0.18     0.21     1 
2280792790  -27.44557    -62.21911     0.06      0.18     0.19     1 
2280792791  -27.44539    -62.18754     0.16      0.17     0.23     1 
2280792792  -27.44520    -62.15597     0.15      0.15     0.21     1 
2280792793  -27.44500    -62.12440     0.10      0.18     0.20     1 
2280792809  -27.44092    -61.61936     0.14      0.12     0.18     1 
2280792810  -27.44060    -61.58780     0.11      0.03     0.11     1 
2280792812  -27.43995    -61.52468     0.07      0.02     0.07     1 
2280792816  -27.43855    -61.39844    -0.15     -0.05     0.16     1 
2280792820  -27.43704    -61.27221     0.10     -0.07     0.13     1 
2280792823  -27.43584    -61.17755     0.19     -0.12     0.22     1 
2280792825  -27.43500    -61.11445    -0.00     -0.01     0.01     1 
2280792826  -27.43457    -61.08289    -0.13      0.02     0.13     1 
2280792828  -27.43369    -61.01979    -0.13     -0.44     0.46     1 
2280792829  -27.43323    -60.98824    -0.03     -0.07     0.08     1 
2280792830  -27.43277    -60.95669    -0.10     -0.01     0.11     1 
2280792831  -27.43231    -60.92515     0.07     -0.06     0.10     1 
2280792832  -27.43183    -60.89360     0.08     -0.01     0.09     1 
2280792833  -27.43135    -60.86205     0.09     -0.07     0.11     1 
2280792834  -27.43087    -60.83051    -0.27     -0.26     0.37     1 
2280792836  -27.42987    -60.76742     0.04     -0.18     0.18     1 
2280792837  -27.42936    -60.73587    -0.01     -0.19     0.19     1 
2280792839  -27.42832    -60.67279    -0.09     -0.15     0.17     1 
2280792841  -27.42725    -60.60971    -0.03     -0.34     0.34     1 
2280792842  -27.42671    -60.57817     0.39     -0.46     0.60     2 
2280792843  -27.42616    -60.54663     0.37     -0.56     0.67     2 
2280792863  -27.47136    -62.28208     0.01      0.12     0.12     1 
2280792864  -27.47120    -62.25051     0.03      0.11     0.11     1 
2280792865  -27.47103    -62.21893     0.11      0.11     0.16     1 
2280792867  -27.47066    -62.15578     0.16      0.14     0.22     1 
2280792868  -27.47046    -62.12420     0.15      0.12     0.19     1 
2280792874  -27.46914    -61.93475     0.10     -0.05     0.11     1 
2280792882  -27.46698    -61.68218    -0.25      0.35     0.43     1 
2280792884  -27.46637    -61.61904    -0.11      0.06     0.12     1 
2280792885  -27.46605    -61.58747     0.13      0.18     0.22     1 
2280792887  -27.46540    -61.52434     0.10      0.32     0.34     1 
2280792889  -27.46471    -61.46120     0.13     -0.00     0.13     1 
2280792892  -27.46363    -61.36651    -0.06      0.03     0.07     1 
2280792903  -27.45913    -61.01934    -0.03      0.09     0.10     1 
2280792905  -27.45822    -60.95623     0.05     -0.07     0.08     1 
2280792906  -27.45775    -60.92467     0.03     -0.10     0.11     1 
2280792907  -27.45728    -60.89312    -0.13      0.04     0.13     1 
2280792909  -27.45631    -60.83001    -0.03     -0.12     0.13     1 
2280792910  -27.45581    -60.79846     0.03      0.11     0.11     1 
2280792911  -27.45531    -60.76691    -0.10      0.06     0.12     1 
2280792917  -27.45214    -60.57762     0.15     -0.55     0.57     2 
2280792943  -27.49592    -62.12400    -0.09      0.38     0.39     1 
2280792947  -27.49507    -61.99767     0.08      0.09     0.12     1 
2280792967  -27.48908    -61.36613     0.06      0.29     0.30     1 
2280792971  -27.48754    -61.23985     0.27     -0.21     0.35     1 
2280792974  -27.48631    -61.14514    -0.15      0.25     0.29     1 
2280792978  -27.48457    -61.01888     0.39     -0.15     0.42     1 
2280792979  -27.48412    -60.98732     0.05      0.22     0.23     1 
2280792980  -27.48366    -60.95576     0.36      0.36     0.51     2 
2280792981  -27.48319    -60.92419     0.01      0.03     0.03     1 
2280792982  -27.48272    -60.89263     0.19      0.13     0.24     1 
2280792983  -27.48224    -60.86107     0.25     -0.18     0.31     1 
2280792984  -27.48175    -60.82951    -0.14     -0.19     0.24     1 
2280792985  -27.48125    -60.79795     0.16     -0.28     0.33     1 
2280792986  -27.48075    -60.76639     0.04     -0.25     0.25     1 
2280792987  -27.48024    -60.73483     0.11     -0.28     0.30     1 
2280792988  -27.47972    -60.70328     0.22     -0.11     0.25     1 
2280792989  -27.47920    -60.67172     0.04     -0.15     0.16     1 
2280792992  -27.47758    -60.57706    -0.11     -0.40     0.41     1 
2280793012  -27.52244    -62.31334     0.04      0.68     0.68     2 
2280793021  -27.52074    -62.02903    -0.45      0.12     0.46     1 
2280793022  -27.52052    -61.99744     0.14      0.18     0.22     1 
2280793023  -27.52029    -61.96585     0.04      0.14     0.14     1 
2280793031  -27.51818    -61.71316     0.20      0.23     0.31     1 
2280793034  -27.51727    -61.61841     0.31     -0.13     0.33     1 
2280793042  -27.51453    -61.36576    -0.49      0.45     0.67     2 
2280793046  -27.51299    -61.23945     0.29      0.08     0.30     1 
2280793047  -27.51259    -61.20787    -0.21      0.34     0.40     1 
2280793049  -27.51176    -61.14472     0.27      0.13     0.31     1 
2280793051  -27.51090    -61.08157     0.10     -0.12     0.16     1 
2280793052  -27.51046    -61.05000     0.11     -0.31     0.33     1 
2280793055  -27.50910    -60.95529     0.08     -0.07     0.11     1 
2280793057  -27.50816    -60.89215    -0.06      0.10     0.12     1 
2280793065  -27.50410    -60.63962    -0.12     -0.25     0.28     1 
2280793067  -27.50302    -60.57650    -0.01     -0.04     0.04     1 
2280793098  -27.54574    -61.96561     0.32      0.27     0.41     1 
2280793099  -27.54550    -61.93402     0.24      0.42     0.49     1 
2280793106  -27.54363    -61.71286     0.10      0.10     0.14     1 
2280793114  -27.54106    -61.46014     0.20      0.19     0.27     1 
2280793126  -27.53635    -61.08113    -0.38      0.38     0.53     2 
2280793127  -27.53591    -61.04955     0.05      0.24     0.25     1 
2280793129  -27.53500    -60.98639    -0.02      0.05     0.05     1 
2280793137  -27.53111    -60.73379     0.13     -0.13     0.18     1 
2280793140  -27.52954    -60.63908     0.16     -0.05     0.17     1 
2280793158  -27.57392    -62.43946    -0.02      0.47     0.47     1 
2280793161  -27.57350    -62.34463    -0.08     -0.05     0.10     1 
2280793170  -27.57187    -62.06018    -0.18      0.05     0.19     1 
2280793174  -27.57096    -61.93377     0.09      0.47     0.48     1 
2280793180  -27.56937    -61.74417     0.02      0.09     0.10     1 
2280793183  -27.56848    -61.64937     0.29      0.01     0.29     1 
2280793184  -27.56817    -61.61777     0.05      0.13     0.14     1 
2280793189  -27.56651    -61.45979     0.03     -0.00     0.03     1 
2280793190  -27.56616    -61.42819     0.32     -0.26     0.41     1 
2280793191  -27.56580    -61.39660    -0.02      0.04     0.04     1 
2280793192  -27.56543    -61.36500     0.08      0.28     0.29     1 
2280793200  -27.56222    -61.11227     0.36     -0.00     0.36     1 
2280793202  -27.56135    -61.04910     0.32      0.04     0.32     1 
2280793203  -27.56090    -61.01751     0.16     -0.03     0.16     1 
2280793204  -27.56045    -60.98593     0.12      0.11     0.16     1 
2280793206  -27.55952    -60.92276     0.24      0.15     0.28     1 
2280793207  -27.55904    -60.89117     0.13      0.21     0.24     1 
2280793213  -27.55604    -60.70169    -0.11     -0.11     0.15     1 
2280793235  -27.59911    -62.37610     0.22     -0.06     0.22     1 
2280793238  -27.59865    -62.28126     0.18      0.01     0.18     1 
2280793244  -27.59754    -62.09158     0.55      0.38     0.67     2 
2280793257  -27.59424    -61.68066     0.24      0.20     0.31     1 
2280793258  -27.59393    -61.64905     0.10      0.19     0.21     1 
2280793259  -27.59362    -61.61745     0.06      0.29     0.30     1 
2280793267  -27.59088    -61.36462     0.33     -0.22     0.40     1 
2280793270  -27.58973    -61.26982    -0.02     -0.01     0.02     1 
2280793278  -27.58635    -61.01706    -0.04      0.02     0.05     1 
2280793281  -27.58496    -60.92228     0.14      0.13     0.19     1 
2280793286  -27.58251    -60.76433     0.12      0.10     0.15     1 
2280793287  -27.58199    -60.73275    -0.03      0.06     0.06     1 
2280793288  -27.58147    -60.70116     0.01     -0.01     0.02     1 
2280793289  -27.58095    -60.66958     0.24     -0.41     0.47     1 
2280793309  -27.62470    -62.40757     0.35      0.17     0.39     1 
2280793310  -27.62456    -62.37595    -0.06      0.37     0.38     1 
2280793311  -27.62442    -62.34433     0.05      0.10     0.11     1 
2280793312  -27.62427    -62.31271     0.05      0.15     0.16     1 
2280793318  -27.62319    -62.12299     0.42     -0.13     0.44     1 
2280793324  -27.62187    -61.93328     0.03      0.16     0.16     1 
2280793335  -27.61876    -61.58552     0.10      0.30     0.31     1 
2280793336  -27.61843    -61.55391     0.28      0.19     0.34     1 
2280793337  -27.61810    -61.52229    -0.15     -0.05     0.15     1 
2280793349  -27.61354    -61.14301     0.05      0.10     0.11     1 
2280793351  -27.61268    -61.07980     0.12     -0.04     0.13     1 
2280793352  -27.61224    -61.04820     0.11      0.22     0.25     1 
2280793353  -27.61179    -61.01660     0.10      0.05     0.11     1 
2280793354  -27.61133    -60.98500     0.05      0.25     0.26     1 
2280793355  -27.61087    -60.95340     0.27      0.04     0.27     1 
2280793360  -27.60845    -60.79541     0.04     -0.16     0.16     1 
2280793361  -27.60794    -60.76382    -0.10     -0.19     0.22     1 
2280793383  -27.65029    -62.43907     0.04      0.38     0.39     1 
2280793384  -27.65016    -62.40744    -0.09      0.16     0.19     1 
2280793388  -27.64956    -62.28092    -0.20      0.19     0.28     1 
2280793392  -27.64885    -62.15441     0.09      0.09     0.12     1 
2280793399  -27.64732    -61.93303     0.27      0.04     0.28     1 
2280793407  -27.64514    -61.68005     0.25      0.50     0.56     2 
2280793414  -27.64286    -61.45872     0.02      0.32     0.32     1 
2280793419  -27.64101    -61.30064     0.35      0.12     0.37     1 
2280793426  -27.63812    -61.07936     0.02     -0.01     0.02     1 
2280793429  -27.63678    -60.98453     0.17      0.21     0.27     1 
2280793430  -27.63631    -60.95292     0.24     -0.18     0.30     1 
2280793433  -27.63488    -60.85811     0.06     -0.23     0.24     1 
2280793435  -27.63389    -60.79490     0.10     -0.13     0.16     1 
2280793458  -27.67575    -62.43894     0.28      0.34     0.44     1 
2280793465  -27.67467    -62.21749     0.22      0.01     0.22     1 
2280793466  -27.67449    -62.18585    -0.07     -0.15     0.16     1 
2280793467  -27.67430    -62.15422     0.09      0.16     0.18     1 
2280793471  -27.67347    -62.02768    -0.02      0.05     0.05     1 
2280793473  -27.67301    -61.96442     0.09      0.16     0.18     1 
2280793474  -27.67277    -61.93279     0.10      0.06     0.12     1 
2280793481  -27.67089    -61.71137     0.26      0.35     0.44     1 
2280793482  -27.67059    -61.67974     0.35      0.13     0.37     1 
2280793488  -27.66866    -61.48998     0.07      0.45     0.46     1 
2280793490  -27.66795    -61.42674     0.26      0.06     0.27     1 
2280793494  -27.66646    -61.30025     0.20      0.25     0.32     1 
2280793500  -27.66400    -61.11053     0.15      0.36     0.39     1 
2280793504  -27.66222    -60.98407    -0.38      0.10     0.39     1 
2280793510  -27.65933    -60.79439     0.34     -0.40     0.53     2 
2280793516  -27.65618    -60.60475     0.07     -0.15     0.16     1 
2280793533  -27.70121    -62.43881     0.24      0.34     0.41     1 
2280793534  -27.70107    -62.40716    -0.05      0.37     0.37     1 
2280793540  -27.70013    -62.21730     0.26     -0.10     0.28     1 
2280793541  -27.69995    -62.18566     0.16      0.12     0.20     1 
2280793542  -27.69976    -62.15402     0.05      0.10     0.11     1 
2280793543  -27.69956    -62.12238     0.23     -0.08     0.24     1 
2280793544  -27.69936    -62.09074     0.15      0.05     0.15     1 
2280793548  -27.69847    -61.96418     0.26      0.03     0.26     1 
2280793550  -27.69798    -61.90090     0.01      0.20     0.20     1 
2280793557  -27.69605    -61.67944    -0.15      0.09     0.17     1 
2280793564  -27.69376    -61.45800     0.19      0.14     0.24     1 
2280793567  -27.69267    -61.36311     0.10      0.62     0.63     2 
2280793568  -27.69229    -61.33148     0.48     -0.00     0.48     1 
2280793570  -27.69151    -61.26822     0.36      0.27     0.45     1 
2280793573  -27.69029    -61.17334     0.31      0.41     0.52     2 
2280793576  -27.68901    -61.07847     0.18     -0.08     0.20     1 
2280793578  -27.68812    -61.01522    -0.09      0.26     0.28     1 
2280793583  -27.68576    -60.85712     0.10      0.07     0.12     1 
2280793609  -27.72653    -62.40702     0.11      0.04     0.12     1 
2280793612  -27.72609    -62.31207     0.01     -0.01     0.02     1 
2280793618  -27.72502    -62.12217     0.09      0.14     0.17     1 
2280793619  -27.72481    -62.09053     0.11      0.10     0.15     1 
2280793623  -27.72392    -61.96394     0.01      0.13     0.13     1 
2280793624  -27.72368    -61.93229     0.11      0.05     0.13     1 
2280793626  -27.72318    -61.86900     0.10      0.02     0.10     1 
2280793628  -27.72265    -61.80571     0.08      0.12     0.14     1 
2280793629  -27.72237    -61.77406     0.56      0.21     0.60     2 
2280793630  -27.72209    -61.74242    -0.15      0.29     0.33     1 
2280793636  -27.72023    -61.55257     0.18      0.14     0.23     1 
2280793642  -27.71812    -61.36273     0.40      0.25     0.47     1 
2280793644  -27.71735    -61.29946     0.02      0.21     0.21     1 
2280793645  -27.71696    -61.26782    -0.03      0.32     0.32     1 
2280793650  -27.71489    -61.10965     0.14      0.15     0.21     1 
2280793651  -27.71445    -61.07802     0.26      0.33     0.41     1 
2280793658  -27.71120    -60.85662     0.14      0.03     0.15     1 
2280793659  -27.71071    -60.82499     0.28      0.12     0.31     1 
2280793662  -27.70918    -60.73012     0.28      0.13     0.31     1 
2280793686  -27.75170    -62.34357    -0.13      0.05     0.14     1 
2280793688  -27.75138    -62.28025    -0.06     -0.01     0.06     1 
2280793689  -27.75122    -62.24860    -0.18     -0.02     0.18     1 
2280793693  -27.75047    -62.12197    -0.50     -0.18     0.53     2 
2280793694  -27.75027    -62.09031     0.29      0.18     0.34     1 
2280793695  -27.75005    -62.05866    -0.01     -0.23     0.23     1 
2280793703  -27.74810    -61.80543     0.03      0.22     0.23     1 
2280793704  -27.74782    -61.77378     0.10      0.01     0.10     1 
2280793705  -27.74754    -61.74213     0.46      0.06     0.46     1 
2280793706  -27.74725    -61.71048    -0.04      0.05     0.06     1 
2280793707  -27.74695    -61.67883     0.28     -0.48     0.56     2 
2280793708  -27.74664    -61.64717     0.04      0.28     0.29     1 
2280793715  -27.74430    -61.42564    -0.01     -0.11     0.11     1 
2280793717  -27.74356    -61.36235     0.41      0.17     0.45     1 
2280793718  -27.74318    -61.33071    -0.01     -0.03     0.03     1 
2280793720  -27.74241    -61.26742     0.19     -0.10     0.21     1 
2280793721  -27.74201    -61.23578     0.33      0.16     0.37     1 
2280793725  -27.74033    -61.10921    -0.02     -0.18     0.18     1 
2280793726  -27.73990    -61.07757     0.16      0.24     0.29     1 
2280793728  -27.73900    -61.01430    -0.05      0.11     0.12     1 
2280793729  -27.73854    -60.98266     0.00      0.21     0.21     1 
2280793733  -27.73664    -60.85612     0.01      0.18     0.18     1 
2280793734  -27.73615    -60.82449     0.15      0.12     0.19     1 
2280793735  -27.73565    -60.79286    -0.02     -0.40     0.40     1 
2280793736  -27.73514    -60.76122     0.06     -0.04     0.07     1 
2280793755  -27.77793    -62.53341     0.16     -0.03     0.16     1 
2280793758  -27.77757    -62.43841    -0.53      0.10     0.53     2 
2280793760  -27.77730    -62.37508    -0.08      0.16     0.18     1 
2280793761  -27.77716    -62.34342    -0.00      0.55     0.55     2 
2280793765  -27.77650    -62.21676    -0.10     -0.08     0.13     1 
2280793767  -27.77612    -62.15343     0.03      0.16     0.16     1 
2280793768  -27.77593    -62.12177     0.03     -0.17     0.17     1 
2280793769  -27.77572    -62.09010    -0.09      0.45     0.46     1 
2280793772  -27.77506    -61.99512    -0.04      0.00     0.04     1 
2280793777  -27.77382    -61.83681    -0.62     -0.05     0.62     2 
2280793780  -27.77299    -61.74183     0.23     -0.10     0.25     1 
2280793781  -27.77270    -61.71018     0.55     -0.19     0.58     2 
2280793782  -27.77240    -61.67852     0.49     -0.21     0.53     2 
2280793792  -27.76901    -61.36197     0.16     -0.15     0.22     1 
2280793794  -27.76825    -61.29867     0.06     -0.11     0.12     1 
2280793796  -27.76745    -61.23537     0.09      0.06     0.11     1 
2280793798  -27.76663    -61.17207     0.09     -0.12     0.15     1 
2280793799  -27.76621    -61.14042    -0.07     -0.20     0.22     1 
2280793802  -27.76490    -61.04548     0.18      0.26     0.32     1 
2280793803  -27.76445    -61.01384     0.32      0.04     0.32     1 
2280793805  -27.76352    -60.95055    -0.15      0.21     0.26     1 
2280793809  -27.76159    -60.82398    -0.01     -0.09     0.09     1 
2280793812  -27.76006    -60.72907     0.15      0.01     0.15     1 
2280793833  -27.80303    -62.43828     0.04      0.16     0.16     1 
2280793839  -27.80213    -62.24825    -0.16      0.20     0.26     1 
2280793842  -27.80158    -62.15323    -0.11      0.19     0.22     1 
2280793843  -27.80138    -62.12156    -0.01     -0.18     0.18     1 
2280793849  -27.80004    -61.93154     0.19     -0.11     0.22     1 
2280793851  -27.79954    -61.86821    -0.07     -0.23     0.24     1 
2280793852  -27.79927    -61.83654     0.14      0.01     0.14     1 
2280793867  -27.79446    -61.36159    -0.05      0.12     0.13     1 
2280793872  -27.79249    -61.20330     0.05      0.08     0.09     1 
2280793873  -27.79207    -61.17164     0.02      0.28     0.28     1 
2280793875  -27.79122    -61.10833     0.19     -0.05     0.19     1 
2280793876  -27.79078    -61.07668     0.04      0.10     0.11     1 
2280793877  -27.79034    -61.04503    -0.09      0.13     0.16     1 
2280793883  -27.78752    -60.85512     0.02     -0.02     0.03     1 
2280793884  -27.78703    -60.82348     0.15      0.05     0.16     1 
2280793886  -27.78601    -60.76018     0.18      0.11     0.21     1 
2280793888  -27.78497    -60.69689     0.21      0.10     0.23     1 
2280793909  -27.82836    -62.40647     0.16      0.40     0.43     1 
2280793910  -27.82822    -62.37479     0.04     -0.02     0.04     1 
2280793911  -27.82807    -62.34311     0.21      0.11     0.24     1 
2280793912  -27.82791    -62.31143     0.05      0.12     0.14     1 
2280793918  -27.82683    -62.12136     0.31      0.06     0.31     1 
2280793919  -27.82663    -62.08968    -0.49      0.00     0.49     1 
2280793925  -27.82525    -61.89962    -0.17      0.27     0.32     1 
2280793930  -27.82389    -61.74125     0.14     -0.05     0.15     1 
2280793932  -27.82330    -61.67790     0.46      0.09     0.47     1 
2280793946  -27.81834    -61.23454    -0.14      0.01     0.14     1 
2280793948  -27.81752    -61.17122     0.08      0.03     0.09     1 
2280793950  -27.81667    -61.10789     0.02     -0.05     0.05     1 
2280793953  -27.81533    -61.01291    -0.03      0.26     0.27     1 
2280793955  -27.81440    -60.94959     0.34     -0.11     0.36     1 
2280793956  -27.81393    -60.91794     0.07      0.05     0.09     1 
2280793957  -27.81345    -60.88628     0.22     -0.18     0.29     1 
2280793958  -27.81296    -60.85462    -0.26     -0.18     0.32     1 
2280793959  -27.81246    -60.82297     0.11     -0.05     0.12     1 
2280793960  -27.81196    -60.79131     0.12     -0.05     0.13     1 
2280793961  -27.81145    -60.75966    -0.09      0.14     0.17     1 
2280793962  -27.81094    -60.72801     0.03      0.07     0.08     1 
2280793963  -27.81041    -60.69636     0.13      0.20     0.24     1 
2280793980  -27.85430    -62.53309    -0.09     -0.02     0.09     1 
2280793984  -27.85381    -62.40633    -0.00     -0.03     0.03     1 
2280793986  -27.85352    -62.34296    -0.01     -0.01     0.02     1 
2280793987  -27.85337    -62.31127     0.38      0.10     0.40     1 
2280794006  -27.84905    -61.70927     0.46      0.01     0.46     1 
2280794021  -27.84379    -61.23413     0.11     -0.11     0.16     1 
2280794022  -27.84338    -61.20246     0.23     -0.32     0.39     1 
2280794024  -27.84254    -61.13912     0.10     -0.00     0.10     1 
2280794027  -27.84123    -61.04411     0.14     -0.01     0.14     1 
2280794030  -27.83985    -60.94911    -0.07      0.04     0.08     1 
2280794033  -27.83840    -60.85412    -0.01      0.10     0.10     1 
2280794034  -27.83790    -60.82246     0.06      0.04     0.07     1 
2280794035  -27.83740    -60.79080    -0.04      0.12     0.12     1 
2280794036  -27.83689    -60.75914     0.07     -0.04     0.08     1 
2280794037  -27.83637    -60.72748     0.03      0.01     0.03     1 
2280794038  -27.83585    -60.69582     0.17      0.11     0.20     1 
2280794039  -27.83532    -60.66416     0.03     -0.20     0.20     1 
2280794056  -27.87965    -62.50128     0.41     -0.22     0.46     1 
2280794057  -27.87953    -62.46959     0.08      0.05     0.09     1 
2280794061  -27.87898    -62.34280    -0.20      0.15     0.26     1 
2280794069  -27.87754    -62.08925     0.06      0.00     0.06     1 
2280794081  -27.87450    -61.70897    -0.01     -0.00     0.01     1 
2280794083  -27.87389    -61.64560     0.01     -0.01     0.02     1 
2280794091  -27.87117    -61.39212     0.39     -0.31     0.50     2 
2280794099  -27.86798    -61.13869     0.24      0.04     0.24     1 
2280794100  -27.86755    -61.10701     0.27      0.10     0.28     1 
2280794102  -27.86667    -61.04366     0.01      0.00     0.01     1 
2280794103  -27.86622    -61.01198     0.07     -0.05     0.09     1 
2280794105  -27.86529    -60.94864     0.19     -0.26     0.32     1 
2280794106  -27.86481    -60.91696    -0.02     -0.19     0.19     1 
2280794109  -27.86334    -60.82195    -0.04     -0.19     0.20     1 
2280794110  -27.86284    -60.79028    -0.05      0.14     0.15     1 
2280794112  -27.86181    -60.72695    -0.01     -0.01     0.01     1 
2280794113  -27.86128    -60.69528     0.07      0.06     0.09     1 
2280794114  -27.86075    -60.66362    -0.00     -0.02     0.02     1 
2280794130  -27.90521    -62.53287    -0.07     -0.19     0.20     1 
2280794143  -27.90320    -62.12074     0.45      0.03     0.45     1 
2280794150  -27.90160    -61.89885    -0.15      0.33     0.36     1 
2280794153  -27.90081    -61.80376     0.19     -0.01     0.19     1 
2280794154  -27.90053    -61.77206     0.08     -0.04     0.10     1 
2280794155  -27.90025    -61.74036     0.09     -0.03     0.09     1 
2280794156  -27.89995    -61.70867     0.19      0.02     0.19     1 
2280794163  -27.89770    -61.48682     0.01     -0.17     0.17     1 
2280794174  -27.89343    -61.13825     0.16     -0.10     0.19     1 
2280794179  -27.89120    -60.97984     0.15     -0.01     0.15     1 
2280794180  -27.89073    -60.94816    -0.05     -0.38     0.38     1 
2280794181  -27.89025    -60.91648    -0.14     -0.36     0.39     1 
2280794183  -27.88928    -60.85312    -0.08     -0.20     0.22     1 
2280794184  -27.88878    -60.82144     0.13     -0.12     0.18     1 
2280794188  -27.88672    -60.69474     0.02      0.05     0.06     1 
2280794204  -27.93077    -62.56447     0.01      0.33     0.33     1 
2280794213  -27.92957    -62.27908    -0.07     -0.24     0.25     1 
2280794216  -27.92904    -62.18395    -0.38      0.04     0.38     1 
2280794218  -27.92865    -62.12053     0.01     -0.50     0.50     2 
2280794227  -27.92654    -61.83518     0.14     -0.17     0.22     1 
2280794228  -27.92626    -61.80348     0.16     -0.04     0.17     1 
2280794229  -27.92598    -61.77177     0.23     -0.04     0.23     1 
2280794230  -27.92570    -61.74007     0.19     -0.05     0.20     1 
2280794231  -27.92540    -61.70837     0.56      0.00     0.56     2 
2280794233  -27.92479    -61.64496    -0.17      0.17     0.24     1 
2280794254  -27.91664    -60.97936    -0.42     -0.23     0.48     1 
2280794255  -27.91617    -60.94768    -0.51     -0.19     0.55     2 
2280794258  -27.91472    -60.85262    -0.03     -0.07     0.08     1 
2280794259  -27.91422    -60.82093     0.03      0.04     0.05     1 
2280794261  -27.91320    -60.75757    -0.00      0.04     0.04     1 
2280794263  -27.91216    -60.69420    -0.03     -0.05     0.05     1 
2280794264  -27.91162    -60.66252     0.14     -0.00     0.14     1 
2280794283  -27.95577    -62.43749    -0.09     -0.03     0.09     1 
2280794284  -27.95564    -62.40578    -0.06     -0.04     0.07     1 
2280794285  -27.95549    -62.37406    -0.11     -0.24     0.26     1 
2280794286  -27.95535    -62.34234    -0.02     -0.08     0.08     1 
2280794288  -27.95503    -62.27891     0.04     -0.28     0.28     1 
2280794289  -27.95486    -62.24719    -0.10     -0.31     0.33     1 
2280794292  -27.95431    -62.15204    -0.06      0.04     0.07     1 
2280794297  -27.95324    -61.99347    -0.46     -0.24     0.52     2 
2280794298  -27.95300    -61.96176     0.33     -0.01     0.33     1 
2280794304  -27.95144    -61.77148    -0.12      0.03     0.12     1 
2280794305  -27.95115    -61.73978     0.19     -0.11     0.22     1 
2280794307  -27.95055    -61.67636    -0.19     -0.10     0.22     1 
2280794308  -27.95024    -61.64465     0.14     -0.09     0.16     1 
2280794329  -27.94208    -60.97889    -0.38     -0.27     0.46     1 
2280794334  -27.93966    -60.82042    -0.19     -0.12     0.22     1 
2280794335  -27.93915    -60.78873     0.01     -0.13     0.13     1 
2280794338  -27.93759    -60.69366    -0.02     -0.00     0.02     1 
2280794357  -27.98135    -62.46909     0.14     -0.19     0.24     1 
2280794359  -27.98109    -62.40564    -0.02     -0.13     0.13     1 
2280794360  -27.98095    -62.37391    -0.17     -0.21     0.27     1 
2280794361  -27.98080    -62.34219     0.06     -0.11     0.12     1 
2280794362  -27.98065    -62.31046    -0.05     -0.17     0.18     1 
2280794364  -27.98031    -62.24701    -0.04     -0.18     0.19     1 
2280794378  -27.97717    -61.80291     0.13      0.04     0.14     1 
2280794379  -27.97689    -61.77120     0.07     -0.14     0.16     1 
2280794380  -27.97660    -61.73948     0.23     -0.36     0.42     1 
2280794381  -27.97630    -61.70776    -0.18     -0.27     0.32     1 
2280794382  -27.97600    -61.67605    -0.13     -0.16     0.20     1 
2280794404  -27.96752    -60.97842     0.06      0.43     0.44     1 
2280794406  -27.96657    -60.91501     0.15      0.04     0.16     1 
2280794409  -27.96510    -60.81991    -0.00     -0.41     0.41     1 
2280794410  -27.96459    -60.78821    -0.02     -0.29     0.29     1 
2280794411  -27.96408    -60.75652     0.07     -0.19     0.20     1 
2280794413  -27.96303    -60.69312    -0.10     -0.19     0.21     1 
2280794429  -28.00714    -62.56416     0.02      0.46     0.46     1 
2280794434  -28.00655    -62.40550    -0.11     -0.23     0.25     1 
2280794436  -28.00626    -62.34203     0.03     -0.01     0.03     1 
2280794437  -28.00610    -62.31030    -0.16     -0.14     0.21     1 
2280794439  -28.00577    -62.24684     0.29     -0.47     0.55     2 
2280794442  -28.00521    -62.15165    -0.24      0.00     0.24     1 
2280794443  -28.00502    -62.11992    -0.14     -0.12     0.18     1 
2280794454  -28.00234    -61.77091    -0.21     -0.38     0.44     1 
2280794455  -28.00205    -61.73918     0.02     -0.27     0.27     1 
2280794485  -27.99003    -60.78769     0.21     -0.08     0.23     1 
2280794486  -27.98952    -60.75599     0.06     -0.12     0.13     1 
2280794488  -27.98847    -60.69258    -0.54     -0.29     0.61     2 
2280794503  -28.03270    -62.59580    -0.09     -0.17     0.19     1 
2280794508  -28.03214    -62.43710    -0.18     -0.32     0.36     1 
2280794509  -28.03200    -62.40536    -0.02      0.01     0.02     1 
2280794511  -28.03171    -62.34188    -0.17      0.03     0.17     1 
2280794516  -28.03086    -62.18319    -0.10     -0.31     0.33     1 
2280794517  -28.03067    -62.15145    -0.14     -0.18     0.23     1 
2280794518  -28.03047    -62.11971     0.14     -0.02     0.14     1 
2280794520  -28.03005    -62.05624    -0.12      0.07     0.14     1 
2280794522  -28.02960    -61.99276    -0.09      0.07     0.12     1 
2280794528  -28.02807    -61.80235     0.20     -0.08     0.22     1 
2280794529  -28.02779    -61.77062     0.02     -0.30     0.31     1 
2280794530  -28.02750    -61.73889     0.32     -0.14     0.35     1 
2280794533  -28.02660    -61.64369    -0.04     -0.12     0.13     1 
2280794536  -28.02562    -61.54850    -0.58     -0.28     0.64     2 
2280794548  -28.02107    -61.16779     0.01      0.06     0.06     1 
2280794561  -28.01495    -60.75546    -0.46     -0.50     0.68     2 
2280794563  -28.01390    -60.69204     0.04     -0.32     0.32     1 
2280794578  -28.05815    -62.59571    -0.16     -0.08     0.18     1 
2280794580  -28.05795    -62.53221     0.06     -0.16     0.17     1 
2280794582  -28.05772    -62.46871    -0.06     -0.14     0.16     1 
2280794586  -28.05717    -62.34172    -0.08     -0.18     0.20     1 
2280794587  -28.05701    -62.30998     0.06     -0.55     0.55     2 
2280794588  -28.05685    -62.27823     0.03      0.13     0.14     1 
2280794589  -28.05668    -62.24648    -0.13     -0.08     0.15     1 
2280794590  -28.05650    -62.21474    -0.22      0.22     0.31     1 
2280794591  -28.05632    -62.18299    -0.15     -0.03     0.15     1 
2280794592  -28.05612    -62.15125    -0.11     -0.11     0.15     1 
2280794593  -28.05592    -62.11950     0.06     -0.11     0.12     1 
2280794597  -28.05505    -61.99253    -0.08      0.04     0.09     1 
2280794598  -28.05481    -61.96078    -0.01     -0.65     0.65     2 
2280794601  -28.05406    -61.86555    -0.10      0.03     0.10     1 
2280794604  -28.05324    -61.77033    -0.11      0.12     0.17     1 
2280794637  -28.03987    -60.72321     0.04     -0.08     0.09     1 
2280794653  -28.08361    -62.59561    -0.12     -0.04     0.13     1 
2280794658  -28.08305    -62.43683    -0.00     -0.41     0.41     1 
2280794660  -28.08277    -62.37332    -0.08     -0.25     0.26     1 
2280794662  -28.08247    -62.30981     0.05     -0.24     0.24     1 
2280794665  -28.08196    -62.21455    -0.01     -0.34     0.34     1 
2280794666  -28.08177    -62.18280    -0.12     -0.13     0.17     1 
2280794667  -28.08158    -62.15105     0.04      0.11     0.12     1 
2280794668  -28.08138    -62.11929     0.04     -0.33     0.33     1 
2280794672  -28.08050    -61.99229    -0.06     -0.22     0.23     1 
2280794674  -28.08002    -61.92879     0.00     -0.03     0.03     1 
2280794675  -28.07977    -61.89704    -0.09     -0.15     0.17     1 
2280794684  -28.07718    -61.61131     0.05     -0.40     0.40     1 
2280794685  -28.07685    -61.57956    -0.28      0.23     0.36     1 
2280794732  -28.10863    -62.46846    -0.04     -0.20     0.21     1 
2280794733  -28.10850    -62.43670    -0.24     -0.15     0.28     1 
2280794735  -28.10823    -62.37318    -0.07     -0.24     0.25     1 
2280794736  -28.10808    -62.34141    -0.27     -0.08     0.29     1 
2280794743  -28.10683    -62.11909    -0.40     -0.15     0.43     1 
2280794744  -28.10662    -62.08733    -0.22     -0.30     0.37     1 
2280794773  -28.09740    -61.16649    -0.17      0.01     0.17     1 
2280794813  -28.13321    -62.27772    -0.28     -0.17     0.33     1 
2280794819  -28.13208    -62.08711     0.40     -0.18     0.44     1 
2280794820  -28.13186    -62.05534     0.21     -0.65     0.68     2 
2280794827  -28.13015    -61.83299    -0.41      0.43     0.59     2 
2280794829  -28.12959    -61.76946     0.09     -0.12     0.15     1 
2280794833  -28.12839    -61.64241     0.19     -0.22     0.29     1 
2280794895  -28.15731    -62.05512     0.10     -0.12     0.15     1 
2280794897  -28.15686    -61.99157    -0.11     -0.29     0.31     1 
2280794902  -28.15560    -61.83271    -0.57      0.20     0.60     2 
2280794904  -28.15504    -61.76917     0.01     -0.24     0.24     1 
2280794905  -28.15475    -61.73740    -0.15     -0.30     0.34     1 
2280794924  -28.14786    -61.13387    -0.07     -0.33     0.34     1 
2280794973  -28.18208    -61.95955    -0.14     -0.12     0.19     1 
2280794974  -28.18183    -61.92777    -0.02     -0.19     0.19     1 
2280794975  -28.18158    -61.89599    -0.08     -0.26     0.27     1 
2280794977  -28.18105    -61.83243     0.02     -0.23     0.23     1 
2280794978  -28.18078    -61.80065    -0.22     -0.26     0.34     1 
2280794980  -28.18020    -61.73710    -0.02     -0.39     0.39     1 
2280795053  -28.20623    -61.80037     0.04     -0.29     0.30     1 
2280795055  -28.20565    -61.73680    -0.02     -0.37     0.37     1 
2280795056  -28.20536    -61.70502     0.18     -0.44     0.48     1 
2280795057  -28.20505    -61.67323     0.13     -0.29     0.31     1 
2280795132  -28.23050    -61.67292    -0.12     -0.30     0.32     1 
2280795134  -28.22987    -61.60933    -0.05     -0.38     0.39     1 
2280795212  -28.25431    -61.51361    -0.16     -0.44     0.46     1 
2280795213  -28.25396    -61.48181     0.00     -0.45     0.45     1 
----------------------------------------------------------------------
---------------------------------------------------
Total correlated GCPs in Upper Left Quadrant: 253

GCP statistics this quadrant only (in Pixels)
Line residual statistics:
  Mean: 0.102
  Median: 0.095
  Standard Deviation: 0.165

Sample residual statistics:
  Mean: -0.134
  Median: -0.137
  Standard Deviation: 0.159

Quadrant RMSE: 0.284

---------------------------------------------------
Total correlated GCPs in Upper Right Quadrant: 507

GCP statistics this quadrant only (in Pixels)
Line residual statistics:
  Mean: 0.099
  Median: 0.099
  Standard Deviation: 0.180

Sample residual statistics:
  Mean: -0.121
  Median: -0.119
  Standard Deviation: 0.169

Quadrant RMSE: 0.293

---------------------------------------------------
Total correlated GCPs in Lower Left Quadrant: 263

GCP statistics this quadrant only (in Pixels)
Line residual statistics:
  Mean: 0.033
  Median: 0.033
  Standard Deviation: 0.195

Sample residual statistics:
  Mean: 0.002
  Median: 0.007
  Standard Deviation: 0.212

Quadrant RMSE: 0.290

---------------------------------------------------
Total correlated GCPs in Lower Right Quadrant: 194

GCP statistics this quadrant only (in Pixels)
Line residual statistics:
  Mean: 0.057
  Median: 0.062
  Standard Deviation: 0.179

Sample residual statistics:
  Mean: -0.002
  Median: 0.008
  Standard Deviation: 0.205

Quadrant RMSE: 0.278

---------------------------------------------------
---------------------------------------------------
Total correlated GCPs in scene: 1217

GCP statistics entire scene (in Pixels)
Line residual statistics:
  Mean: 0.079
  Median: 0.080
  Standard Deviation: 0.183

Sample residual statistics:
  Mean: -0.078
  Median: -0.087
  Standard Deviation: 0.193

Scene RMSE: 0.288

