500	0.0006		0	0		
501	0.0009		0.0006	0.0007		
502	0.001		0.0019	0.0021		
503	0.002		0.0032	0.0036		
504	0.002		0.0065	0.0032		
505	0.003		0.0089	0.0065		
506	0.005		0.0114	0.0089		
507	0.009		0.0139	0.0139		
508	0.0145		0.0164	0.0164		
509	0.0236		0.019	0.019		
510	0.026		0.0215	0.0233		
511	0.041		0.0241	0.0261		
512	0.060		0.0268	0.029		
513	0.088		0.0295	0.0318		
514	0.126		0.0322	0.0347		
515	0.174		0.0349	0.0377		
516	0.236		0.0504	0.0544		
517	0.308		0.0662	0.0713		
518	0.388		0.0912	0.0982		
519	0.472		0.1205	0.1297		
520	0.552		0.152	0.1635		
521	0.621		0.1912	0.2055		
522	0.676		0.2309	0.2479		
523	0.716		0.2711	0.2908		
524	0.743		0.3117	0.3341		
525	0.759		0.3529	0.3779		
526	0.769		0.3917	0.419		
527	0.779		0.4299	0.4593		
528	0.790		0.4685	0.4999		
529	0.805		0.5075	0.5409		
530	0.822		0.5372	0.5718		
531	0.842		0.5606	0.5967		
532	0.861		0.5772	0.6142		
533	0.878		0.5909	0.6286		
534	0.893		0.6046	0.6431		
535	0.905		0.6168	0.6578		
536	0.916		0.6326	0.6722		
537	0.924		0.6467	0.6868		
538	0.933		0.661	0.7015		
539	0.942		0.6754	0.7163		
540	0.947		0.6899	0.7312		
541	0.951		0.7003	0.7416		
542	0.953		0.7107	0.752		
543	0.952		0.7213	0.7625		
544	0.951		0.7319	0.773		
545	0.952		0.7426	0.7836		
546	0.951		0.7533	0.7941		
547	0.951		0.7642	0.8047		
548	0.952		0.7751	0.8153		
549	0.952		0.7861	0.826		
550	0.953		0.7971	0.8367		
551	0.951		0.8031	0.8425		
552	0.950		0.8091	0.8483		
553	0.950		0.8152	0.8541		
554	0.951		0.8206	0.8594		
555	0.954		0.8261	0.8646		
556	0.960		0.8316	0.8695		
557	0.966		0.8371	0.8743		
558	0.968		0.8427	0.8792		
559	0.965		0.8482	0.8841
560	0.959		0.8538	0.889
561	0.951		0.8593	0.8937
562	0.944		0.865	0.8983
563	0.937		0.8706	0.9029
564	0.932		0.8731	0.9044
565	0.933		0.8743	0.9044
566	0.935		0.8754	0.905
567	0.937		0.8766	0.9056
568	0.940		0.8777	0.9063
569	0.945		0.8788	0.9068
570	0.951		0.8799	0.9074
571	0.955		0.8809	0.9073
572	0.957		0.882	0.9072
573	0.956		0.883	0.907
574	0.957		0.884	0.9069
575	0.955		0.885	0.9067
576	0.952		0.886	0.9057
577	0.954		0.8869	0.9047
578	0.958		0.8914	0.9073
579	0.963		0.8958	0.9098
580	0.973		0.9002	0.9124
581	0.981		0.9047	0.9155
582	0.988		0.9092	0.9186
583	0.995		0.9136	0.9218
584	1.000		0.9323	0.9392
585	1.000		0.9444	0.95
586	0.994		0.9536	0.9591
587	0.983		0.963	0.9683
588	0.969		0.9715	0.9768
589	0.954		0.9768	0.9819
590	0.942		0.982	0.9871
591	0.936		0.9875	0.9913
592	0.932		0.9941	0.9967
593	0.928		0.9986	0.9999
594	0.924		1	1
595	0.912		0.9991	0.9978
596	0.883		0.9984	0.9961
597	0.834		0.9953	0.992
598	0.763		0.9799	0.9757
599	0.674		0.9644	0.9592
600	0.574		0.9488	0.9428
601	0.473		0.9265	0.9199
602	0.380		0.8941	0.887
603	0.300		0.8616	0.854
604	0.235		0.8288	0.821
605	0.185		0.7959	0.7878
606	0.146		0.7466	0.7387
607	0.117		0.6721	0.6647
608	0.094		0.597	0.5901
609	0.077		0.5215	0.5153
610	0.062		0.4674	0.4616
611	0.052		0.4131	0.4083
612	0.042		0.3586	0.3547
613	0.033		0.3038	0.3007
614	0.026		0.2487	0.2464
615	0.021		0.2057	0.2039
616	0.0158		0.181	0.1796
617	0.01235		0.1562	0.1552
618	0.0094		0.1313	0.1306
619	0.00717		0.1078	0.1072
620	0.0048		0.0973	0.0969
621	0.0037		0.0868	0.0865
622	0.0026		0.0763	0.076
623	0.0017		0.0657	0.0655
624	0.0014		0.055	0.0549
625	0		0.0518	0.0517
626	0		0.0486	0.0485
627	0		0.0454	0.0454
628	0		0.0422	0.0422
629	0		0.039	0.0389
630	0		0.0357	0.0357
635	0		0.0207	0.0207
640	0		0.0114	0.0115
645	0		0.0057	0.0058
650	0		0	0
