==============================================================================
==============================================================================
Tue. Oct. 7 2014                  LANDSAT 5                       Time: 06:20
                            Image Assessment System
                            GEOMETRIC VERIFY Report
==============================================================================
Order ID: 0601410068931_00032                          Path / Row - 228 / 79
Reference Image: L51CUB1011078130100_HDF.L1G

Color mapping per rank
----------------------
Rank  1 is Green: total residual <= 0.5
Rank  2 is Cyan: 0.5 < total residual <=  1
Rank  3 is Blue:  1 < total residual <=  2
Rank  4 is Yellow:  2 < total residual <=  3
Rank  5 is Red:  3 < total residual

Percentage of residuals by rank
-------------------------------
Rank   1 -- 95.6%
Rank   2 --  4.4%
Rank   3 --  0.0%
Rank   4 --  0.0%
Rank   5 --  0.0%

       GCP    Latitude    Longitude  Sample   Line     Total    Rank
        ID                           Residual Residual Residual
              (Degree)    (Degree)   (Pixel)  (Pixel)  (Pixel)
----------------------------------------------------------------------
2280790173  -26.55819    -61.95084     0.43     -0.03     0.43     1 
2280790253  -26.58237    -61.78946     0.18      0.15     0.24     1 
2280790255  -26.58181    -61.72500     0.34     -0.13     0.37     1 
2280790334  -26.60605    -61.59579     0.19     -0.05     0.20     1 
2280790391  -26.63605    -62.17587     0.32     -0.12     0.34     1 
2280790398  -26.63456    -61.95014     0.46     -0.30     0.55     2 
2280790408  -26.63182    -61.62772     0.24      0.09     0.26     1 
2280790409  -26.63150    -61.59548     0.16      0.07     0.18     1 
2280790410  -26.63118    -61.56323     0.28     -0.13     0.30     1 
2280790411  -26.63085    -61.53100     0.07     -0.20     0.21     1 
2280790412  -26.63051    -61.49876     0.30     -0.14     0.33     1 
2280790471  -26.66048    -62.01441     0.18     -0.07     0.19     1 
2280790474  -26.65978    -61.91766     0.38      0.15     0.41     1 
2280790475  -26.65953    -61.88540     0.43      0.32     0.53     2 
2280790476  -26.65927    -61.85316     0.06     -0.23     0.24     1 
2280790483  -26.65727    -61.62741     0.50     -0.36     0.62     2 
2280790484  -26.65696    -61.59516     0.21      0.10     0.23     1 
2280790485  -26.65663    -61.56292     0.19     -0.21     0.29     1 
2280790489  -26.65527    -61.43394     0.15     -0.01     0.15     1 
2280790491  -26.65455    -61.36945     0.23     -0.02     0.23     1 
2280790492  -26.65417    -61.33721     0.18      0.04     0.19     1 
2280790493  -26.65379    -61.30497     0.05      0.14     0.15     1 
2280790494  -26.65340    -61.27272    -0.00      0.06     0.06     1 
2280790495  -26.65301    -61.24048     0.08     -0.02     0.08     1 
2280790497  -26.65219    -61.17600    -0.12     -0.16     0.20     1 
2280790541  -26.68697    -62.17550     0.22     -0.17     0.28     1 
2280790542  -26.68678    -62.14324     0.22     -0.15     0.26     1 
2280790543  -26.68658    -62.11098     0.14     -0.15     0.21     1 
2280790544  -26.68637    -62.07872     0.30     -0.17     0.34     1 
2280790547  -26.68571    -61.98194     0.21     -0.11     0.24     1 
2280790550  -26.68499    -61.88516    -0.30     -0.30     0.43     1 
2280790551  -26.68473    -61.85290     0.33     -0.21     0.39     1 
2280790552  -26.68446    -61.82064     0.20     -0.35     0.40     1 
2280790557  -26.68303    -61.65936     0.25     -0.02     0.25     1 
2280790563  -26.68107    -61.46584     0.28      0.02     0.28     1 
2280790564  -26.68072    -61.43359     0.02     -0.01     0.02     1 
2280790565  -26.68036    -61.40134     0.23      0.12     0.26     1 
2280790566  -26.68000    -61.36909     0.14      0.04     0.15     1 
2280790568  -26.67924    -61.30459     0.18      0.13     0.22     1 
2280790572  -26.67764    -61.17560     0.15      0.03     0.15     1 
2280790574  -26.67680    -61.11111     0.09      0.02     0.10     1 
2280790575  -26.67637    -61.07886     0.22      0.08     0.23     1 
2280790614  -26.71279    -62.23985     0.09      0.01     0.09     1 
2280790618  -26.71204    -62.11078     0.36     -0.23     0.43     1 
2280790620  -26.71162    -62.04624     0.15     -0.22     0.26     1 
2280790623  -26.71093    -61.94944     0.30     -0.15     0.34     1 
2280790624  -26.71069    -61.91718     0.08     -0.34     0.35     1 
2280790633  -26.70818    -61.62680     0.36     -0.07     0.36     1 
2280790634  -26.70786    -61.59454    -0.12      0.07     0.13     1 
2280790635  -26.70754    -61.56228     0.25      0.08     0.26     1 
2280790638  -26.70653    -61.46550     0.25     -0.13     0.28     1 
2280790639  -26.70618    -61.43324     0.11      0.01     0.11     1 
2280790640  -26.70582    -61.40098    -0.06      0.12     0.13     1 
2280790650  -26.70181    -61.07844     0.31     -0.06     0.32     1 
2280790654  -26.70001    -60.94944     0.10      0.02     0.10     1 
2280790655  -26.69954    -60.91719     0.16     -0.18     0.24     1 
2280790689  -26.73825    -62.23969     0.28     -0.33     0.44     1 
2280790690  -26.73807    -62.20741     0.20     -0.30     0.36     1 
2280790691  -26.73789    -62.17513     0.25     -0.21     0.33     1 
2280790698  -26.73639    -61.94921     0.15      0.09     0.18     1 
2280790699  -26.73615    -61.91694     0.21     -0.44     0.49     1 
2280790700  -26.73590    -61.88466     0.32     -0.05     0.33     1 
2280790702  -26.73538    -61.82012     0.10     -0.03     0.10     1 
2280790707  -26.73394    -61.65876     0.27     -0.01     0.27     1 
2280790708  -26.73363    -61.62649     0.12     -0.19     0.22     1 
2280790709  -26.73332    -61.59423    -0.13     -0.26     0.29     1 
2280790713  -26.73198    -61.46516    -0.02     -0.17     0.17     1 
2280790715  -26.73127    -61.40063     0.10     -0.04     0.11     1 
2280790716  -26.73090    -61.36836    -0.08      0.04     0.09     1 
2280790717  -26.73053    -61.33610     0.17     -0.13     0.21     1 
2280790718  -26.73014    -61.30383     0.03     -0.27     0.27     1 
2280790720  -26.72936    -61.23931    -0.23      0.02     0.23     1 
2280790726  -26.72682    -61.04575     0.09     -0.13     0.16     1 
2280790728  -26.72592    -60.98124     0.15     -0.09     0.17     1 
2280790729  -26.72546    -60.94898     0.13      0.26     0.30     1 
2280790730  -26.72499    -60.91673     0.51     -0.16     0.53     2 
2280790732  -26.72402    -60.85222     0.19      0.11     0.22     1 
2280790733  -26.72353    -60.81997     0.29      0.03     0.30     1 
2280790734  -26.72303    -60.78772     0.55      0.03     0.55     2 
2280790735  -26.72252    -60.75547    -0.00     -0.21     0.21     1 
2280790778  -26.76056    -61.78758    -0.27      0.18     0.32     1 
2280790781  -26.75970    -61.69074    -0.02      0.03     0.04     1 
2280790782  -26.75940    -61.65846     0.41      0.04     0.41     1 
2280790784  -26.75877    -61.59391     0.39     -0.03     0.39     1 
2280790785  -26.75845    -61.56164     0.05     -0.09     0.10     1 
2280790786  -26.75812    -61.52936     0.04     -0.07     0.08     1 
2280790794  -26.75520    -61.27119     0.09      0.04     0.10     1 
2280790797  -26.75399    -61.17438     0.05     -0.00     0.05     1 
2280790799  -26.75314    -61.10985     0.10      0.02     0.10     1 
2280790801  -26.75227    -61.04532     0.07     -0.04     0.08     1 
2280790806  -26.74995    -60.88400    -0.04      0.17     0.17     1 
2280790808  -26.74897    -60.81948     0.00      0.18     0.18     1 
2280790810  -26.74797    -60.75497    -0.05      0.09     0.10     1 
2280790811  -26.74745    -60.72271     0.08     -0.05     0.09     1 
2280790812  -26.74693    -60.69045     0.18     -0.10     0.20     1 
2280790813  -26.74640    -60.65820     0.05      0.22     0.23     1 
2280790814  -26.74586    -60.62595     0.30     -0.25     0.40     1 
2280790815  -26.74532    -60.59369    -0.13     -0.12     0.18     1 
2280790847  -26.78754    -61.98103     0.18      0.03     0.19     1 
2280790848  -26.78731    -61.94874     0.46     -0.19     0.50     2 
2280790852  -26.78629    -61.81959     0.11     -0.20     0.23     1 
2280790853  -26.78602    -61.78731     0.09     -0.08     0.12     1 
2280790856  -26.78515    -61.69045     0.07      0.08     0.10     1 
2280790859  -26.78423    -61.59360     0.13     -0.00     0.13     1 
2280790860  -26.78390    -61.56132    -0.03     -0.05     0.06     1 
2280790864  -26.78253    -61.43219     0.22     -0.15     0.26     1 
2280790865  -26.78217    -61.39991    -0.30      0.19     0.35     1 
2280790866  -26.78180    -61.36763     0.02     -0.13     0.13     1 
2280790872  -26.77944    -61.17397     0.05      0.06     0.08     1 
2280790874  -26.77859    -61.10943     0.18     -0.01     0.18     1 
2280790876  -26.77771    -61.04488     0.13      0.10     0.17     1 
2280790880  -26.77587    -60.91580     0.01      0.14     0.14     1 
2280790883  -26.77442    -60.81900     0.20      0.07     0.22     1 
2280790885  -26.77341    -60.75447     0.23      0.00     0.23     1 
2280790887  -26.77237    -60.68994     0.23      0.20     0.30     1 
2280790888  -26.77184    -60.65768     0.11      0.05     0.12     1 
2280790889  -26.77130    -60.62542     0.08      0.01     0.08     1 
2280790890  -26.77076    -60.59316    -0.05      0.24     0.24     1 
2280790893  -26.76908    -60.49638    -0.11      0.10     0.15     1 
2280790894  -26.76851    -60.46412     0.06     -0.00     0.06     1 
2280790895  -26.76793    -60.43187    -0.02     -0.03     0.03     1 
2280790921  -26.81323    -62.01310     0.03     -0.21     0.21     1 
2280790922  -26.81300    -61.98080     0.46     -0.24     0.52     2 
2280790927  -26.81175    -61.81933     0.09     -0.01     0.09     1 
2280790929  -26.81119    -61.75474     0.58     -0.21     0.61     2 
2280790930  -26.81090    -61.72245    -0.04     -0.14     0.15     1 
2280790933  -26.81000    -61.62558     0.23      0.26     0.35     1 
2280790934  -26.80968    -61.59329     0.06     -0.10     0.12     1 
2280790939  -26.80798    -61.43184     0.03      0.11     0.11     1 
2280790940  -26.80762    -61.39956     0.11      0.11     0.16     1 
2280790943  -26.80649    -61.30270     0.01      0.03     0.04     1 
2280790944  -26.80610    -61.27041     0.05     -0.16     0.17     1 
2280790955  -26.80132    -60.91533     0.21      0.02     0.21     1 
2280790956  -26.80084    -60.88306     0.23     -0.01     0.23     1 
2280790957  -26.80035    -60.85079     0.06      0.02     0.06     1 
2280790960  -26.79885    -60.75397    -0.23      0.11     0.26     1 
2280790961  -26.79833    -60.72169     0.10      0.06     0.12     1 
2280790962  -26.79781    -60.68942    -0.16      0.06     0.17     1 
2280790963  -26.79728    -60.65716    -0.12      0.21     0.25     1 
2280790964  -26.79674    -60.62489     0.15      0.10     0.17     1 
2280790965  -26.79620    -60.59262    -0.22      0.32     0.39     1 
2280790967  -26.79509    -60.52809     0.04      0.01     0.05     1 
2280790969  -26.79394    -60.46356    -0.01     -0.03     0.03     1 
2280790970  -26.79336    -60.43129    -0.03      0.01     0.03     1 
2280790971  -26.79277    -60.39903     0.05     -0.03     0.06     1 
2280790991  -26.83972    -62.17440    -0.08     -0.34     0.35     1 
2280790998  -26.83822    -61.94827     0.06     -0.30     0.30     1 
2280790999  -26.83798    -61.91597     0.01     -0.33     0.33     1 
2280791003  -26.83693    -61.78676    -0.02     -0.21     0.22     1 
2280791005  -26.83636    -61.72216     0.19     -0.12     0.22     1 
2280791007  -26.83576    -61.65757     0.07     -0.36     0.36     1 
2280791008  -26.83545    -61.62527     0.01     -0.00     0.01     1 
2280791010  -26.83481    -61.56067     0.11     -0.06     0.13     1 
2280791012  -26.83414    -61.49608     0.14     -0.03     0.15     1 
2280791013  -26.83379    -61.46379     0.26      0.21     0.33     1 
2280791016  -26.83270    -61.36691     0.05      0.28     0.28     1 
2280791017  -26.83233    -61.33461    -0.03     -0.17     0.18     1 
2280791018  -26.83194    -61.30232     0.08     -0.01     0.08     1 
2280791019  -26.83155    -61.27003     0.08     -0.03     0.09     1 
2280791030  -26.82676    -60.91487     0.28     -0.02     0.28     1 
2280791031  -26.82628    -60.88259    -0.13      0.08     0.15     1 
2280791033  -26.82530    -60.81802    -0.20      0.26     0.33     1 
2280791037  -26.82325    -60.68891     0.16      0.06     0.17     1 
2280791038  -26.82272    -60.65663    -0.34      0.14     0.37     1 
2280791039  -26.82218    -60.62436     0.11      0.01     0.11     1 
2280791040  -26.82164    -60.59208     0.18     -0.07     0.19     1 
2280791041  -26.82108    -60.55981     0.11     -0.17     0.20     1 
2280791043  -26.81996    -60.49526     0.01     -0.00     0.01     1 
2280791044  -26.81938    -60.46299     0.10      0.06     0.12     1 
2280791045  -26.81880    -60.43072    -0.08      0.07     0.11     1 
2280791066  -26.86518    -62.17421     0.02      0.20     0.20     1 
2280791070  -26.86437    -62.04496    -0.00     -0.37     0.37     1 
2280791072  -26.86391    -61.98034    -0.00     -0.08     0.08     1 
2280791073  -26.86368    -61.94803    -0.15     -0.18     0.23     1 
2280791074  -26.86343    -61.91573     0.05     -0.05     0.07     1 
2280791081  -26.86152    -61.68957     0.26     -0.17     0.31     1 
2280791082  -26.86122    -61.65727     0.05     -0.11     0.12     1 
2280791083  -26.86090    -61.62496     0.05     -0.17     0.18     1 
2280791084  -26.86059    -61.59266    -0.33      0.09     0.34     1 
2280791086  -26.85993    -61.52805     0.10     -0.09     0.14     1 
2280791087  -26.85959    -61.49575     0.01     -0.09     0.09     1 
2280791088  -26.85924    -61.46344     0.00     -0.09     0.09     1 
2280791089  -26.85889    -61.43114     0.13      0.05     0.14     1 
2280791090  -26.85852    -61.39884     0.06      0.04     0.07     1 
2280791091  -26.85816    -61.36654     0.12     -0.15     0.19     1 
2280791092  -26.85778    -61.33424    -0.12     -0.08     0.14     1 
2280791093  -26.85739    -61.30194     0.18      0.03     0.19     1 
2280791094  -26.85700    -61.26964     0.17     -0.01     0.17     1 
2280791095  -26.85660    -61.23734     0.02     -0.10     0.10     1 
2280791096  -26.85620    -61.20505    -0.04     -0.05     0.07     1 
2280791097  -26.85578    -61.17275     0.32     -0.02     0.32     1 
2280791098  -26.85536    -61.14045     0.05      0.18     0.19     1 
2280791099  -26.85493    -61.10816     0.21     -0.20     0.29     1 
2280791100  -26.85450    -61.07586     0.34      0.12     0.36     1 
2280791101  -26.85405    -61.04357     0.20     -0.13     0.24     1 
2280791103  -26.85315    -60.97899     0.14     -0.06     0.16     1 
2280791106  -26.85173    -60.88211     0.03     -0.17     0.17     1 
2280791107  -26.85124    -60.84982    -0.01     -0.19     0.19     1 
2280791110  -26.84973    -60.75296     0.26     -0.05     0.26     1 
2280791111  -26.84922    -60.72068     0.10      0.01     0.10     1 
2280791112  -26.84869    -60.68839     0.20      0.14     0.25     1 
2280791113  -26.84816    -60.65611     0.11     -0.16     0.19     1 
2280791114  -26.84762    -60.62382     0.02      0.17     0.17     1 
2280791116  -26.84652    -60.55926     0.58      0.05     0.58     2 
2280791117  -26.84596    -60.52698    -0.11      0.30     0.32     1 
2280791118  -26.84539    -60.49470     0.08     -0.19     0.20     1 
2280791145  -26.88982    -62.04475     0.12     -0.32     0.35     1 
2280791147  -26.88937    -61.98012     0.19     -0.09     0.21     1 
2280791148  -26.88913    -61.94780     0.05     -0.39     0.39     1 
2280791151  -26.88838    -61.85085     0.14      0.04     0.15     1 
2280791154  -26.88756    -61.75391     0.35     -0.01     0.35     1 
2280791155  -26.88727    -61.72159     0.19     -0.19     0.27     1 
2280791157  -26.88667    -61.65697     0.07     -0.22     0.23     1 
2280791158  -26.88636    -61.62465     0.09      0.05     0.10     1 
2280791159  -26.88604    -61.59234     0.31     -0.07     0.32     1 
2280791161  -26.88538    -61.52772    -0.08     -0.16     0.18     1 
2280791163  -26.88469    -61.46310     0.14     -0.00     0.14     1 
2280791164  -26.88434    -61.43079     0.17     -0.02     0.17     1 
2280791165  -26.88397    -61.39848     0.44      0.07     0.45     1 
2280791166  -26.88360    -61.36617     0.06     -0.08     0.10     1 
2280791168  -26.88284    -61.30156    -0.06     -0.04     0.08     1 
2280791169  -26.88245    -61.26925     0.10     -0.05     0.12     1 
2280791170  -26.88205    -61.23695     0.05     -0.08     0.09     1 
2280791172  -26.88123    -61.17234     0.23     -0.06     0.23     1 
2280791173  -26.88081    -61.14004     0.11     -0.13     0.17     1 
2280791174  -26.88038    -61.10773    -0.10      0.01     0.10     1 
2280791177  -26.87905    -61.01083    -0.12      0.14     0.18     1 
2280791178  -26.87859    -60.97853     0.21     -0.03     0.21     1 
2280791186  -26.87466    -60.72017     0.14     -0.06     0.15     1 
2280791187  -26.87413    -60.68787     0.27     -0.51     0.58     2 
2280791189  -26.87306    -60.62329    -0.35     -0.29     0.45     1 
2280791190  -26.87251    -60.59100     0.11      0.01     0.11     1 
2280791192  -26.87140    -60.52643    -0.06      0.04     0.07     1 
2280791195  -26.86967    -60.42957    -0.24     -0.07     0.25     1 
2280791212  -26.91680    -62.30315     0.06     -0.29     0.30     1 
2280791216  -26.91610    -62.17384    -0.13     -0.06     0.14     1 
2280791217  -26.91590    -62.14151    -0.05      0.03     0.06     1 
2280791220  -26.91528    -62.04454     0.35     -0.31     0.46     1 
2280791222  -26.91483    -61.97989     0.05     -0.19     0.19     1 
2280791224  -26.91435    -61.91524     0.06     -0.20     0.21     1 
2280791226  -26.91383    -61.85059    -0.15     -0.06     0.17     1 
2280791229  -26.91301    -61.75363    -0.03     -0.22     0.23     1 
2280791230  -26.91272    -61.72131    -0.01     -0.19     0.19     1 
2280791232  -26.91212    -61.65666     0.06     -0.10     0.12     1 
2280791233  -26.91181    -61.62434    -0.10     -0.09     0.14     1 
2280791235  -26.91117    -61.55971     0.08     -0.01     0.08     1 
2280791236  -26.91083    -61.52739    -0.24     -0.33     0.41     1 
2280791237  -26.91049    -61.49507    -0.01     -0.08     0.08     1 
2280791238  -26.91014    -61.46276    -0.04     -0.28     0.28     1 
2280791239  -26.90979    -61.43044     0.08     -0.29     0.31     1 
2280791240  -26.90943    -61.39812    -0.07     -0.19     0.20     1 
2280791241  -26.90906    -61.36581     0.08     -0.17     0.18     1 
2280791242  -26.90868    -61.33349    -0.27     -0.08     0.28     1 
2280791243  -26.90829    -61.30118     0.21     -0.33     0.39     1 
2280791244  -26.90790    -61.26887     0.06     -0.06     0.09     1 
2280791245  -26.90750    -61.23655    -0.12     -0.10     0.15     1 
2280791246  -26.90709    -61.20424     0.04     -0.12     0.12     1 
2280791247  -26.90668    -61.17193     0.29     -0.07     0.30     1 
2280791248  -26.90626    -61.13962    -0.03     -0.15     0.15     1 
2280791251  -26.90495    -61.04269     0.08     -0.04     0.09     1 
2280791252  -26.90449    -61.01039    -0.04     -0.04     0.06     1 
2280791256  -26.90261    -60.88116     0.03      0.11     0.12     1 
2280791257  -26.90213    -60.84886    -0.21     -0.08     0.22     1 
2280791266  -26.89740    -60.55817     0.03     -0.19     0.19     1 
2280791267  -26.89683    -60.52587    -0.01     -0.32     0.32     1 
2280791268  -26.89626    -60.49358    -0.01     -0.16     0.16     1 
2280791269  -26.89569    -60.46129    -0.10     -0.06     0.11     1 
2280791270  -26.89510    -60.42900    -0.08     -0.08     0.11     1 
2280791292  -26.94136    -62.14132    -0.02     -0.07     0.08     1 
2280791295  -26.94074    -62.04432     0.09     -0.15     0.18     1 
2280791299  -26.93980    -61.91500     0.30     -0.19     0.35     1 
2280791300  -26.93955    -61.88267     0.00     -0.20     0.20     1 
2280791301  -26.93929    -61.85034     0.28     -0.11     0.31     1 
2280791304  -26.93847    -61.75335     0.09     -0.16     0.19     1 
2280791306  -26.93788    -61.68869     0.17     -0.08     0.19     1 
2280791307  -26.93758    -61.65636     0.01     -0.11     0.11     1 
2280791309  -26.93695    -61.59171     0.04      0.20     0.20     1 
2280791313  -26.93560    -61.46241     0.08     -0.10     0.13     1 
2280791315  -26.93488    -61.39776    -0.08     -0.07     0.10     1 
2280791316  -26.93451    -61.36544     0.07     -0.15     0.16     1 
2280791317  -26.93413    -61.33312     0.08     -0.26     0.27     1 
2280791318  -26.93374    -61.30080    -0.03     -0.15     0.15     1 
2280791319  -26.93335    -61.26848     0.11     -0.16     0.19     1 
2280791320  -26.93295    -61.23616     0.02     -0.14     0.14     1 
2280791321  -26.93254    -61.20384     0.05     -0.07     0.08     1 
2280791322  -26.93213    -61.17152    -0.40     -0.09     0.41     1 
2280791323  -26.93170    -61.13920    -0.02     -0.04     0.04     1 
2280791324  -26.93127    -61.10689     0.24     -0.07     0.25     1 
2280791327  -26.92994    -61.00994    -0.18      0.07     0.19     1 
2280791329  -26.92901    -60.94531    -0.38     -0.17     0.42     1 
2280791330  -26.92854    -60.91300    -0.13      0.07     0.15     1 
2280791331  -26.92806    -60.88069    -0.30      0.02     0.31     1 
2280791332  -26.92757    -60.84838    -0.24     -0.16     0.29     1 
2280791334  -26.92657    -60.78376     0.04      0.14     0.14     1 
2280791336  -26.92554    -60.71914     0.11     -0.11     0.16     1 
2280791341  -26.92283    -60.55762    -0.01     -0.05     0.06     1 
2280791342  -26.92227    -60.52532     0.23      0.53     0.58     2 
2280791343  -26.92170    -60.49302     0.17     -0.06     0.18     1 
2280791344  -26.92112    -60.46072    -0.09      0.15     0.18     1 
2280791345  -26.92054    -60.42842    -0.08     -0.29     0.30     1 
2280791366  -26.96701    -62.17347     0.16     -0.24     0.29     1 
2280791367  -26.96682    -62.14113     0.11     -0.11     0.15     1 
2280791381  -26.96334    -61.68840     0.14     -0.22     0.26     1 
2280791383  -26.96272    -61.62373    -0.26     -0.10     0.28     1 
2280791385  -26.96207    -61.55906    -0.09     -0.12     0.15     1 
2280791386  -26.96174    -61.52673     0.06     -0.21     0.22     1 
2280791388  -26.96105    -61.46206     0.27     -0.13     0.30     1 
2280791389  -26.96069    -61.42973    -0.16     -0.20     0.26     1 
2280791390  -26.96033    -61.39740     0.15     -0.13     0.20     1 
2280791391  -26.95996    -61.36507    -0.08     -0.08     0.11     1 
2280791392  -26.95958    -61.33275     0.18     -0.16     0.24     1 
2280791393  -26.95919    -61.30042    -0.10     -0.34     0.36     1 
2280791394  -26.95880    -61.26809    -0.07      0.12     0.14     1 
2280791396  -26.95799    -61.20344    -0.19      0.14     0.24     1 
2280791398  -26.95715    -61.13878     0.24     -0.19     0.31     1 
2280791399  -26.95672    -61.10646     0.22     -0.05     0.23     1 
2280791403  -26.95492    -60.97717     0.07     -0.06     0.09     1 
2280791404  -26.95446    -60.94485    -0.06     -0.06     0.08     1 
2280791405  -26.95398    -60.91253    -0.02      0.12     0.12     1 
2280791406  -26.95350    -60.88021    -0.04     -0.05     0.06     1 
2280791407  -26.95301    -60.84790     0.04      0.06     0.07     1 
2280791408  -26.95251    -60.81558     0.16     -0.01     0.16     1 
2280791409  -26.95201    -60.78326     0.31     -0.01     0.31     1 
2280791410  -26.95150    -60.75095    -0.20     -0.20     0.29     1 
2280791412  -26.95045    -60.68632    -0.00     -0.22     0.22     1 
2280791413  -26.94992    -60.65400     0.35     -0.12     0.37     1 
2280791414  -26.94938    -60.62169    -0.07     -0.29     0.30     1 
2280791415  -26.94883    -60.58938    -0.04     -0.20     0.21     1 
2280791416  -26.94827    -60.55707    -0.09     -0.03     0.10     1 
2280791417  -26.94771    -60.52476     0.16     -0.12     0.20     1 
2280791418  -26.94714    -60.49245     0.20      0.06     0.21     1 
2280791419  -26.94656    -60.46015     0.12     -0.25     0.28     1 
2280791420  -26.94597    -60.42784     0.17     -0.09     0.19     1 
2280791441  -26.99247    -62.17328     0.16     -0.21     0.26     1 
2280791447  -26.99120    -61.97920    -0.24     -0.06     0.24     1 
2280791450  -26.99046    -61.88216     0.12     -0.54     0.56     2 
2280791455  -26.98909    -61.72044     0.01     -0.30     0.31     1 
2280791458  -26.98817    -61.62342     0.04      0.15     0.15     1 
2280791461  -26.98719    -61.52640     0.03     -0.15     0.15     1 
2280791464  -26.98614    -61.42938     0.15     -0.16     0.22     1 
2280791466  -26.98541    -61.36471     0.10     -0.11     0.15     1 
2280791467  -26.98503    -61.33237     0.16     -0.27     0.31     1 
2280791468  -26.98464    -61.30003     0.02     -0.14     0.14     1 
2280791469  -26.98425    -61.26770     0.06     -0.24     0.25     1 
2280791470  -26.98385    -61.23537     0.13     -0.09     0.16     1 
2280791471  -26.98344    -61.20303     0.14     -0.09     0.17     1 
2280791473  -26.98260    -61.13837    -0.02     -0.17     0.18     1 
2280791474  -26.98217    -61.10603    -0.07     -0.00     0.07     1 
2280791475  -26.98173    -61.07370     0.19     -0.09     0.21     1 
2280791476  -26.98128    -61.04137     0.03     -0.18     0.19     1 
2280791477  -26.98083    -61.00905     0.07     -0.01     0.07     1 
2280791478  -26.98037    -60.97672    -0.23     -0.11     0.26     1 
2280791479  -26.97990    -60.94439    -0.21     -0.14     0.25     1 
2280791481  -26.97894    -60.87974     0.06     -0.00     0.06     1 
2280791483  -26.97796    -60.81509     0.16     -0.10     0.19     1 
2280791484  -26.97745    -60.78276    -0.18      0.14     0.22     1 
2280791487  -26.97589    -60.68580     0.01     -0.10     0.10     1 
2280791488  -26.97536    -60.65348     0.02     -0.04     0.05     1 
2280791489  -26.97482    -60.62116    -0.05      0.14     0.15     1 
2280791490  -26.97427    -60.58884     0.01     -0.09     0.09     1 
2280791492  -26.97315    -60.52421    -0.37     -0.04     0.37     1 
2280791512  -27.01863    -62.30252     0.18     -0.18     0.25     1 
2280791515  -27.01812    -62.20545     0.00     -0.17     0.17     1 
2280791516  -27.01793    -62.17310     0.08     -0.20     0.21     1 
2280791517  -27.01774    -62.14074     0.03     -0.17     0.17     1 
2280791531  -27.01424    -61.68780     0.07     -0.35     0.36     1 
2280791532  -27.01394    -61.65546     0.01     -0.10     0.11     1 
2280791533  -27.01363    -61.62311    -0.30     -0.03     0.30     1 
2280791535  -27.01298    -61.55841     0.29     -0.25     0.38     1 
2280791536  -27.01264    -61.52606    -0.03     -0.00     0.03     1 
2280791537  -27.01230    -61.49372     0.00     -0.13     0.13     1 
2280791538  -27.01195    -61.46137     0.15     -0.01     0.15     1 
2280791540  -27.01123    -61.39668     0.09      0.05     0.10     1 
2280791541  -27.01086    -61.36434    -0.36     -0.37     0.52     2 
2280791542  -27.01048    -61.33199     0.22     -0.09     0.24     1 
2280791543  -27.01009    -61.29965     0.02     -0.07     0.08     1 
2280791544  -27.00970    -61.26731    -0.08     -0.46     0.47     1 
2280791545  -27.00930    -61.23497     0.05     -0.26     0.26     1 
2280791546  -27.00889    -61.20263    -0.07     -0.16     0.18     1 
2280791547  -27.00847    -61.17029     0.30     -0.22     0.37     1 
2280791548  -27.00805    -61.13795     0.23     -0.34     0.41     1 
2280791549  -27.00761    -61.10561    -0.08      0.05     0.09     1 
2280791551  -27.00673    -61.04093     0.20     -0.08     0.21     1 
2280791552  -27.00628    -61.00860     0.21      0.04     0.21     1 
2280791553  -27.00581    -60.97626    -0.05     -0.17     0.17     1 
2280791554  -27.00535    -60.94393    -0.07     -0.12     0.14     1 
2280791557  -27.00390    -60.84693     0.12     -0.05     0.13     1 
2280791558  -27.00340    -60.81459    -0.22     -0.09     0.23     1 
2280791560  -27.00238    -60.74993    -0.17     -0.17     0.24     1 
2280791564  -27.00025    -60.62062     0.27     -0.13     0.30     1 
2280791565  -26.99970    -60.58830    -0.02      0.01     0.02     1 
2280791566  -26.99915    -60.55597    -0.13     -0.02     0.13     1 
2280791567  -26.99858    -60.52365     0.55     -0.07     0.56     2 
2280791568  -26.99801    -60.49133     0.04     -0.30     0.30     1 
2280791569  -26.99743    -60.45900     0.01     -0.54     0.54     2 
2280791587  -27.04409    -62.30237    -0.09     -0.25     0.27     1 
2280791590  -27.04357    -62.20527     0.09     -0.13     0.16     1 
2280791591  -27.04339    -62.17291     0.06     -0.12     0.13     1 
2280791596  -27.04234    -62.01110     0.16     -0.26     0.31     1 
2280791597  -27.04211    -61.97874     0.12     -0.18     0.21     1 
2280791605  -27.04000    -61.71987     0.17     -0.02     0.17     1 
2280791608  -27.03908    -61.62280     0.08     -0.15     0.17     1 
2280791609  -27.03876    -61.59044     0.29     -0.24     0.38     1 
2280791613  -27.03740    -61.46102    -0.03     -0.40     0.40     1 
2280791615  -27.03668    -61.39632     0.05     -0.08     0.09     1 
2280791616  -27.03631    -61.36397     0.33     -0.07     0.34     1 
2280791618  -27.03554    -61.29927    -0.03     -0.21     0.22     1 
2280791620  -27.03474    -61.23457     0.09     -0.28     0.30     1 
2280791621  -27.03433    -61.20222     0.14     -0.06     0.15     1 
2280791622  -27.03392    -61.16987    -0.08      0.03     0.09     1 
2280791624  -27.03306    -61.10518    -0.12     -0.30     0.33     1 
2280791627  -27.03172    -61.00815    -0.22     -0.31     0.38     1 
2280791628  -27.03126    -60.97581     0.16     -0.18     0.24     1 
2280791629  -27.03079    -60.94346    -0.13     -0.25     0.28     1 
2280791630  -27.03031    -60.91112    -0.39      0.02     0.39     1 
2280791631  -27.02983    -60.87878    -0.09     -0.23     0.25     1 
2280791634  -27.02833    -60.78176     0.15     -0.21     0.26     1 
2280791638  -27.02624    -60.65242    -0.09     -0.35     0.36     1 
2280791639  -27.02569    -60.62009     0.11     -0.27     0.29     1 
2280791640  -27.02514    -60.58775    -0.07     -0.24     0.25     1 
2280791641  -27.02458    -60.55542    -0.13      0.08     0.15     1 
2280791642  -27.02402    -60.52309    -0.19     -0.16     0.24     1 
2280791644  -27.02287    -60.45843    -0.07     -0.20     0.21     1 
2280791662  -27.06955    -62.30221     0.21     -0.43     0.48     1 
2280791674  -27.06708    -61.91377    -0.08      0.17     0.19     1 
2280791677  -27.06630    -61.81667    -0.10     -0.24     0.26     1 
2280791678  -27.06602    -61.78431    -0.08     -0.34     0.35     1 
2280791680  -27.06545    -61.71958     0.27      0.06     0.27     1 
2280791681  -27.06515    -61.68721     0.02     -0.19     0.19     1 
2280791682  -27.06484    -61.65485     0.15     -0.04     0.15     1 
2280791683  -27.06453    -61.62249    -0.08     -0.10     0.13     1 
2280791685  -27.06388    -61.55776    -0.01     -0.49     0.49     1 
2280791688  -27.06285    -61.46068    -0.06     -0.09     0.11     1 
2280791689  -27.06250    -61.42832    -0.08     -0.08     0.11     1 
2280791690  -27.06213    -61.39596     0.03     -0.08     0.08     1 
2280791691  -27.06176    -61.36360    -0.02     -0.17     0.17     1 
2280791692  -27.06138    -61.33124     0.34     -0.28     0.44     1 
2280791694  -27.06059    -61.26653    -0.05     -0.01     0.05     1 
2280791695  -27.06019    -61.23417     0.06      0.01     0.06     1 
2280791696  -27.05978    -61.20182     0.14      0.01     0.14     1 
2280791697  -27.05936    -61.16946     0.01     -0.19     0.19     1 
2280791700  -27.05807    -61.07240     0.12     -0.06     0.13     1 
2280791701  -27.05762    -61.04005    -0.17     -0.06     0.18     1 
2280791702  -27.05717    -61.00770     0.00     -0.14     0.14     1 
2280791703  -27.05670    -60.97535     0.09     -0.20     0.22     1 
2280791704  -27.05623    -60.94300     0.04     -0.09     0.10     1 
2280791706  -27.05527    -60.87830     0.06     -0.13     0.15     1 
2280791707  -27.05478    -60.84596    -0.09     -0.08     0.13     1 
2280791708  -27.05428    -60.81361    -0.00     -0.14     0.14     1 
2280791709  -27.05378    -60.78126     0.01     -0.06     0.06     1 
2280791710  -27.05326    -60.74892     0.13     -0.09     0.16     1 
2280791713  -27.05167    -60.65189     0.24     -0.20     0.31     1 
2280791714  -27.05113    -60.61955    -0.31     -0.25     0.39     1 
2280791715  -27.05058    -60.58721    -0.01     -0.11     0.11     1 
2280791716  -27.05002    -60.55487     0.05     -0.21     0.21     1 
2280791718  -27.04888    -60.49019    -0.10     -0.31     0.32     1 
2280791756  -27.09061    -61.68692    -0.03     -0.09     0.09     1 
2280791758  -27.08998    -61.62217     0.01     -0.23     0.23     1 
2280791760  -27.08933    -61.55743    -0.33     -0.12     0.35     1 
2280791764  -27.08795    -61.42796     0.11      0.00     0.11     1 
2280791765  -27.08758    -61.39560    -0.03     -0.06     0.07     1 
2280791768  -27.08644    -61.29850     0.11     -0.25     0.27     1 
2280791770  -27.08564    -61.23377     0.11     -0.14     0.18     1 
2280791772  -27.08481    -61.16905     0.01     -0.07     0.07     1 
2280791774  -27.08395    -61.10433     0.01      0.21     0.21     1 
2280791775  -27.08351    -61.07197    -0.05     -0.02     0.05     1 
2280791777  -27.08261    -61.00725     0.06     -0.04     0.08     1 
2280791779  -27.08168    -60.94253    -0.04     -0.04     0.06     1 
2280791782  -27.08022    -60.84547     0.16     -0.26     0.31     1 
2280791783  -27.07972    -60.81312    -0.19     -0.19     0.27     1 
2280791784  -27.07922    -60.78076    -0.05     -0.27     0.28     1 
2280791786  -27.07818    -60.71606    -0.02     -0.25     0.25     1 
2280791787  -27.07765    -60.68371    -0.31     -0.05     0.31     1 
2280791789  -27.07657    -60.61901     0.08     -0.02     0.08     1 
2280791790  -27.07602    -60.58666    -0.11     -0.27     0.29     1 
2280791791  -27.07546    -60.55432     0.10     -0.17     0.19     1 
2280791792  -27.07489    -60.52197     0.02     -0.12     0.13     1 
2280791794  -27.07374    -60.45728    -0.19     -0.47     0.50     2 
2280791811  -27.12062    -62.33428     0.01     -0.09     0.09     1 
2280791824  -27.11800    -61.91328     0.30     -0.43     0.52     2 
2280791825  -27.11774    -61.88090    -0.21     -0.30     0.37     1 
2280791833  -27.11544    -61.62186     0.07      0.09     0.11     1 
2280791834  -27.11512    -61.58949    -0.03     -0.15     0.15     1 
2280791838  -27.11376    -61.45998    -0.02     -0.17     0.17     1 
2280791839  -27.11340    -61.42761     0.00     -0.24     0.24     1 
2280791841  -27.11266    -61.36286     0.00     -0.14     0.14     1 
2280791845  -27.11109    -61.23337     0.12     -0.30     0.33     1 
2280791847  -27.11026    -61.16863     0.08     -0.22     0.24     1 
2280791848  -27.10983    -61.13627     0.01      0.00     0.01     1 
2280791851  -27.10851    -61.03916    -0.05     -0.32     0.33     1 
2280791852  -27.10806    -61.00680    -0.13     -0.01     0.13     1 
2280791853  -27.10759    -60.97443     0.00      0.03     0.03     1 
2280791855  -27.10664    -60.90971    -0.04     -0.31     0.32     1 
2280791857  -27.10567    -60.84498    -0.16     -0.18     0.25     1 
2280791860  -27.10414    -60.74790     0.02     -0.15     0.16     1 
2280791862  -27.10309    -60.68319    -0.07     -0.16     0.18     1 
2280791864  -27.10201    -60.61847    -0.10     -0.23     0.25     1 
2280791865  -27.10146    -60.58612    -0.24     -0.29     0.37     1 
2280791867  -27.10033    -60.52141     0.05     -0.33     0.33     1 
2280791868  -27.09975    -60.48906     0.07     -0.29     0.30     1 
2280791885  -27.14623    -62.36652    -0.13     -0.02     0.13     1 
2280791910  -27.14024    -61.55678    -0.10     -0.15     0.18     1 
2280791912  -27.13956    -61.49202    -0.16     -0.13     0.21     1 
2280791913  -27.13921    -61.45963    -0.06     -0.13     0.14     1 
2280791915  -27.13848    -61.39487    -0.19     -0.13     0.23     1 
2280791917  -27.13773    -61.33011     0.00     -0.22     0.22     1 
2280791919  -27.13694    -61.26535     0.23     -0.16     0.28     1 
2280791921  -27.13612    -61.20060     0.07     -0.40     0.40     1 
2280791922  -27.13571    -61.16822    -0.19     -0.11     0.22     1 
2280791925  -27.13441    -61.07109    -0.09      0.12     0.15     1 
2280791927  -27.13350    -61.00635    -0.12     -0.09     0.15     1 
2280791928  -27.13304    -60.97398    -0.11     -0.30     0.32     1 
2280791929  -27.13257    -60.94160    -0.06     -0.04     0.07     1 
2280791930  -27.13209    -60.90923     0.28     -0.22     0.36     1 
2280791931  -27.13160    -60.87686     0.07     -0.22     0.23     1 
2280791937  -27.12853    -60.68266     0.28     -0.48     0.56     2 
2280791940  -27.12689    -60.58557    -0.07     -0.11     0.13     1 
2280791942  -27.12577    -60.52085    -0.40     -0.34     0.53     2 
2280791943  -27.12519    -60.48849     0.03     -0.34     0.34     1 
2280791985  -27.16569    -61.55645    -0.09     -0.32     0.33     1 
2280791986  -27.16535    -61.52406    -0.15     -0.25     0.29     1 
2280791987  -27.16501    -61.49167     0.04     -0.20     0.20     1 
2280791988  -27.16466    -61.45928    -0.18     -0.03     0.19     1 
2280791992  -27.16317    -61.32973    -0.05     -0.20     0.20     1 
2280791994  -27.16239    -61.26496    -0.16      0.07     0.18     1 
2280791995  -27.16198    -61.23257    -0.50      0.01     0.50     1 
2280792002  -27.15894    -61.00590     0.20      0.02     0.20     1 
2280792003  -27.15848    -60.97352     0.08     -0.01     0.08     1 
2280792004  -27.15801    -60.94114     0.04     -0.11     0.12     1 
2280792005  -27.15753    -60.90876     0.01     -0.13     0.13     1 
2280792006  -27.15704    -60.87638     0.14     -0.12     0.19     1 
2280792007  -27.15655    -60.84401    -0.02     -0.16     0.16     1 
2280792008  -27.15605    -60.81163     0.13     -0.15     0.20     1 
2280792012  -27.15397    -60.68214     0.23     -0.21     0.31     1 
2280792013  -27.15343    -60.64977     0.04      0.07     0.08     1 
2280792014  -27.15288    -60.61740    -0.24     -0.30     0.38     1 
2280792015  -27.15233    -60.58503    -0.01     -0.07     0.07     1 
2280792017  -27.15120    -60.52029     0.13     -0.41     0.43     1 
2280792041  -27.19613    -62.17179     0.14      0.07     0.16     1 
2280792048  -27.19461    -61.94495    -0.02     -0.60     0.60     2 
2280792058  -27.19180    -61.62092    -0.01     -0.03     0.04     1 
2280792061  -27.19081    -61.52373     0.06     -0.01     0.06     1 
2280792062  -27.19046    -61.49133    -0.07      0.05     0.09     1 
2280792063  -27.19011    -61.45893     0.04     -0.03     0.05     1 
2280792064  -27.18975    -61.42654     0.01      0.08     0.08     1 
2280792066  -27.18901    -61.36175     0.07     -0.17     0.19     1 
2280792067  -27.18862    -61.32935     0.03     -0.08     0.09     1 
2280792068  -27.18823    -61.29696    -0.10     -0.18     0.20     1 
2280792069  -27.18784    -61.26456    -0.05      0.02     0.05     1 
2280792071  -27.18702    -61.19978     0.30      0.00     0.30     1 
2280792072  -27.18660    -61.16739    -0.12     -0.06     0.14     1 
2280792075  -27.18530    -61.07022     0.18     -0.26     0.32     1 
2280792076  -27.18485    -61.03783    -0.08     -0.38     0.39     1 
2280792077  -27.18439    -61.00544    -0.22     -0.17     0.27     1 
2280792079  -27.18345    -60.94067     0.04     -0.20     0.21     1 
2280792080  -27.18297    -60.90828    -0.26     -0.16     0.30     1 
2280792081  -27.18249    -60.87590    -0.13     -0.25     0.28     1 
2280792082  -27.18199    -60.84352    -0.04     -0.09     0.10     1 
2280792084  -27.18098    -60.77875     0.15     -0.22     0.27     1 
2280792085  -27.18046    -60.74637    -0.08      0.01     0.08     1 
2280792086  -27.17994    -60.71399    -0.12     -0.31     0.33     1 
2280792090  -27.17777    -60.58448     0.03     -0.28     0.28     1 
2280792091  -27.17721    -60.55210    -0.11     -0.03     0.11     1 
2280792092  -27.17664    -60.51973    -0.19     -0.49     0.53     2 
2280792093  -27.17606    -60.48736    -0.10     -0.39     0.40     1 
2280792113  -27.22213    -62.26884     0.44     -0.00     0.44     1 
2280792115  -27.22178    -62.20401     0.03     -0.02     0.04     1 
2280792133  -27.21725    -61.62061     0.01     -0.08     0.08     1 
2280792134  -27.21692    -61.58821    -0.11     -0.12     0.16     1 
2280792138  -27.21556    -61.45858     0.06     -0.09     0.11     1 
2280792139  -27.21520    -61.42618    -0.19     -0.27     0.33     1 
2280792140  -27.21483    -61.39378    -0.07     -0.17     0.19     1 
2280792143  -27.21368    -61.29657    -0.07     -0.35     0.36     1 
2280792144  -27.21328    -61.26417    -0.20     -0.47     0.51     2 
2280792145  -27.21288    -61.23177    -0.11     -0.51     0.52     2 
2280792146  -27.21247    -61.19937    -0.12     -0.08     0.15     1 
2280792154  -27.20890    -60.94020    -0.33     -0.06     0.34     1 
2280792156  -27.20793    -60.87542    -0.10     -0.14     0.17     1 
2280792157  -27.20743    -60.84303    -0.25     -0.15     0.30     1 
2280792159  -27.20642    -60.77825     0.03     -0.38     0.38     1 
2280792162  -27.20485    -60.68109    -0.14     -0.23     0.27     1 
2280792163  -27.20431    -60.64870    -0.24     -0.33     0.41     1 
2280792164  -27.20376    -60.61631    -0.24     -0.50     0.55     2 
2280792166  -27.20264    -60.55155    -0.01     -0.10     0.10     1 
2280792167  -27.20207    -60.51917     0.23     -0.33     0.40     1 
2280792190  -27.24723    -62.20383     0.20     -0.21     0.29     1 
2280792191  -27.24705    -62.17141    -0.07     -0.16     0.17     1 
2280792213  -27.24101    -61.45823    -0.02     -0.07     0.07     1 
2280792214  -27.24065    -61.42582    -0.18     -0.15     0.24     1 
2280792215  -27.24028    -61.39341    -0.04     -0.22     0.22     1 
2280792217  -27.23952    -61.32859     0.04      0.04     0.06     1 
2280792218  -27.23913    -61.29618    -0.12     -0.00     0.12     1 
2280792219  -27.23873    -61.26378    -0.13     -0.13     0.18     1 
2280792225  -27.23619    -61.06934    -0.12     -0.03     0.12     1 
2280792227  -27.23528    -61.00454    -0.18     -0.10     0.20     1 
2280792228  -27.23481    -60.97214    -0.11     -0.24     0.27     1 
2280792231  -27.23337    -60.87494    -0.10     -0.11     0.15     1 
2280792232  -27.23288    -60.84254    -0.31     -0.21     0.38     1 
2280792234  -27.23186    -60.77774     0.23     -0.19     0.30     1 
2280792235  -27.23134    -60.74535    -0.15     -0.14     0.21     1 
2280792237  -27.23029    -60.68056    -0.31     -0.34     0.46     1 
2280792239  -27.22920    -60.61577    -0.26     -0.20     0.33     1 
2280792241  -27.22808    -60.55099     0.16     -0.24     0.29     1 
2280792242  -27.22751    -60.51860    -0.22     -0.27     0.35     1 
2280792265  -27.27269    -62.20365     0.04     -0.14     0.14     1 
2280792267  -27.27231    -62.13879     0.11     -0.01     0.11     1 
2280792271  -27.27145    -62.00908     0.30      0.02     0.30     1 
2280792274  -27.27073    -61.91180    -0.23      0.12     0.26     1 
2280792282  -27.26847    -61.65241    -0.17      0.19     0.25     1 
2280792283  -27.26815    -61.61998     0.07     -0.02     0.07     1 
2280792284  -27.26783    -61.58756     0.03      0.09     0.10     1 
2280792289  -27.26610    -61.42546    -0.01      0.10     0.10     1 
2280792290  -27.26573    -61.39305     0.06     -0.08     0.10     1 
2280792293  -27.26458    -61.29579    -0.08     -0.06     0.10     1 
2280792294  -27.26418    -61.26338     0.04      0.04     0.06     1 
2280792295  -27.26377    -61.23096     0.01     -0.02     0.03     1 
2280792297  -27.26294    -61.16614     0.04      0.42     0.42     1 
2280792300  -27.26163    -61.06890     0.07     -0.27     0.28     1 
2280792301  -27.26118    -61.03649    -0.09     -0.12     0.15     1 
2280792302  -27.26072    -61.00408     0.11     -0.41     0.42     1 
2280792304  -27.25978    -60.93926    -0.17     -0.13     0.21     1 
2280792305  -27.25930    -60.90686     0.01     -0.22     0.22     1 
2280792306  -27.25881    -60.87445     0.17     -0.04     0.18     1 
2280792307  -27.25832    -60.84204     0.02     -0.07     0.07     1 
2280792308  -27.25781    -60.80964    -0.06     -0.19     0.20     1 
2280792309  -27.25730    -60.77724    -0.08      0.01     0.08     1 
2280792310  -27.25678    -60.74483    -0.05     -0.29     0.29     1 
2280792311  -27.25626    -60.71243    -0.11     -0.47     0.49     1 
2280792315  -27.25408    -60.58283    -0.07     -0.11     0.13     1 
2280792316  -27.25352    -60.55043    -0.17     -0.24     0.29     1 
2280792317  -27.25295    -60.51804    -0.11     -0.27     0.29     1 
2280792359  -27.29328    -61.58724     0.01      0.04     0.04     1 
2280792360  -27.29295    -61.55481     0.06     -0.34     0.35     1 
2280792361  -27.29261    -61.52238     0.07     -0.15     0.17     1 
2280792364  -27.29155    -61.42511    -0.10     -0.05     0.11     1 
2280792365  -27.29118    -61.39268    -0.01      0.00     0.01     1 
2280792367  -27.29042    -61.32783     0.05     -0.07     0.08     1 
2280792368  -27.29003    -61.29541    -0.07     -0.12     0.14     1 
2280792369  -27.28963    -61.26298    -0.06     -0.27     0.27     1 
2280792370  -27.28922    -61.23056     0.20     -0.04     0.20     1 
2280792377  -27.28617    -61.00363     0.47      0.39     0.61     2 
2280792378  -27.28570    -60.97121    -0.01     -0.13     0.13     1 
2280792379  -27.28523    -60.93879    -0.24      0.09     0.25     1 
2280792380  -27.28475    -60.90638    -0.05     -0.26     0.27     1 
2280792381  -27.28426    -60.87397    -0.33     -0.21     0.39     1 
2280792382  -27.28376    -60.84155    -0.14     -0.15     0.20     1 
2280792383  -27.28326    -60.80914     0.03     -0.25     0.25     1 
2280792385  -27.28222    -60.74432    -0.56     -0.26     0.62     2 
2280792389  -27.28007    -60.61469    -0.08     -0.47     0.48     1 
2280792390  -27.27952    -60.58228    -0.10     -0.17     0.20     1 
2280792391  -27.27895    -60.54988    -0.38     -0.23     0.44     1 
2280792412  -27.32413    -62.30062     0.06     -0.29     0.29     1 
2280792414  -27.32379    -62.23573     0.06      0.13     0.14     1 
2280792415  -27.32361    -62.20329    -0.01      0.17     0.17     1 
2280792421  -27.32236    -62.00863    -0.02     -0.19     0.19     1 
2280792435  -27.31840    -61.55448    -0.07     -0.31     0.32     1 
2280792437  -27.31771    -61.48961     0.04     -0.12     0.12     1 
2280792438  -27.31736    -61.45718     0.12     -0.01     0.12     1 
2280792442  -27.31587    -61.32745    -0.05     -0.09     0.10     1 
2280792443  -27.31548    -61.29502    -0.13      0.05     0.14     1 
2280792444  -27.31508    -61.26259    -0.02     -0.01     0.02     1 
2280792445  -27.31467    -61.23016    -0.00     -0.08     0.08     1 
2280792446  -27.31426    -61.19773     0.01     -0.19     0.19     1 
2280792451  -27.31207    -61.03560    -0.19     -0.07     0.20     1 
2280792453  -27.31114    -60.97075     0.04     -0.03     0.05     1 
2280792455  -27.31019    -60.90590    -0.03     -0.13     0.13     1 
2280792456  -27.30970    -60.87348    -0.28     -0.17     0.33     1 
2280792457  -27.30920    -60.84106    -0.08     -0.26     0.27     1 
2280792458  -27.30870    -60.80864    -0.12     -0.14     0.18     1 
2280792460  -27.30766    -60.74381    -0.09     -0.02     0.09     1 
2280792461  -27.30714    -60.71139    -0.03     -0.19     0.19     1 
2280792465  -27.30495    -60.58173    -0.11     -0.31     0.33     1 
2280792466  -27.30439    -60.54932    -0.25     -0.53     0.58     2 
2280792493  -27.34847    -62.10575    -0.05     -0.25     0.25     1 
2280792495  -27.34804    -62.04085    -0.01      0.28     0.28     1 
2280792502  -27.34630    -61.81371    -0.48      0.13     0.50     1 
2280792511  -27.34351    -61.52171     0.16      0.03     0.16     1 
2280792512  -27.34317    -61.48927     0.10      0.02     0.10     1 
2280792516  -27.34170    -61.35951    -0.08      0.08     0.11     1 
2280792517  -27.34132    -61.32707    -0.11      0.06     0.13     1 
2280792518  -27.34092    -61.29463    -0.08     -0.08     0.12     1 
2280792522  -27.33928    -61.16488    -0.15     -0.42     0.45     1 
2280792527  -27.33705    -61.00272    -0.15     -0.11     0.19     1 
2280792528  -27.33659    -60.97028    -0.18     -0.05     0.19     1 
2280792529  -27.33611    -60.93785     0.02      0.05     0.06     1 
2280792530  -27.33563    -60.90543     0.00     -0.09     0.09     1 
2280792531  -27.33514    -60.87300     0.08     -0.21     0.22     1 
2280792532  -27.33464    -60.84057    -0.19      0.07     0.20     1 
2280792533  -27.33414    -60.80814     0.00     -0.23     0.23     1 
2280792535  -27.33310    -60.74329    -0.03     -0.16     0.17     1 
2280792537  -27.33204    -60.67844    -0.05     -0.01     0.05     1 
2280792538  -27.33150    -60.64602    -0.12     -0.16     0.20     1 
2280792539  -27.33095    -60.61360    -0.09     -0.28     0.30     1 
2280792540  -27.33039    -60.58118     0.02     -0.30     0.31     1 
2280792567  -27.37413    -62.13800     0.02      0.05     0.05     1 
2280792568  -27.37393    -62.10555     0.05      0.14     0.15     1 
2280792575  -27.37229    -61.87835    -0.07     -0.25     0.26     1 
2280792579  -27.37119    -61.74853     0.03      0.14     0.15     1 
2280792586  -27.36896    -61.52137    -0.08     -0.02     0.09     1 
2280792589  -27.36790    -61.42403    -0.10      0.08     0.13     1 
2280792592  -27.36677    -61.32668    -0.04     -0.03     0.05     1 
2280792593  -27.36637    -61.29424    -0.01     -0.11     0.11     1 
2280792594  -27.36597    -61.26179    -0.00     -0.12     0.12     1 
2280792596  -27.36515    -61.19691    -0.21     -0.04     0.21     1 
2280792597  -27.36473    -61.16446    -0.22     -0.17     0.28     1 
2280792598  -27.36430    -61.13202    -0.25     -0.06     0.26     1 
2280792603  -27.36203    -60.96982    -0.20     -0.15     0.25     1 
2280792604  -27.36155    -60.93738    -0.18     -0.05     0.19     1 
2280792605  -27.36107    -60.90495     0.03      0.03     0.05     1 
2280792606  -27.36058    -60.87251    -0.06     -0.11     0.12     1 
2280792607  -27.36008    -60.84007    -0.02     -0.16     0.17     1 
2280792608  -27.35958    -60.80764    -0.04     -0.17     0.17     1 
2280792609  -27.35906    -60.77521     0.02     -0.14     0.14     1 
2280792610  -27.35854    -60.74278    -0.06     -0.25     0.26     1 
2280792616  -27.35526    -60.54820     0.00     -0.26     0.26     1 
2280792637  -27.40050    -62.30014    -0.02      0.15     0.15     1 
2280792638  -27.40033    -62.26767    -0.01     -0.14     0.14     1 
2280792640  -27.39998    -62.20274    -0.13      0.06     0.14     1 
2280792641  -27.39979    -62.17027     0.09      0.13     0.15     1 
2280792642  -27.39959    -62.13781     0.02      0.13     0.13     1 
2280792643  -27.39939    -62.10534     0.12      0.21     0.24     1 
2280792657  -27.39573    -61.65087    -0.26      0.12     0.29     1 
2280792658  -27.39541    -61.61841    -0.03      0.16     0.16     1 
2280792659  -27.39509    -61.58595    -0.07     -0.11     0.13     1 
2280792669  -27.39142    -61.26140    -0.03      0.15     0.15     1 
2280792670  -27.39101    -61.22894     0.09     -0.09     0.13     1 
2280792671  -27.39060    -61.19649    -0.12     -0.03     0.12     1 
2280792673  -27.38974    -61.13159    -0.13     -0.01     0.13     1 
2280792675  -27.38886    -61.06670     0.03     -0.10     0.10     1 
2280792676  -27.38840    -61.03425    -0.14     -0.13     0.19     1 
2280792677  -27.38794    -61.00180    -0.54      0.18     0.57     2 
2280792678  -27.38747    -60.96936    -0.21     -0.20     0.29     1 
2280792679  -27.38700    -60.93691     0.13     -0.31     0.33     1 
2280792681  -27.38602    -60.87202     0.13     -0.19     0.23     1 
2280792682  -27.38552    -60.83958    -0.07     -0.14     0.16     1 
2280792683  -27.38502    -60.80714    -0.12     -0.10     0.16     1 
2280792684  -27.38450    -60.77470     0.16     -0.03     0.16     1 
2280792685  -27.38398    -60.74226     0.04     -0.18     0.18     1 
2280792686  -27.38345    -60.70982    -0.19     -0.18     0.26     1 
2280792687  -27.38292    -60.67738     0.08     -0.03     0.09     1 
2280792688  -27.38237    -60.64494    -0.13     -0.26     0.29     1 
2280792689  -27.38182    -60.61251    -0.29     -0.52     0.60     2 
2280792690  -27.38126    -60.58007     0.10     -0.24     0.26     1 
2280792691  -27.38070    -60.54764    -0.08     -0.35     0.36     1 
2280792712  -27.42596    -62.29998    -0.15      0.18     0.23     1 
2280792714  -27.42562    -62.23503     0.01      0.08     0.08     1 
2280792715  -27.42543    -62.20256     0.07      0.07     0.10     1 
2280792716  -27.42524    -62.17008     0.02      0.08     0.08     1 
2280792717  -27.42505    -62.13761    -0.02      0.09     0.09     1 
2280792718  -27.42484    -62.10514     0.06      0.07     0.09     1 
2280792732  -27.42118    -61.65056    -0.02     -0.00     0.02     1 
2280792733  -27.42086    -61.61809    -0.13      0.23     0.26     1 
2280792736  -27.41987    -61.52069    -0.03      0.18     0.18     1 
2280792737  -27.41952    -61.48823    -0.04     -0.02     0.04     1 
2280792739  -27.41880    -61.42330     0.43     -0.05     0.44     1 
2280792747  -27.41562    -61.16362     0.18      0.03     0.18     1 
2280792748  -27.41519    -61.13117     0.05     -0.02     0.05     1 
2280792750  -27.41430    -61.06625    -0.19      0.13     0.23     1 
2280792753  -27.41292    -60.96889    -0.11      0.08     0.13     1 
2280792755  -27.41196    -60.90399    -0.43     -0.05     0.43     1 
2280792757  -27.41097    -60.83909    -0.17     -0.08     0.19     1 
2280792759  -27.40994    -60.77419     0.20     -0.24     0.31     1 
2280792760  -27.40942    -60.74174    -0.12     -0.27     0.29     1 
2280792761  -27.40889    -60.70929    -0.18     -0.14     0.22     1 
2280792762  -27.40836    -60.67685    -0.21     -0.23     0.31     1 
2280792763  -27.40781    -60.64440    -0.17     -0.25     0.30     1 
2280792764  -27.40726    -60.61196     0.05     -0.29     0.29     1 
2280792765  -27.40670    -60.57952    -0.03     -0.20     0.20     1 
2280792766  -27.40613    -60.54707    -0.12     -0.13     0.18     1 
2280792784  -27.45187    -62.39727     0.03      0.12     0.13     1 
2280792787  -27.45141    -62.29982    -0.02      0.14     0.14     1 
2280792789  -27.45107    -62.23486     0.01      0.15     0.16     1 
2280792790  -27.45089    -62.20237     0.02      0.08     0.08     1 
2280792791  -27.45070    -62.16989     0.07      0.13     0.15     1 
2280792806  -27.44695    -61.68272    -0.05      0.56     0.57     2 
2280792808  -27.44632    -61.61777    -0.09     -0.22     0.24     1 
2280792811  -27.44532    -61.52036     0.10      0.01     0.10     1 
2280792814  -27.44425    -61.42294    -0.23      0.17     0.29     1 
2280792815  -27.44388    -61.39047     0.08      0.12     0.15     1 
2280792816  -27.44350    -61.35800     0.06      0.07     0.09     1 
2280792817  -27.44311    -61.32553     0.01      0.01     0.02     1 
2280792824  -27.44019    -61.09827    -0.12     -0.08     0.14     1 
2280792827  -27.43883    -61.00089    -0.17      0.23     0.29     1 
2280792829  -27.43788    -60.93597     0.09      0.03     0.10     1 
2280792830  -27.43740    -60.90351     0.09     -0.09     0.13     1 
2280792831  -27.43691    -60.87105    -0.02     -0.01     0.02     1 
2280792832  -27.43641    -60.83859    -0.12     -0.05     0.14     1 
2280792833  -27.43590    -60.80613    -0.14     -0.12     0.18     1 
2280792834  -27.43538    -60.77368     0.02     -0.19     0.19     1 
2280792835  -27.43486    -60.74122     0.06     -0.24     0.25     1 
2280792837  -27.43379    -60.67632    -0.10     -0.46     0.47     1 
2280792838  -27.43325    -60.64386    -0.06     -0.14     0.15     1 
2280792839  -27.43270    -60.61141    -0.17     -0.21     0.27     1 
2280792840  -27.43214    -60.57896    -0.09     -0.37     0.38     1 
2280792841  -27.43157    -60.54651    -0.04     -0.20     0.21     1 
2280792863  -27.47670    -62.26717     0.18      0.11     0.21     1 
2280792865  -27.47635    -62.20219     0.04      0.11     0.11     1 
2280792868  -27.47575    -62.10473     0.13      0.11     0.17     1 
2280792872  -27.47486    -61.97478    -0.03     -0.05     0.06     1 
2280792878  -27.47329    -61.77987     0.06      0.05     0.07     1 
2280792883  -27.47177    -61.61746    -0.06      0.04     0.08     1 
2280792884  -27.47144    -61.58498    -0.09      0.28     0.30     1 
2280792886  -27.47077    -61.52002     0.02      0.12     0.13     1 
2280792895  -27.46735    -61.22772    -0.10      0.32     0.33     1 
2280792898  -27.46608    -61.13031    -0.07      0.03     0.08     1 
2280792899  -27.46564    -61.09784     0.13      0.06     0.14     1 
2280792901  -27.46474    -61.03290     0.08     -0.10     0.13     1 
2280792903  -27.46380    -60.96796    -0.03     -0.12     0.12     1 
2280792904  -27.46333    -60.93549    -0.14     -0.14     0.20     1 
2280792905  -27.46284    -60.90302    -0.20     -0.36     0.41     1 
2280792906  -27.46235    -60.87056    -0.14     -0.13     0.19     1 
2280792907  -27.46185    -60.83809     0.08     -0.14     0.16     1 
2280792908  -27.46134    -60.80563    -0.01      0.08     0.08     1 
2280792909  -27.46082    -60.77317    -0.10     -0.12     0.16     1 
2280792910  -27.46030    -60.74070    -0.12     -0.34     0.36     1 
2280792913  -27.45869    -60.64332    -0.03     -0.24     0.24     1 
2280792914  -27.45813    -60.61086    -0.03     -0.20     0.20     1 
2280792915  -27.45757    -60.57841    -0.09     -0.27     0.29     1 
2280792932  -27.50305    -62.46199    -0.04      0.23     0.23     1 
2280792938  -27.50216    -62.26700    -0.10      0.17     0.19     1 
2280792941  -27.50161    -62.16951    -0.07      0.35     0.35     1 
2280792942  -27.50142    -62.13702    -0.11      0.07     0.14     1 
2280792946  -27.50055    -62.00704    -0.00      0.33     0.33     1 
2280792949  -27.49982    -61.90955     0.03      0.39     0.39     1 
2280792966  -27.49439    -61.35725    -0.13      0.25     0.28     1 
2280792973  -27.49152    -61.12988     0.12     -0.27     0.30     1 
2280792977  -27.48972    -60.99997    -0.04     -0.08     0.09     1 
2280792978  -27.48925    -60.96749    -0.09      0.08     0.12     1 
2280792979  -27.48877    -60.93502    -0.21     -0.14     0.25     1 
2280792981  -27.48779    -60.87007     0.06     -0.07     0.09     1 
2280792982  -27.48729    -60.83760    -0.13     -0.01     0.13     1 
2280792983  -27.48678    -60.80513    -0.11     -0.31     0.33     1 
2280792984  -27.48626    -60.77266    -0.10     -0.25     0.27     1 
2280792986  -27.48521    -60.70772    -0.11     -0.00     0.11     1 
2280792987  -27.48467    -60.67525    -0.06     -0.27     0.28     1 
2280792988  -27.48412    -60.64278    -0.08     -0.21     0.22     1 
2280792990  -27.48301    -60.57785    -0.11     -0.17     0.21     1 
2280793016  -27.52707    -62.16932     0.08      0.04     0.09     1 
2280793017  -27.52687    -62.13682     0.08      0.17     0.19     1 
2280793029  -27.52390    -61.74681     0.03      0.05     0.06     1 
2280793032  -27.52299    -61.64932     0.05     -0.29     0.30     1 
2280793033  -27.52267    -61.61682     0.14      0.23     0.26     1 
2280793040  -27.52022    -61.38936    -0.30      0.10     0.31     1 
2280793041  -27.51984    -61.35687    -0.04     -0.00     0.04     1 
2280793042  -27.51945    -61.32438     0.04      0.20     0.21     1 
2280793045  -27.51825    -61.22691    -0.13     -0.02     0.13     1 
2280793048  -27.51697    -61.12945     0.01      0.10     0.11     1 
2280793050  -27.51608    -61.06448    -0.09     -0.20     0.22     1 
2280793052  -27.51516    -60.99951    -0.00     -0.04     0.04     1 
2280793061  -27.51065    -60.70719    -0.04     -0.07     0.08     1 
2280793062  -27.51011    -60.67471    -0.17     -0.04     0.17     1 
2280793063  -27.50956    -60.64224     0.03     -0.25     0.25     1 
2280793064  -27.50901    -60.60977    -0.06     -0.32     0.32     1 
2280793065  -27.50844    -60.57729    -0.01     -0.20     0.20     1 
2280793105  -27.54906    -61.71401     0.07     -0.01     0.07     1 
2280793106  -27.54875    -61.68151    -0.22      0.25     0.33     1 
2280793112  -27.54677    -61.48649    -0.19      0.15     0.24     1 
2280793113  -27.54641    -61.45399    -0.06      0.04     0.07     1 
2280793114  -27.54604    -61.42149    -0.21     -0.20     0.29     1 
2280793115  -27.54567    -61.38899    -0.03      0.07     0.08     1 
2280793119  -27.54410    -61.25900     0.18     -0.14     0.23     1 
2280793123  -27.54241    -61.12902    -0.06      0.23     0.24     1 
2280793124  -27.54197    -61.09652    -0.01      0.05     0.06     1 
2280793125  -27.54152    -61.06403    -0.00     -0.01     0.01     1 
2280793126  -27.54107    -61.03154     0.04     -0.42     0.43     1 
2280793127  -27.54060    -60.99905    -0.01     -0.06     0.06     1 
2280793128  -27.54013    -60.96656     0.13     -0.14     0.19     1 
2280793130  -27.53917    -60.90158     0.01     -0.08     0.08     1 
2280793131  -27.53867    -60.86909     0.09     -0.24     0.25     1 
2280793133  -27.53766    -60.80412    -0.23     -0.44     0.50     2 
2280793134  -27.53714    -60.77163     0.04     -0.19     0.20     1 
2280793135  -27.53662    -60.73915    -0.19     -0.23     0.30     1 
2280793137  -27.53554    -60.67418     0.01      0.11     0.11     1 
2280793138  -27.53500    -60.64170     0.05     -0.08     0.10     1 
2280793139  -27.53444    -60.60921    -0.04     -0.14     0.15     1 
2280793160  -27.57901    -62.36405     0.26      0.06     0.27     1 
2280793161  -27.57886    -62.33153     0.00      0.24     0.24     1 
2280793162  -27.57870    -62.29901     0.01      0.14     0.14     1 
2280793163  -27.57853    -62.26649     0.06      0.24     0.25     1 
2280793165  -27.57817    -62.20146    -0.01     -0.51     0.51     2 
2280793167  -27.57778    -62.13642     0.01      0.13     0.13     1 
2280793179  -27.57481    -61.74623    -0.35      0.29     0.45     1 
2280793181  -27.57421    -61.68120    -0.04      0.10     0.11     1 
2280793182  -27.57389    -61.64869    -0.25     -0.11     0.27     1 
2280793183  -27.57357    -61.61618    -0.09      0.12     0.15     1 
2280793187  -27.57222    -61.48614     0.16      0.01     0.16     1 
2280793188  -27.57186    -61.45363    -0.03      0.10     0.11     1 
2280793190  -27.57112    -61.38862    -0.04      0.32     0.32     1 
2280793191  -27.57074    -61.35611     0.09      0.16     0.18     1 
2280793192  -27.57035    -61.32361    -0.05      0.09     0.10     1 
2280793193  -27.56995    -61.29110    -0.30      0.03     0.30     1 
2280793196  -27.56872    -61.19359     0.13      0.07     0.15     1 
2280793198  -27.56786    -61.12859     0.14     -0.04     0.15     1 
2280793200  -27.56697    -61.06358     0.06     -0.07     0.10     1 
2280793203  -27.56557    -60.96609    -0.28     -0.19     0.34     1 
2280793205  -27.56461    -60.90109     0.09      0.12     0.15     1 
2280793208  -27.56310    -60.80361    -0.20     -0.07     0.21     1 
2280793211  -27.56152    -60.70613    -0.10     -0.02     0.10     1 
2280793212  -27.56098    -60.67364     0.04     -0.08     0.09     1 
2280793213  -27.56043    -60.64115    -0.05     -0.11     0.12     1 
2280793214  -27.55988    -60.60866    -0.07     -0.05     0.09     1 
2280793235  -27.60447    -62.36391     0.08      0.27     0.28     1 
2280793248  -27.60189    -61.94107    -0.12      0.38     0.40     1 
2280793256  -27.59966    -61.68090     0.02      0.21     0.21     1 
2280793260  -27.59836    -61.55083    -0.10      0.26     0.28     1 
2280793262  -27.59767    -61.48579    -0.13      0.03     0.13     1 
2280793268  -27.59540    -61.29071     0.21     -0.14     0.25     1 
2280793269  -27.59500    -61.25819    -0.00     -0.01     0.01     1 
2280793275  -27.59241    -61.06314     0.04     -0.05     0.06     1 
2280793276  -27.59195    -61.03063     0.01     -0.06     0.06     1 
2280793277  -27.59149    -60.99812    -0.32     -0.01     0.32     1 
2280793279  -27.59054    -60.93311     0.15     -0.02     0.15     1 
2280793280  -27.59005    -60.90061    -0.08     -0.16     0.17     1 
2280793282  -27.58905    -60.83560    -0.05      0.10     0.11     1 
2280793283  -27.58854    -60.80310     0.05     -0.15     0.16     1 
2280793284  -27.58802    -60.77060     0.08     -0.01     0.08     1 
2280793285  -27.58749    -60.73810    -0.01      0.11     0.11     1 
2280793286  -27.58696    -60.70560    -0.07      0.04     0.08     1 
2280793287  -27.58642    -60.67310    -0.11     -0.18     0.21     1 
2280793308  -27.63021    -62.42883    -0.20      0.14     0.24     1 
2280793309  -27.63007    -62.39629     0.19      0.07     0.20     1 
2280793310  -27.62993    -62.36376    -0.03      0.13     0.13     1 
2280793314  -27.62927    -62.23362    -0.00      0.26     0.26     1 
2280793334  -27.62415    -61.58302     0.16      0.23     0.28     1 
2280793335  -27.62381    -61.55049     0.08      0.02     0.09     1 
2280793336  -27.62347    -61.51797    -0.07      0.26     0.27     1 
2280793337  -27.62311    -61.48544     0.18      0.25     0.31     1 
2280793338  -27.62276    -61.45292     0.13     -0.00     0.13     1 
2280793343  -27.62085    -61.29031    -0.05      0.49     0.49     1 
2280793344  -27.62044    -61.25779     0.14      0.11     0.18     1 
2280793349  -27.61830    -61.09520     0.20      0.24     0.32     1 
2280793351  -27.61740    -61.03017    -0.42     -0.20     0.47     1 
2280793352  -27.61693    -60.99766     0.02      0.05     0.05     1 
2280793353  -27.61646    -60.96515    -0.06     -0.15     0.16     1 
2280793354  -27.61598    -60.93263    -0.24     -0.13     0.27     1 
2280793355  -27.61549    -60.90012    -0.21      0.15     0.26     1 
2280793359  -27.61346    -60.77009    -0.08      0.08     0.11     1 
2280793360  -27.61293    -60.73758    -0.04     -0.01     0.04     1 
2280793363  -27.61131    -60.64006     0.05     -0.11     0.12     1 
2280793383  -27.65566    -62.42870    -0.02      0.07     0.07     1 
2280793384  -27.65553    -62.39615     0.15     -0.15     0.21     1 
2280793385  -27.65538    -62.36361    -0.19     -0.11     0.22     1 
2280793387  -27.65507    -62.29853     0.12      0.01     0.12     1 
2280793389  -27.65472    -62.23344    -0.03      0.50     0.50     2 
2280793391  -27.65435    -62.16836     0.20      0.09     0.22     1 
2280793392  -27.65415    -62.13582     0.02      0.11     0.11     1 
2280793404  -27.65116    -61.74536     0.15      0.18     0.24     1 
2280793405  -27.65087    -61.71283    -0.04      0.29     0.29     1 
2280793408  -27.64993    -61.61522     0.26      0.29     0.39     1 
2280793413  -27.64821    -61.45256    -0.09      0.34     0.35     1 
2280793415  -27.64746    -61.38750     0.01      0.14     0.14     1 
2280793418  -27.64629    -61.28992     0.06      0.16     0.17     1 
2280793423  -27.64419    -61.12729    -0.19     -0.16     0.25     1 
2280793424  -27.64375    -61.09476    -0.01      0.04     0.04     1 
2280793427  -27.64237    -60.99720    -0.12      0.05     0.13     1 
2280793428  -27.64190    -60.96468     0.04      0.02     0.05     1 
2280793433  -27.63942    -60.80209    -0.04     -0.10     0.11     1 
2280793434  -27.63890    -60.76957    -0.00     -0.15     0.15     1 
2280793435  -27.63837    -60.73706     0.00     -0.05     0.05     1 
2280793436  -27.63784    -60.70454    -0.16     -0.26     0.30     1 
2280793438  -27.63675    -60.63952    -0.04     -0.08     0.09     1 
2280793461  -27.68069    -62.33091    -0.04      0.16     0.16     1 
2280793463  -27.68035    -62.26581    -0.04      0.12     0.13     1 
2280793466  -27.67980    -62.16817    -0.07     -0.00     0.07     1 
2280793467  -27.67960    -62.13562    -0.01      0.03     0.03     1 
2280793488  -27.67365    -61.45220     0.04      0.29     0.29     1 
2280793490  -27.67291    -61.38713    -0.09      0.35     0.36     1 
2280793493  -27.67174    -61.28952     0.12      0.02     0.12     1 
2280793503  -27.66734    -60.96420    -0.07      0.11     0.13     1 
2280793508  -27.66486    -60.80158     0.03      0.09     0.10     1 
2280793509  -27.66434    -60.76905     0.09      0.14     0.17     1 
2280793510  -27.66381    -60.73653    -0.36      0.14     0.38     1 
2280793514  -27.66162    -60.60645    -0.02     -0.08     0.08     1 
2280793535  -27.70630    -62.36332     0.05     -0.19     0.20     1 
2280793538  -27.70581    -62.26564     0.01     -0.07     0.07     1 
2280793541  -27.70526    -62.16797    -0.12      0.09     0.16     1 
2280793542  -27.70506    -62.13542    -0.10      0.04     0.11     1 
2280793560  -27.70016    -61.54948    -0.16      0.22     0.27     1 
2280793566  -27.69798    -61.35421     0.08      0.37     0.38     1 
2280793567  -27.69759    -61.32167     0.02      0.22     0.22     1 
2280793573  -27.69508    -61.12642    -0.11      0.22     0.24     1 
2280793574  -27.69464    -61.09388    -0.09      0.10     0.14     1 
2280793575  -27.69419    -61.06134    -0.03      0.23     0.23     1 
2280793576  -27.69373    -61.02880    -0.07      0.16     0.17     1 
2280793581  -27.69131    -60.86613     0.00      0.13     0.13     1 
2280793582  -27.69081    -60.83360     0.00      0.00     0.00     1 
2280793586  -27.68871    -60.70348     0.03      0.01     0.03     1 
2280793587  -27.68817    -60.67095    -0.00     -0.10     0.10     1 
2280793605  -27.73240    -62.52600    -0.33     -0.07     0.34     1 
2280793607  -27.73217    -62.46086    -0.08     -0.02     0.08     1 
2280793617  -27.73052    -62.13522     0.44     -0.44     0.62     2 
2280793618  -27.73031    -62.10265    -0.03      0.02     0.03     1 
2280793626  -27.72837    -61.84216    -0.02      0.17     0.17     1 
2280793627  -27.72810    -61.80960    -0.10      0.03     0.10     1 
2280793630  -27.72722    -61.71193    -0.20     -0.08     0.22     1 
2280793636  -27.72527    -61.51659    -0.17      0.02     0.17     1 
2280793642  -27.72303    -61.32128    -0.05      0.16     0.17     1 
2280793643  -27.72264    -61.28873    -0.09      0.23     0.25     1 
2280793646  -27.72139    -61.19108    -0.10      0.15     0.18     1 
2280793648  -27.72053    -61.12598     0.03      0.08     0.08     1 
2280793649  -27.72008    -61.09344    -0.13     -0.03     0.14     1 
2280793653  -27.71823    -60.96326    -0.05      0.27     0.28     1 
2280793655  -27.71725    -60.89818    -0.22     -0.09     0.24     1 
2280793657  -27.71625    -60.83310     0.33      0.07     0.34     1 
2280793658  -27.71574    -60.80056     0.14     -0.04     0.14     1 
2280793661  -27.71415    -60.70295     0.10     -0.07     0.13     1 
2280793680  -27.75786    -62.52589    -0.15     -0.08     0.17     1 
2280793681  -27.75775    -62.49331     0.03     -0.29     0.29     1 
2280793683  -27.75749    -62.42817     0.05     -0.09     0.10     1 
2280793693  -27.75576    -62.10245     0.12     -0.18     0.21     1 
2280793694  -27.75555    -62.06988    -0.06     -0.04     0.07     1 
2280793702  -27.75355    -61.80933    -0.01     -0.04     0.04     1 
2280793705  -27.75267    -61.71163     0.12      0.16     0.20     1 
2280793710  -27.75106    -61.54881    -0.13      0.20     0.24     1 
2280793715  -27.74926    -61.38600     0.07      0.03     0.07     1 
2280793716  -27.74887    -61.35345    -0.32      0.36     0.48     1 
2280793717  -27.74848    -61.32089    -0.01      0.28     0.28     1 
2280793718  -27.74808    -61.28833    -0.00      0.06     0.06     1 
2280793719  -27.74767    -61.25577    -0.06      0.20     0.21     1 
2280793722  -27.74641    -61.15810     0.05      0.10     0.11     1 
2280793723  -27.74597    -61.12555     0.00      0.31     0.31     1 
2280793724  -27.74553    -61.09300    -0.19      0.32     0.38     1 
2280793725  -27.74507    -61.06044     0.09      0.32     0.33     1 
2280793728  -27.74367    -60.96279    -0.07      0.05     0.08     1 
2280793733  -27.74117    -60.80005    -0.11     -0.00     0.11     1 
2280793734  -27.74065    -60.76750     0.17      0.29     0.33     1 
2280793758  -27.78295    -62.42803    -0.05     -0.21     0.21     1 
2280793762  -27.78235    -62.29771    -0.32     -0.21     0.38     1 
2280793775  -27.77955    -61.87420     0.06      0.14     0.15     1 
2280793780  -27.77812    -61.71133    -0.01     -0.06     0.06     1 
2280793782  -27.77750    -61.64619     0.06     -0.07     0.09     1 
2280793785  -27.77651    -61.54847    -0.07     -0.01     0.07     1 
2280793793  -27.77353    -61.28793    -0.17      0.13     0.21     1 
2280793795  -27.77271    -61.22280    -0.04      0.13     0.14     1 
2280793797  -27.77185    -61.15767    -0.01      0.03     0.03     1 
2280793798  -27.77142    -61.12511    -0.18      0.05     0.19     1 
2280793799  -27.77097    -61.09255    -0.07      0.09     0.11     1 
2280793802  -27.76959    -60.99487     0.11      0.19     0.22     1 
2280793807  -27.76713    -60.83209     0.17     -0.04     0.18     1 
2280793811  -27.76502    -60.70188    -0.03     -0.03     0.04     1 
2280793834  -27.80827    -62.39531     0.02     -0.27     0.27     1 
2280793842  -27.80688    -62.13461    -0.18      0.07     0.19     1 
2280793848  -27.80552    -61.93910     0.01      0.02     0.02     1 
2280793857  -27.80295    -61.64587    -0.26     -0.04     0.26     1 
2280793858  -27.80263    -61.61329     0.11      0.05     0.12     1 
2280793866  -27.79977    -61.35268    -0.14     -0.00     0.14     1 
2280793868  -27.79897    -61.28753     0.03      0.18     0.18     1 
2280793871  -27.79773    -61.18982    -0.17      0.05     0.18     1 
2280793873  -27.79686    -61.12468    -0.16      0.09     0.19     1 
2280793874  -27.79641    -61.09211    -0.05      0.16     0.17     1 
2280793877  -27.79503    -60.99441    -0.16      0.37     0.40     1 
2280793881  -27.79308    -60.86415    -0.04      0.28     0.29     1 
2280793883  -27.79205    -60.79902    -0.00     -0.04     0.04     1 
2280793884  -27.79153    -60.76646    -0.01      0.17     0.17     1 
2280793885  -27.79100    -60.73390     0.29     -0.13     0.32     1 
2280793907  -27.83399    -62.46036     0.08     -0.04     0.09     1 
2280793911  -27.83342    -62.32998    -0.08     -0.11     0.14     1 
2280793914  -27.83291    -62.23219     0.17      0.39     0.42     1 
2280793923  -27.83097    -61.93886    -0.11      0.15     0.18     1 
2280793926  -27.83018    -61.84108    -0.02     -0.12     0.13     1 
2280793927  -27.82991    -61.80850    -0.08      0.00     0.08     1 
2280793931  -27.82872    -61.67814     0.40      0.08     0.41     1 
2280793932  -27.82840    -61.64555    -0.09     -0.25     0.27     1 
2280793948  -27.82230    -61.12424     0.02      0.19     0.19     1 
2280793954  -27.81951    -60.92879    -0.15     -0.01     0.15     1 
2280793956  -27.81852    -60.86365    -0.02     -0.26     0.26     1 
2280793959  -27.81697    -60.76594    -0.07      0.09     0.11     1 
2280793960  -27.81644    -60.73337    -0.00     -0.03     0.03     1 
2280793961  -27.81590    -60.70081     0.07      0.04     0.08     1 
2280793980  -27.85969    -62.52544    -0.16     -0.17     0.23     1 
2280793985  -27.85903    -62.36243    -0.10     -0.15     0.18     1 
2280793986  -27.85888    -62.32982    -0.09     -0.30     0.31     1 
2280794021  -27.84862    -61.18897    -0.01     -0.05     0.05     1 
2280794022  -27.84819    -61.15639    -0.09     -0.10     0.14     1 
2280794026  -27.84638    -61.02605    -0.08      0.04     0.09     1 
2280794030  -27.84446    -60.89573    -0.05      0.06     0.08     1 
2280794032  -27.84345    -60.83057     0.07     -0.06     0.09     1 
2280794035  -27.84188    -60.73284     0.05     -0.08     0.09     1 
2280794037  -27.84079    -60.66770     0.14     -0.01     0.14     1 
2280794056  -27.88503    -62.49272    -0.22     -0.23     0.32     1 
2280794060  -27.88449    -62.36228    -0.54      0.14     0.56     2 
2280794063  -27.88400    -62.26445     0.18     -0.16     0.24     1 
2280794072  -27.88212    -61.97097    -0.08      0.08     0.11     1 
2280794080  -27.87993    -61.71013    -0.17     -0.04     0.17     1 
2280794096  -27.87406    -61.18855     0.00     -0.08     0.08     1 
2280794099  -27.87274    -61.09077     0.14      0.08     0.16     1 
2280794100  -27.87229    -61.05818    -0.08     -0.06     0.10     1 
2280794112  -27.86623    -60.66715    -0.25      0.06     0.26     1 
2280794130  -27.91060    -62.52522    -0.16     -0.22     0.27     1 
2280794140  -27.90909    -62.19904    -0.26     -0.53     0.58     2 
2280794144  -27.90827    -62.06857    -0.24     -0.13     0.27     1 
2280794155  -27.90538    -61.70983    -0.04      0.17     0.17     1 
2280794171  -27.89951    -61.18812    -0.15      0.22     0.27     1 
2280794204  -27.93617    -62.55774    -0.32     -0.21     0.39     1 
2280794212  -27.93508    -62.29673    -0.18     -0.15     0.23     1 
2280794213  -27.93491    -62.26410     0.03     -0.38     0.38     1 
2280794218  -27.93394    -62.10098    -0.17     -0.02     0.17     1 
2280794221  -27.93327    -62.00311     0.25     -0.24     0.35     1 
2280794226  -27.93199    -61.84000    -0.16     -0.25     0.30     1 
2280794228  -27.93143    -61.77476    -0.11      0.01     0.11     1 
2280794230  -27.93083    -61.70952    -0.18     -0.20     0.27     1 
2280794231  -27.93052    -61.67690    -0.09     -0.43     0.44     1 
2280794232  -27.93020    -61.64429     0.09      0.08     0.12     1 
2280794282  -27.96127    -62.45973    -0.13     -0.25     0.29     1 
2280794283  -27.96114    -62.42710    -0.20     -0.21     0.29     1 
2280794284  -27.96100    -62.39446    -0.29     -0.29     0.41     1 
2280794288  -27.96037    -62.26393    -0.17     -0.10     0.20     1 
2280794292  -27.95961    -62.13340    -0.17     -0.21     0.27     1 
2280794295  -27.95895    -62.03551    -0.05     -0.16     0.17     1 
2280794296  -27.95872    -62.00288    -0.10      0.10     0.14     1 
2280794297  -27.95848    -61.97024    -0.13      0.02     0.13     1 
2280794298  -27.95823    -61.93762     0.08      0.04     0.09     1 
2280794299  -27.95798    -61.90499    -0.04     -0.22     0.22     1 
2280794300  -27.95772    -61.87236    -0.31     -0.33     0.45     1 
2280794303  -27.95688    -61.77447     0.11     -0.27     0.30     1 
2280794304  -27.95658    -61.74185    -0.26     -0.03     0.26     1 
2280794305  -27.95628    -61.70922     0.13     -0.04     0.14     1 
2280794306  -27.95597    -61.67659    -0.28     -0.12     0.30     1 
2280794307  -27.95565    -61.64397    -0.07     -0.20     0.21     1 
2280794316  -27.95245    -61.35037     0.14     -0.02     0.14     1 
2280794317  -27.95205    -61.31775    -0.25     -0.33     0.41     1 
2280794357  -27.98673    -62.45960    -0.18     -0.20     0.27     1 
2280794359  -27.98646    -62.39432    -0.27     -0.36     0.45     1 
2280794360  -27.98631    -62.36168    -0.24     -0.21     0.32     1 
2280794367  -27.98506    -62.13320    -0.33     -0.12     0.35     1 
2280794370  -27.98441    -62.03528    -0.10     -0.30     0.31     1 
2280794376  -27.98289    -61.83946    -0.08      0.15     0.17     1 
2280794377  -27.98262    -61.80682    -0.08     -0.17     0.18     1 
2280794378  -27.98233    -61.77419    -0.28     -0.04     0.28     1 
2280794379  -27.98203    -61.74155     0.59     -0.16     0.61     2 
2280794380  -27.98173    -61.70892    -0.11     -0.16     0.20     1 
2280794381  -27.98142    -61.67628    -0.30     -0.12     0.33     1 
2280794430  -28.01243    -62.52478     0.19     -0.18     0.26     1 
2280794432  -28.01219    -62.45948    -0.17     -0.25     0.30     1 
2280794433  -28.01205    -62.42683    -0.19     -0.19     0.27     1 
2280794434  -28.01191    -62.39418    -0.18     -0.27     0.32     1 
2280794435  -28.01177    -62.36153    -0.18     -0.18     0.26     1 
2280794436  -28.01161    -62.32888    -0.17     -0.16     0.23     1 
2280794442  -28.01051    -62.13299    -0.37      0.03     0.38     1 
2280794453  -28.00778    -61.77390    -0.20     -0.21     0.29     1 
2280794454  -28.00748    -61.74126    -0.21     -0.17     0.27     1 
2280794455  -28.00718    -61.70861     0.06      0.08     0.10     1 
2280794503  -28.03809    -62.58998    -0.29     -0.24     0.38     1 
2280794504  -28.03799    -62.55732    -0.22     -0.38     0.44     1 
2280794511  -28.03707    -62.32872    -0.35     -0.16     0.38     1 
2280794512  -28.03690    -62.29606    -0.15     -0.13     0.20     1 
2280794513  -28.03673    -62.26341    -0.20     -0.22     0.30     1 
2280794514  -28.03655    -62.23075    -0.19     -0.31     0.37     1 
2280794515  -28.03636    -62.19810     0.07      0.07     0.10     1 
2280794516  -28.03617    -62.16544     0.12     -0.13     0.18     1 
2280794517  -28.03597    -62.13279    -0.26     -0.35     0.43     1 
2280794521  -28.03508    -62.00217    -0.36      0.07     0.36     1 
2280794522  -28.03484    -61.96952    -0.09     -0.43     0.44     1 
2280794529  -28.03294    -61.74096    -0.18     -0.20     0.27     1 
2280794530  -28.03263    -61.70831    -0.36     -0.01     0.36     1 
2280794578  -28.06355    -62.58989    -0.33     -0.12     0.35     1 
2280794580  -28.06334    -62.52455    -0.17     -0.25     0.30     1 
2280794588  -28.06218    -62.26324    -0.24     -0.43     0.49     1 
2280794591  -28.06162    -62.16525    -0.22     -0.03     0.22     1 
2280794595  -28.06077    -62.03460    -0.28     -0.02     0.28     1 
2280794603  -28.05868    -61.77332    -0.49     -0.26     0.55     2 
2280794604  -28.05839    -61.74066    -0.46     -0.23     0.51     2 
2280794606  -28.05777    -61.67535    -0.25     -0.50     0.56     2 
2280794621  -28.05217    -61.18557    -0.08     -0.37     0.38     1 
2280794625  -28.05038    -61.05499    -0.06     -0.27     0.28     1 
2280794653  -28.08901    -62.58979    -0.23     -0.24     0.33     1 
2280794654  -28.08890    -62.55712    -0.39     -0.34     0.52     2 
2280794655  -28.08880    -62.52444    -0.20     -0.33     0.39     1 
2280794656  -28.08868    -62.49177    -0.19     -0.42     0.46     1 
2280794660  -28.08813    -62.36108     0.21     -0.58     0.62     2 
2280794663  -28.08764    -62.26306    -0.44     -0.30     0.53     2 
2280794666  -28.08708    -62.16505    -0.44      0.05     0.44     1 
2280794674  -28.08524    -61.90370    -0.47     -0.18     0.50     2 
2280794676  -28.08470    -61.83836    -0.36     -0.46     0.58     2 
2280794677  -28.08442    -61.80570    -0.22     -0.34     0.40     1 
2280794681  -28.08322    -61.67504    -0.27     -0.36     0.45     1 
2280794682  -28.08290    -61.64237    -0.19     -0.12     0.22     1 
2280794683  -28.08258    -61.60971    -0.28     -0.35     0.45     1 
2280794685  -28.08190    -61.54438    -0.38     -0.28     0.47     1 
2280794700  -28.07583    -61.05453    -0.39     -0.22     0.45     1 
2280794731  -28.11413    -62.49165    -0.32     -0.44     0.55     2 
2280794735  -28.11359    -62.36093    -0.29     -0.32     0.44     1 
2280794736  -28.11343    -62.32825    -0.21     -0.31     0.37     1 
2280794742  -28.11233    -62.13217    -0.48     -0.04     0.49     1 
2280794743  -28.11212    -62.09950    -0.16     -0.16     0.23     1 
2280794750  -28.11043    -61.87076    -0.17     -0.34     0.38     1 
2280794752  -28.10987    -61.80541     0.05     -0.20     0.20     1 
2280794753  -28.10958    -61.77274    -0.04     -0.39     0.39     1 
2280794780  -28.09885    -60.89079     0.16     -0.18     0.24     1 
2280794813  -28.13855    -62.26271     0.01     -0.10     0.10     1 
2280794821  -28.13689    -62.00123    -0.24     -0.54     0.59     2 
2280794824  -28.13614    -61.90318    -0.35     -0.43     0.55     2 
2280794830  -28.13443    -61.70709     0.05     -0.12     0.12     1 
2280794831  -28.13412    -61.67441    -0.33     -0.14     0.36     1 
2280794833  -28.13347    -61.60905    -0.18     -0.14     0.23     1 
2280794892  -28.16324    -62.13176    -0.35     -0.41     0.54     2 
2280794894  -28.16281    -62.06638    -0.23     -0.07     0.24     1 
2280794896  -28.16234    -62.00099    -0.29     -0.21     0.35     1 
2280794897  -28.16210    -61.96830    -0.22     -0.23     0.31     1 
2280794899  -28.16159    -61.90292    -0.21     -0.21     0.30     1 
2280794900  -28.16133    -61.87023    -0.43     -0.12     0.44     1 
2280794903  -28.16049    -61.77216    -0.31     -0.17     0.35     1 
2280794904  -28.16019    -61.73947    -0.27     -0.31     0.41     1 
2280794909  -28.15859    -61.57604    -0.28     -0.49     0.56     2 
2280794910  -28.15824    -61.54335    -0.30     -0.11     0.32     1 
2280794973  -28.18730    -61.93536    -0.18     -0.34     0.38     1 
2280794976  -28.18651    -61.83727    -0.40     -0.16     0.43     1 
2280794977  -28.18623    -61.80457    -0.13     -0.29     0.32     1 
2280794978  -28.18594    -61.77187    -0.13     -0.19     0.23     1 
2280794983  -28.18437    -61.60840    -0.08     -0.39     0.39     1 
2280794999  -28.17806    -61.08537    -0.12     -0.05     0.13     1 
2280795054  -28.21109    -61.73888    -0.26     -0.39     0.47     1 
2280795056  -28.21047    -61.67347    -0.07     -0.46     0.47     1 
2280795132  -28.23560    -61.64044    -0.38     -0.31     0.49     1 
2280795134  -28.23493    -61.57503    -0.39     -0.42     0.58     2 
2280795135  -28.23459    -61.54232    -0.37     -0.36     0.51     2 
2280795215  -28.25819    -61.37840    -0.42     -0.39     0.57     2 
----------------------------------------------------------------------
---------------------------------------------------
Total correlated GCPs in Upper Left Quadrant: 263

GCP statistics this quadrant only (in Pixels)
Line residual statistics:
  Mean: 0.079
  Median: 0.065
  Standard Deviation: 0.164

Sample residual statistics:
  Mean: -0.099
  Median: -0.104
  Standard Deviation: 0.154

Quadrant RMSE: 0.258

---------------------------------------------------
Total correlated GCPs in Upper Right Quadrant: 542

GCP statistics this quadrant only (in Pixels)
Line residual statistics:
  Mean: -0.012
  Median: -0.016
  Standard Deviation: 0.159

Sample residual statistics:
  Mean: -0.106
  Median: -0.100
  Standard Deviation: 0.153

Quadrant RMSE: 0.245

---------------------------------------------------
Total correlated GCPs in Lower Left Quadrant: 234

GCP statistics this quadrant only (in Pixels)
Line residual statistics:
  Mean: -0.092
  Median: -0.087
  Standard Deviation: 0.174

Sample residual statistics:
  Mean: -0.068
  Median: -0.069
  Standard Deviation: 0.212

Quadrant RMSE: 0.297

---------------------------------------------------
Total correlated GCPs in Lower Right Quadrant: 177

GCP statistics this quadrant only (in Pixels)
Line residual statistics:
  Mean: -0.050
  Median: -0.042
  Standard Deviation: 0.141

Sample residual statistics:
  Mean: 0.011
  Median: 0.018
  Standard Deviation: 0.185

Quadrant RMSE: 0.238

---------------------------------------------------
---------------------------------------------------
Total correlated GCPs in scene: 1217

GCP statistics entire scene (in Pixels)
Line residual statistics:
  Mean: -0.013
  Median: -0.010
  Standard Deviation: 0.170

Sample residual statistics:
  Mean: -0.080
  Median: -0.082
  Standard Deviation: 0.176

Scene RMSE: 0.258

