Sun. Nov. 22, 2015             LANDSAT 5                 Time: 21:53
                         Image Assessment System
                           GCP Residual Report
----------------------------------------------------------------------------
WOID: L16897650            Path/Row: 230 / 077

L0R Reference Image: L51CUB1092104130100_HDF.153270029
Acquisition Date: Apr 13, 1992

Band Number:  5

GLS date for each WRS-2 path/row used:
Path  Row   Date
230   077   04-14-2001


Point_ID         Latitude  Longitude    Height       Across    Along    Residual  Residual
                                                      Scan      Scan      In y      in x
                                                    Residual  Residual    dir       dir
                   (deg)     (deg)     (meters)     (meters)  (meters)  (meters)  (meters)

2300770001_01  -23.873640  -63.303702   258.883       0.283    -2.060     0.589    -1.992
2300770002_01  -23.859402  -63.986009   472.146      -0.021     4.303    -0.668     4.247
2300770005_01  -24.658821  -63.161484   271.500       2.973    -2.316     3.284    -1.844
2300770006_01  -24.746869  -64.377052   591.775       0.179     3.998    -0.421     3.975
2300770007_01  -24.903991  -64.542439   909.360      -1.589    -1.388    -1.362    -1.608
2300770009_01  -25.169874  -64.299912   452.352      -1.039    -0.156    -1.004    -0.309
2300770016_01  -23.672750  -64.244948   442.495       5.272     1.481     4.984     2.256
2300770019_01  -23.920212  -63.431445   254.734       0.245    -4.719     0.951    -4.625
2300770020_01  -24.128279  -64.198839  1140.880       0.177    -3.459     0.693    -3.387
2300770022_01  -24.629956  -64.732859   945.626      -1.011     0.609    -1.090     0.449
2300770026_01  -24.968409  -63.544699   321.451       0.014     0.659    -0.085     0.653
2300770027_01  -24.145479  -64.216419  1346.947       2.593     4.760     1.845     5.083
2300770032_01  -24.535592  -64.694252   751.462      -5.126     1.947    -5.353     1.153
2300770033_01  -24.584300  -63.333245   281.464       0.298     1.640     0.049     1.665
2300770039_01  -24.951380  -64.669297  1371.720      -0.088     6.983    -1.129     6.876
2300770040_01  -23.859995  -63.453048   259.998       0.051    -2.996     0.501    -2.952
2300770041_01  -23.940118  -64.547563   557.472       1.838     1.931     1.525     2.183
2300770048_01  -23.951403  -63.420639   257.159       0.387    -0.312     0.430    -0.250
2300770049_01  -24.471349  -63.427678   280.132      -1.948     0.211    -1.956    -0.084
2300770055_01  -24.638620  -63.630409   315.824      -1.294    -5.178    -0.503    -5.310
2300770056_01  -24.298711  -64.196001   841.304      -0.467    -2.854    -0.034    -2.888
2300770059_01  -24.250403  -64.099515   473.216      -4.829    -2.127    -4.451    -2.825
2300770061_01  -24.584618  -64.404897  1053.144      -1.416     3.974    -1.992     3.709
2300770073_01  -23.955196  -63.104279   248.293      -0.320    -1.704    -0.060    -1.732
2300770077_01  -24.206942  -62.930476   235.331      -0.860    -1.565    -0.614    -1.675
2300770079_01  -24.114287  -63.026176   242.250      -0.438    -1.339    -0.231    -1.388
2300770081_01  -24.475784  -64.483011  1773.024      -0.473     3.721    -1.023     3.597
2300770082_01  -24.130816  -62.976577   239.021      -2.072    -1.083    -1.884    -1.381
2300770083_01  -24.318367  -64.211263   850.752       2.307    -3.920     2.865    -3.524
2300770087_01  -24.588033  -64.703844   923.251      -0.484     1.644    -0.724     1.550
2300770090_01  -23.829563  -63.384309   260.050      -0.741    -1.977    -0.434    -2.064
2300770091_01  -24.818623  -64.766636  1598.101       1.666     6.788     0.630     6.943
2300770099_01  -24.817841  -64.853576  1404.181       0.556    -5.729     1.404    -5.570
2300770101_01  -24.602846  -64.561835  1709.034       2.565    -1.582     2.765    -1.177
2300770102_01  -25.053374  -64.555603   683.021       5.389    -2.976     5.766    -2.134
2300770103_01  -23.981498  -63.072450   248.130       0.666     0.585     0.571     0.678
2300770104_01  -23.921570  -63.319436   252.258      -0.959     0.774    -1.064     0.621
2300770105_01  -23.951310  -63.198035   252.010      -0.827    -0.243    -0.781    -0.364
2300770106_01  -23.824592  -63.304766   255.786      -0.042     1.766    -0.307     1.739
2300770110_01  -25.208943  -64.831177  1291.610      -2.223    -1.860    -1.916    -2.168
2300770111_01  -24.316051  -64.445082  1524.245       0.031    -3.514     0.556    -3.462
2300770113_01  -24.036241  -63.053893   245.832      -0.068     1.383    -0.275     1.356
2300770114_01  -24.146704  -64.127561   613.032      -4.739    -3.720    -4.122    -4.386
2300770115_01  -24.263419  -64.059732   438.185      -5.421    -1.806    -5.084    -2.598
2300770121_01  -24.024848  -63.082209   242.118       0.395     0.958     0.246     1.005
2300770122_01  -23.921243  -63.189736   252.018       0.013     0.246    -0.023     0.245
2300770123_01  -24.176874  -62.953530   236.751       0.952    -1.989     1.239    -1.822
2300770125_01  -23.790122  -63.440437   263.811      -1.517     0.519    -1.576     0.285
2300770127_01  -23.881095  -63.364718   256.672      -1.883    -3.292    -1.366    -3.535
2300770128_01  -24.310697  -64.651347   631.634      -1.085    -3.313    -0.576    -3.435
2300770129_01  -23.845681  -63.154274   251.050       2.066     2.844     1.614     3.120
2300770130_01  -24.052778  -62.980427   243.007       1.038     1.955     0.732     2.087
2300770132_01  -25.072573  -64.532648   652.638      -3.897    -2.699    -3.447    -3.249
2300770133_01  -25.088909  -64.626544   725.604       0.401     3.468    -0.122     3.485
2300770136_01  -24.568304  -64.439963  1218.731       6.496    -0.101     6.424     0.873
2300770137_01  -24.680846  -63.496592   297.968      -4.050     0.514    -4.078    -0.098
2300770138_01  -23.918904  -63.073004   248.461      -0.219    -1.128    -0.046    -1.147
2300770140_01  -23.913022  -63.253391   253.705      -0.416    -0.687    -0.308    -0.741
2300770142_01  -23.915562  -63.341234   255.329      -0.959     0.295    -0.991     0.148
2300770143_01  -23.924604  -63.046772   247.884       0.459    -1.777     0.721    -1.687
2300770144_01  -24.327924  -64.710103   550.081       0.960    -4.248     1.584    -4.053
2300770146_01  -23.846465  -63.180494   256.998       0.652     3.073     0.182     3.134
2300770152_01  -25.135179  -64.606031   640.559       4.329    -2.601     4.663    -1.923
2300770153_01  -23.986623  -63.111087   248.614      -0.632     0.917    -0.762     0.811
2300770158_01  -24.008914  -63.271277   252.273       0.645     1.152     0.464     1.235
2300770159_01  -23.823455  -63.160433   252.590       2.088     1.116     1.895     1.416
2300770161_01  -23.863830  -63.160777   253.445       1.038    -0.128     1.045     0.029
2300770162_01  -24.186060  -62.897700   237.447       2.948    -3.090     3.377    -2.611
2300770166_01  -23.983550  -63.201919   249.819      -0.568     2.051    -0.869     1.941
2300770168_01  -24.929198  -63.823811   365.721       1.215     5.678     0.351     5.791
2300770170_01  -23.948383  -63.150857   251.059      -0.414     0.297    -0.454     0.232
2300770172_01  -25.032244  -64.727470  1345.121      -0.985    -1.161    -0.799    -1.293
2300770173_01  -24.189059  -62.929895   236.239       0.409    -2.284     0.747    -2.195
2300770174_01  -24.799535  -64.754496  1550.113       2.364     6.621     1.344     6.884
2300770175_01  -24.385924  -64.475158  1669.401      -0.704     2.640    -1.089     2.497
2300770176_01  -23.999315  -63.160060   249.358      -0.287     0.463    -0.353     0.414
2300770177_01  -24.607946  -64.458491  1259.450       3.156     2.140     2.794     2.583
2300770178_01  -24.242590  -64.636877   577.992      -2.009     3.191    -2.463     2.849
2300770179_01  -23.999375  -63.416666   253.251      -1.106     0.454    -1.160     0.283
2300770180_01  -24.254392  -64.181698   942.549       0.177     3.184    -0.302     3.169
2300770181_01  -23.978526  -63.051805   246.257      -0.547     0.338    -0.590     0.252
2300770182_01  -24.288712  -63.519886   279.535      -2.947    -3.023    -2.458    -3.428
2300770185_01  -23.870029  -63.189661   255.854       0.943    -0.398     0.992    -0.251
2300770186_01  -24.077432  -63.040039   242.911      -1.100     0.152    -1.109    -0.015
2300770187_01  -25.086974  -63.697837   341.922      -0.768     2.606    -1.148     2.460
2300770188_01  -25.207271  -63.568687   329.725      -3.021     0.639    -3.080     0.181
2300770189_01  -24.700761  -64.193880   485.342       6.770     2.176     6.362     3.163
2300770190_01  -24.514588  -64.503599  2073.168       1.214     4.964     0.454     5.073
2300770192_01  -23.822314  -63.208443   257.912       1.065     2.368     0.697     2.499
2300770193_01  -23.939142  -63.176790   252.318      -0.041     0.221    -0.074     0.212
2300770194_01  -23.817503  -63.325956   260.000      -0.214     0.528    -0.290     0.490
2300770196_01  -24.021835  -63.128523   245.886      -0.713     0.091    -0.717    -0.017
2300770197_01  -24.349502  -64.402290  2133.923       1.184    -4.711     1.870    -4.465
2300770198_01  -24.919493  -63.510021   315.417       5.454     1.501     5.164     2.298
2300770199_01  -24.016899  -63.186336   248.428       1.409     0.793     1.274     0.995
2300770200_01  -23.919677  -63.131959   251.963      -0.201    -1.386     0.010    -1.399
2300770201_01  -24.767114  -64.497429   686.107      -0.142     1.487    -0.363     1.447
2300770202_01  -23.808164  -63.248180   257.737       1.090     3.398     0.566     3.521
2300770203_01  -24.026619  -64.565999   545.296       1.397    -1.099     1.545    -0.876
2300770204_01  -23.948400  -63.317439   253.000      -0.769    -0.841    -0.633    -0.946
2300770205_01  -24.250835  -64.150934   545.965       0.203    -2.721     0.608    -2.657
2300770206_01  -23.959830  -63.048554   246.354       1.921    -0.256     1.937     0.035
2300770207_01  -24.550267  -64.713994   746.034      -3.500    -0.662    -3.357    -1.179
2300770208_01  -25.068107  -64.646194   756.030      -3.051    -4.405    -2.356    -4.807
2300770211_01  -24.061166  -62.935867   240.016       0.784     1.250     0.588     1.353
2300770212_01  -23.794444  -63.338266   260.107      -2.073     0.538    -2.129     0.220
2300770213_01  -23.899078  -63.137832   249.813       0.392     1.156     0.214     1.201
2300770214_01  -24.720244  -64.771471  1780.196       0.017    -2.608     0.406    -2.570
2300770215_01  -24.583911  -64.302682   584.665      -2.102    -4.821    -1.355    -5.077
2300770217_01  -24.647757  -64.431389   779.638      -0.164    -0.748    -0.050    -0.764
2300770218_01  -25.087227  -64.925422  1134.116       0.969    -0.660     1.054    -0.507
2300770219_01  -23.988071  -63.258846   250.279      -1.444     0.312    -1.473     0.091
2300770224_01  -24.081200  -63.097592   244.000       0.837     2.238     0.491     2.337
2300770225_01  -24.050580  -63.098159   245.842       0.752    -0.447     0.810    -0.329
2300770226_01  -24.220689  -63.330815   257.872      -0.371    -2.288    -0.023    -2.317
2300770228_01  -23.967906  -63.135841   247.009      -1.561     0.667    -1.642     0.424
2300770230_01  -24.028934  -63.009047   244.040      -1.565    -0.461    -1.476    -0.691
2300770234_01  -23.972568  -63.290958   254.711      -0.921     2.035    -1.215     1.872
2300770235_01  -23.833538  -63.418491   259.764      -0.709    -1.629    -0.455    -1.715
2300770236_01  -23.879993  -63.234762   256.002       0.392     0.196     0.358     0.252
2300770240_01  -23.900928  -63.182928   253.568       0.591    -0.025     0.588     0.064
2300770241_01  -23.828122  -63.083558   250.338      -0.894     0.460    -0.952     0.320
2300770242_01  -24.971145  -64.349524   553.894       1.079    -2.340     1.415    -2.151
2300770243_01  -23.877412  -63.123960   253.196       0.668     0.338     0.609     0.434
2300770246_01  -23.880157  -63.067384   250.974       1.415    -0.842     1.525    -0.619
2300770247_01  -24.096400  -63.041521   241.377       0.201     1.535    -0.032     1.547
2300770248_01  -24.556326  -64.417613   863.036      -2.881    -1.075    -2.684    -1.493
2300770249_01  -23.852395  -63.205840   256.126       0.894     1.615     0.641     1.730
