==============================================================================
==============================================================================
Fri. Aug. 1 2014                  LANDSAT 5                       Time: 17:52
                            Image Assessment System
                            GEOMETRIC VERIFY Report
==============================================================================
Order ID: 0101408017724_00902                          Path / Row - 228 / 79
Reference Image: L51CUB1089017130100_HDF.L1G

Color mapping per rank
----------------------
Rank  1 is Green: total residual <= 0.5
Rank  2 is Cyan: 0.5 < total residual <=  1
Rank  3 is Blue:  1 < total residual <=  2
Rank  4 is Yellow:  2 < total residual <=  3
Rank  5 is Red:  3 < total residual

Percentage of residuals by rank
-------------------------------
Rank   1 -- 92.0%
Rank   2 --  8.0%
Rank   3 --  0.0%
Rank   4 --  0.0%
Rank   5 --  0.0%

       GCP    Latitude    Longitude  Sample   Line     Total    Rank
        ID                           Residual Residual Residual
              (Degree)    (Degree)   (Pixel)  (Pixel)  (Pixel)
----------------------------------------------------------------------
2280790094  -26.53091    -62.07936    -0.67     -0.27     0.72     2 
2280790095  -26.53070    -62.04774    -0.31     -0.09     0.32     1 
2280790165  -26.55713    -62.20564    -0.47     -0.08     0.48     1 
2280790167  -26.55676    -62.14240    -0.39     -0.10     0.40     1 
2280790174  -26.55526    -61.92105    -0.24      0.00     0.24     1 
2280790252  -26.57997    -61.82593    -0.58     -0.16     0.60     2 
2280790315  -26.60805    -62.20529    -0.38     -0.30     0.49     1 
2280790316  -26.60787    -62.17366    -0.37     -0.01     0.37     1 
2280790317  -26.60768    -62.14202    -0.43     -0.15     0.46     1 
2280790319  -26.60729    -62.07875    -0.10     -0.20     0.22     1 
2280790324  -26.60617    -61.92057    -0.18     -0.05     0.19     1 
2280790325  -26.60593    -61.88894    -0.43     -0.05     0.43     1 
2280790334  -26.60342    -61.60425    -0.33     -0.10     0.34     1 
2280790391  -26.63333    -62.17347    -0.37     -0.19     0.41     1 
2280790393  -26.63295    -62.11019    -0.34     -0.01     0.34     1 
2280790394  -26.63274    -62.07854    -0.45     -0.16     0.48     1 
2280790395  -26.63254    -62.04690    -0.61     -0.27     0.67     2 
2280790397  -26.63210    -61.98362    -0.37     -0.55     0.66     2 
2280790398  -26.63187    -61.95197    -0.30     -0.23     0.38     1 
2280790409  -26.62888    -61.60394    -0.34      0.01     0.34     1 
2280790410  -26.62856    -61.57231    -0.52      0.16     0.54     2 
2280790415  -26.62689    -61.41414    -0.40     -0.18     0.44     1 
2280790416  -26.62653    -61.38250    -0.02      0.13     0.13     1 
2280790417  -26.62617    -61.35087     0.33     -0.05     0.34     1 
2280790464  -26.65914    -62.23659    -0.65     -0.21     0.69     2 
2280790471  -26.65778    -62.01504    -0.66     -0.18     0.69     2 
2280790473  -26.65733    -61.95174    -0.16      0.17     0.24     1 
2280790474  -26.65709    -61.92009    -0.58      0.03     0.58     2 
2280790476  -26.65659    -61.85680    -0.31     -0.24     0.39     1 
2280790479  -26.65580    -61.76186    -0.29     -0.11     0.31     1 
2280790483  -26.65464    -61.63528    -0.25     -0.13     0.28     1 
2280790484  -26.65433    -61.60363    -0.15     -0.03     0.16     1 
2280790487  -26.65337    -61.50871    -0.07     -0.13     0.15     1 
2280790493  -26.65125    -61.31887    -0.11      0.09     0.15     1 
2280790494  -26.65087    -61.28723    -0.32      0.09     0.33     1 
2280790495  -26.65048    -61.25559     0.12     -0.13     0.18     1 
2280790496  -26.65009    -61.22395    -0.09      0.22     0.24     1 
2280790497  -26.64970    -61.19232     0.02      0.08     0.08     1 
2280790542  -26.68406    -62.14145    -0.51     -0.44     0.67     2 
2280790543  -26.68386    -62.10979    -0.62     -0.07     0.62     2 
2280790544  -26.68366    -62.07813    -0.45     -0.29     0.54     2 
2280790550  -26.68230    -61.88820    -0.49      0.08     0.50     2 
2280790551  -26.68205    -61.85654    -0.51     -0.42     0.66     2 
2280790552  -26.68179    -61.82489    -0.66      0.23     0.70     2 
2280790553  -26.68153    -61.79324    -0.30      0.08     0.31     1 
2280790555  -26.68097    -61.72993    -0.27     -0.22     0.34     1 
2280790557  -26.68039    -61.66663    -0.23     -0.14     0.27     1 
2280790558  -26.68009    -61.63498    -0.04     -0.16     0.17     1 
2280790559  -26.67979    -61.60332    -0.21     -0.10     0.23     1 
2280790561  -26.67915    -61.54002    -0.24      0.04     0.25     1 
2280790563  -26.67848    -61.47673    -0.24      0.22     0.33     1 
2280790564  -26.67814    -61.44508    -0.56      0.12     0.58     2 
2280790566  -26.67743    -61.38178    -0.13      0.04     0.14     1 
2280790567  -26.67707    -61.35014    -0.13      0.04     0.14     1 
2280790569  -26.67632    -61.28685    -0.17     -0.48     0.51     2 
2280790574  -26.67432    -61.12863    -0.09      0.00     0.09     1 
2280790576  -26.67348    -61.06535     0.12      0.14     0.19     1 
2280790614  -26.71006    -62.23625    -0.14     -0.22     0.26     1 
2280790615  -26.70989    -62.20459    -0.37     -0.24     0.45     1 
2280790621  -26.70869    -62.01460    -0.22     -0.45     0.50     1 
2280790623  -26.70824    -61.95128    -0.42     -0.14     0.44     1 
2280790627  -26.70725    -61.82463    -0.53      0.04     0.54     2 
2280790628  -26.70698    -61.79297    -0.58     -0.04     0.58     2 
2280790633  -26.70555    -61.63467    -0.42      0.10     0.43     1 
2280790635  -26.70492    -61.57136    -0.25      0.02     0.25     1 
2280790638  -26.70394    -61.47639    -0.18      0.11     0.21     1 
2280790639  -26.70359    -61.44473    -0.29     -0.16     0.33     1 
2280790640  -26.70324    -61.41308    -0.13      0.07     0.15     1 
2280790641  -26.70289    -61.38143    -0.11      0.03     0.12     1 
2280790642  -26.70252    -61.34977    -0.08     -0.01     0.08     1 
2280790645  -26.70138    -61.25482     0.00      0.07     0.07     1 
2280790648  -26.70019    -61.15986    -0.02     -0.02     0.03     1 
2280790650  -26.69935    -61.09657     0.05     -0.18     0.19     1 
2280790651  -26.69892    -61.06492    -0.01      0.09     0.09     1 
2280790653  -26.69805    -61.00163    -0.40      0.34     0.53     2 
2280790654  -26.69760    -60.96998     0.02     -0.23     0.23     1 
2280790655  -26.69714    -60.93834    -0.12     -0.21     0.24     1 
2280790689  -26.73552    -62.23608    -0.45     -0.35     0.57     2 
2280790690  -26.73534    -62.20441    -0.27     -0.46     0.53     2 
2280790693  -26.73478    -62.10939     0.00     -0.57     0.57     2 
2280790696  -26.73415    -62.01438    -0.36     -0.56     0.67     2 
2280790702  -26.73270    -61.82437    -0.62     -0.26     0.67     2 
2280790705  -26.73188    -61.72937    -0.34     -0.14     0.37     1 
2280790710  -26.73038    -61.57104    -0.28      0.08     0.29     1 
2280790713  -26.72939    -61.47605    -0.30      0.00     0.30     1 
2280790715  -26.72869    -61.41273    -0.31     -0.06     0.32     1 
2280790716  -26.72834    -61.38106    -0.39     -0.09     0.40     1 
2280790717  -26.72797    -61.34940    -0.20      0.01     0.20     1 
2280790731  -26.72212    -60.90623    -0.10      0.06     0.11     1 
2280790734  -26.72069    -60.81128    -0.06      0.02     0.07     1 
2280790735  -26.72020    -60.77963    -0.17     -0.12     0.21     1 
2280790737  -26.71919    -60.71634     0.17      0.21     0.28     1 
2280790738  -26.71868    -60.68469     0.53      0.08     0.54     2 
2280790764  -26.76098    -62.23591    -0.61     -0.27     0.67     2 
2280790766  -26.76062    -62.17255    -0.46     -0.11     0.48     1 
2280790778  -26.75789    -61.79243    -0.57      0.04     0.57     2 
2280790783  -26.75646    -61.63406    -0.52     -0.16     0.55     2 
2280790784  -26.75615    -61.60239    -0.34     -0.39     0.52     2 
2280790791  -26.75379    -61.38070     0.12     -0.07     0.14     1 
2280790792  -26.75342    -61.34904     0.03      0.01     0.03     1 
2280790795  -26.75229    -61.25404     0.22     -0.14     0.26     1 
2280790797  -26.75149    -61.19071    -0.33      0.09     0.34     1 
2280790800  -26.75025    -61.09572     0.02     -0.22     0.22     1 
2280790803  -26.74894    -61.00074    -0.04     -0.43     0.43     1 
2280790805  -26.74803    -60.93742     0.02      0.03     0.04     1 
2280790806  -26.74757    -60.90576     0.03      0.01     0.04     1 
2280790807  -26.74710    -60.87410     0.24      0.17     0.30     1 
2280790808  -26.74662    -60.84245     0.10      0.09     0.13     1 
2280790809  -26.74613    -60.81079    -0.16      0.04     0.16     1 
2280790812  -26.74463    -60.71583    -0.16     -0.17     0.23     1 
2280790813  -26.74412    -60.68418    -0.07     -0.37     0.38     1 
2280790814  -26.74360    -60.65253     0.05      0.11     0.12     1 
2280790815  -26.74307    -60.62088    -0.01      0.10     0.10     1 
2280790816  -26.74254    -60.58923     0.18     -0.34     0.38     1 
2280790839  -26.78644    -62.23574     0.27     -0.36     0.45     1 
2280790842  -26.78589    -62.14068    -0.43     -0.21     0.48     1 
2280790843  -26.78570    -62.10900    -0.50     -0.11     0.51     2 
2280790845  -26.78529    -62.04563    -0.51     -0.35     0.62     2 
2280790847  -26.78484    -61.98226    -0.41     -0.31     0.52     2 
2280790849  -26.78437    -61.91889    -0.29     -0.33     0.44     1 
2280790852  -26.78362    -61.82384    -0.40     -0.00     0.40     1 
2280790853  -26.78335    -61.79216    -0.44     -0.20     0.48     1 
2280790855  -26.78280    -61.72880     0.03     -0.06     0.06     1 
2280790856  -26.78251    -61.69712    -0.31     -0.11     0.33     1 
2280790859  -26.78160    -61.60208    -0.15     -0.02     0.15     1 
2280790861  -26.78096    -61.53872    -0.31     -0.10     0.32     1 
2280790864  -26.77995    -61.44369     0.08     -0.21     0.23     1 
2280790867  -26.77887    -61.34867    -0.00     -0.13     0.13     1 
2280790869  -26.77812    -61.28532    -0.04      0.12     0.12     1 
2280790871  -26.77734    -61.22198    -0.03     -0.33     0.33     1 
2280790874  -26.77612    -61.12696     0.00     -0.15     0.15     1 
2280790876  -26.77526    -61.06363     0.03     -0.10     0.11     1 
2280790877  -26.77483    -61.03196    -0.09     -0.08     0.12     1 
2280790878  -26.77438    -61.00029     0.07     -0.06     0.09     1 
2280790882  -26.77254    -60.87363     0.01      0.21     0.21     1 
2280790884  -26.77157    -60.81030     0.42      0.11     0.43     1 
2280790886  -26.77058    -60.74698     0.10      0.01     0.10     1 
2280790887  -26.77007    -60.71532     0.02     -0.03     0.04     1 
2280790888  -26.76956    -60.68366     0.08      0.03     0.09     1 
2280790889  -26.76904    -60.65200    -0.03      0.10     0.11     1 
2280790890  -26.76851    -60.62035     0.08      0.02     0.08     1 
2280790891  -26.76797    -60.58869    -0.21      0.26     0.34     1 
2280790893  -26.76688    -60.52538    -0.27     -0.50     0.57     2 
2280790894  -26.76633    -60.49372     0.10     -0.05     0.11     1 
2280790896  -26.76519    -60.43042    -0.04      0.14     0.14     1 
2280790897  -26.76461    -60.39877    -0.39      0.22     0.44     1 
2280790916  -26.81154    -62.17218    -0.50     -0.44     0.67     2 
2280790918  -26.81116    -62.10880    -0.46     -0.35     0.57     2 
2280790921  -26.81052    -62.01372    -0.39     -0.27     0.47     1 
2280790922  -26.81030    -61.98203    -0.26     -0.18     0.31     1 
2280790924  -26.80983    -61.91865    -0.30     -0.12     0.32     1 
2280790927  -26.80907    -61.82358    -0.71     -0.07     0.71     2 
2280790928  -26.80881    -61.79189    -0.32      0.12     0.34     1 
2280790929  -26.80853    -61.76020    -0.20     -0.02     0.20     1 
2280790931  -26.80796    -61.69683    -0.35     -0.13     0.37     1 
2280790932  -26.80767    -61.66514    -0.52     -0.07     0.52     2 
2280790935  -26.80674    -61.57008    -0.29     -0.30     0.41     1 
2280790936  -26.80642    -61.53840    -0.33      0.13     0.36     1 
2280790937  -26.80608    -61.50671    -0.17      0.24     0.29     1 
2280790938  -26.80575    -61.47503    -0.12      0.39     0.40     1 
2280790939  -26.80540    -61.44335    -0.17      0.01     0.17     1 
2280790940  -26.80505    -61.41166    -0.11      0.04     0.11     1 
2280790941  -26.80469    -61.37998    -0.53      0.03     0.53     2 
2280790946  -26.80279    -61.22158    -0.12      0.00     0.12     1 
2280790950  -26.80114    -61.09487     0.12      0.12     0.17     1 
2280790958  -26.79750    -60.84149     0.12     -0.01     0.12     1 
2280790959  -26.79702    -60.80982     0.12      0.13     0.18     1 
2280790960  -26.79652    -60.77815    -0.10      0.22     0.24     1 
2280790961  -26.79602    -60.74648     0.01      0.01     0.01     1 
2280790962  -26.79552    -60.71481    -0.05      0.08     0.09     1 
2280790963  -26.79500    -60.68315     0.45      0.01     0.45     1 
2280790964  -26.79448    -60.65148     0.12      0.06     0.13     1 
2280790965  -26.79395    -60.61982     0.01      0.03     0.03     1 
2280790966  -26.79341    -60.58815     0.03      0.05     0.06     1 
2280790967  -26.79287    -60.55649     0.24      0.21     0.32     1 
2280790968  -26.79232    -60.52483     0.13      0.13     0.19     1 
2280790969  -26.79176    -60.49317     0.01      0.17     0.17     1 
2280790970  -26.79120    -60.46151     0.06      0.11     0.13     1 
2280790971  -26.79063    -60.42985     0.14      0.02     0.14     1 
2280790991  -26.83700    -62.17200    -0.42     -0.24     0.48     1 
2280790994  -26.83641    -62.07690    -0.19     -0.38     0.43     1 
2280790995  -26.83620    -62.04520    -0.48     -0.30     0.57     2 
2280790996  -26.83598    -62.01350    -0.36     -0.39     0.53     2 
2280790998  -26.83553    -61.95011    -0.42     -0.43     0.60     2 
2280790999  -26.83529    -61.91841    -0.37     -0.46     0.59     2 
2280791001  -26.83479    -61.85502    -0.02     -0.09     0.09     1 
2280791002  -26.83453    -61.82332    -0.57     -0.20     0.61     2 
2280791005  -26.83371    -61.72823    -0.28     -0.25     0.38     1 
2280791008  -26.83282    -61.63315    -0.33     -0.06     0.34     1 
2280791009  -26.83251    -61.60146    -0.25     -0.30     0.39     1 
2280791010  -26.83219    -61.56976    -0.21      0.02     0.21     1 
2280791014  -26.83085    -61.44300    -0.27     -0.13     0.30     1 
2280791015  -26.83050    -61.41131    -0.01     -0.04     0.04     1 
2280791017  -26.82978    -61.34793    -0.07     -0.02     0.07     1 
2280791019  -26.82902    -61.28456    -0.20     -0.02     0.21     1 
2280791020  -26.82863    -61.25287    -0.16      0.01     0.16     1 
2280791025  -26.82659    -61.09445    -0.04     -0.18     0.19     1 
2280791027  -26.82572    -61.03108     0.09     -0.09     0.13     1 
2280791033  -26.82295    -60.84100     0.15      0.04     0.16     1 
2280791034  -26.82246    -60.80933     0.54     -0.06     0.55     2 
2280791035  -26.82197    -60.77765    -0.03     -0.25     0.25     1 
2280791036  -26.82146    -60.74598    -0.20      0.18     0.27     1 
2280791037  -26.82096    -60.71430     0.02     -0.20     0.20     1 
2280791038  -26.82044    -60.68263     0.05     -0.30     0.30     1 
2280791039  -26.81992    -60.65096     0.18     -0.01     0.18     1 
2280791040  -26.81939    -60.61928    -0.03     -0.03     0.04     1 
2280791041  -26.81885    -60.58761     0.16      0.00     0.16     1 
2280791042  -26.81831    -60.55594     0.13      0.28     0.31     1 
2280791043  -26.81776    -60.52428    -0.29     -0.02     0.29     1 
2280791044  -26.81720    -60.49261     0.07      0.01     0.07     1 
2280791046  -26.81606    -60.42927    -0.00      0.12     0.12     1 
2280791066  -26.86246    -62.17182    -0.33     -0.33     0.46     1 
2280791072  -26.86122    -61.98158    -0.42     -0.38     0.57     2 
2280791073  -26.86098    -61.94987    -0.40     -0.22     0.45     1 
2280791079  -26.85944    -61.75965    -0.39     -0.16     0.42     1 
2280791082  -26.85858    -61.66454    -0.32     -0.29     0.43     1 
2280791086  -26.85732    -61.53775    -0.23     -0.24     0.33     1 
2280791087  -26.85699    -61.50605    -0.11      0.05     0.12     1 
2280791088  -26.85665    -61.47435    -0.13     -0.02     0.13     1 
2280791090  -26.85595    -61.41095    -0.03     -0.30     0.30     1 
2280791091  -26.85559    -61.37926    -0.20     -0.05     0.21     1 
2280791092  -26.85523    -61.34756    -0.05      0.02     0.06     1 
2280791093  -26.85485    -61.31587    -0.09     -0.08     0.12     1 
2280791094  -26.85447    -61.28417    -0.07     -0.19     0.20     1 
2280791095  -26.85408    -61.25248    -0.40     -0.04     0.40     1 
2280791096  -26.85369    -61.22078    -0.13     -0.05     0.14     1 
2280791097  -26.85328    -61.18909     0.02      0.02     0.03     1 
2280791098  -26.85288    -61.15740    -0.16      0.04     0.17     1 
2280791100  -26.85204    -61.09402     0.08     -0.06     0.10     1 
2280791101  -26.85160    -61.06233    -0.04     -0.21     0.21     1 
2280791103  -26.85072    -60.99895    -0.03     -0.07     0.07     1 
2280791105  -26.84981    -60.93558     0.07     -0.16     0.17     1 
2280791109  -26.84790    -60.80884    -0.12      0.17     0.20     1 
2280791110  -26.84741    -60.77715    -0.59     -0.02     0.59     2 
2280791111  -26.84691    -60.74547    -0.06      0.23     0.24     1 
2280791112  -26.84640    -60.71379    -0.06      0.14     0.15     1 
2280791113  -26.84588    -60.68211     0.01     -0.05     0.05     1 
2280791114  -26.84536    -60.65043     0.04      0.04     0.06     1 
2280791115  -26.84483    -60.61875    -0.09     -0.30     0.31     1 
2280791116  -26.84429    -60.58707     0.11     -0.01     0.11     1 
2280791117  -26.84375    -60.55540     0.03      0.24     0.24     1 
2280791118  -26.84320    -60.52372    -0.03     -0.07     0.08     1 
2280791119  -26.84264    -60.49205     0.07     -0.16     0.18     1 
2280791120  -26.84207    -60.46037    -0.13     -0.25     0.28     1 
2280791139  -26.88827    -62.23506    -0.52     -0.25     0.58     2 
2280791145  -26.88712    -62.04477    -0.48     -0.49     0.68     2 
2280791146  -26.88690    -62.01306    -0.50      0.11     0.51     2 
2280791147  -26.88667    -61.98135    -0.07     -0.06     0.09     1 
2280791156  -26.88433    -61.69595    -0.24      0.04     0.24     1 
2280791158  -26.88373    -61.63254     0.04     -0.01     0.04     1 
2280791159  -26.88342    -61.60083    -0.31     -0.23     0.39     1 
2280791161  -26.88277    -61.53742    -0.18     -0.22     0.29     1 
2280791163  -26.88210    -61.47401    -0.23     -0.08     0.25     1 
2280791164  -26.88176    -61.44230    -0.03     -0.03     0.04     1 
2280791166  -26.88104    -61.37889    -0.10     -0.14     0.17     1 
2280791167  -26.88068    -61.34719    -0.11     -0.13     0.17     1 
2280791168  -26.88030    -61.31549    -0.08     -0.06     0.10     1 
2280791169  -26.87992    -61.28379    -0.07     -0.04     0.08     1 
2280791170  -26.87953    -61.25209    -0.09     -0.05     0.10     1 
2280791171  -26.87914    -61.22039    -0.11     -0.15     0.19     1 
2280791173  -26.87832    -61.15699    -0.33     -0.11     0.35     1 
2280791176  -26.87705    -61.06189    -0.18     -0.10     0.20     1 
2280791178  -26.87617    -60.99850    -0.13      0.08     0.15     1 
2280791180  -26.87525    -60.93512    -0.03     -0.13     0.13     1 
2280791181  -26.87479    -60.90342     0.16      0.02     0.16     1 
2280791183  -26.87383    -60.84004    -0.09     -0.25     0.26     1 
2280791186  -26.87235    -60.74497    -0.20     -0.08     0.22     1 
2280791188  -26.87132    -60.68159    -0.05     -0.07     0.08     1 
2280791190  -26.87027    -60.61822     0.14     -0.20     0.24     1 
2280791191  -26.86973    -60.58653    -0.26     -0.04     0.26     1 
2280791192  -26.86919    -60.55485     0.29      0.13     0.32     1 
2280791193  -26.86863    -60.52317    -0.31     -0.03     0.32     1 
2280791194  -26.86807    -60.49148     0.19      0.29     0.35     1 
2280791196  -26.86694    -60.42812     0.09     -0.13     0.16     1 
2280791216  -26.91337    -62.17144    -0.21     -0.25     0.33     1 
2280791217  -26.91318    -62.13972    -0.41     -0.14     0.43     1 
2280791218  -26.91299    -62.10800    -0.28     -0.32     0.42     1 
2280791220  -26.91257    -62.04456    -0.16     -0.09     0.18     1 
2280791223  -26.91190    -61.94940    -0.47     -0.22     0.52     2 
2280791224  -26.91166    -61.91768    -0.10     -0.40     0.41     1 
2280791226  -26.91116    -61.85424    -0.53     -0.48     0.72     2 
2280791229  -26.91035    -61.75909    -0.27     -0.33     0.43     1 
2280791231  -26.90978    -61.69566    -0.13     -0.33     0.35     1 
2280791232  -26.90948    -61.66395    -0.33     -0.33     0.47     1 
2280791234  -26.90887    -61.60052    -0.32     -0.06     0.33     1 
2280791236  -26.90823    -61.53709    -0.19     -0.30     0.35     1 
2280791237  -26.90789    -61.50538    -0.09     -0.29     0.30     1 
2280791238  -26.90755    -61.47366    -0.23     -0.11     0.25     1 
2280791239  -26.90721    -61.44195    -0.24     -0.07     0.25     1 
2280791240  -26.90686    -61.41024    -0.24     -0.09     0.25     1 
2280791241  -26.90649    -61.37853    -0.18      0.17     0.25     1 
2280791242  -26.90613    -61.34682    -0.10     -0.15     0.18     1 
2280791243  -26.90575    -61.31511    -0.02     -0.15     0.15     1 
2280791244  -26.90537    -61.28340    -0.09     -0.02     0.09     1 
2280791245  -26.90498    -61.25169    -0.02     -0.03     0.04     1 
2280791246  -26.90459    -61.21999     0.02      0.02     0.03     1 
2280791247  -26.90418    -61.18828     0.01     -0.22     0.22     1 
2280791249  -26.90335    -61.12487    -0.50     -0.03     0.50     1 
2280791250  -26.90293    -61.09316    -0.12     -0.04     0.12     1 
2280791253  -26.90161    -60.99806     0.01     -0.12     0.12     1 
2280791255  -26.90070    -60.93465    -0.11     -0.01     0.11     1 
2280791256  -26.90023    -60.90295     0.21     -0.42     0.48     1 
2280791258  -26.89928    -60.83955    -0.07     -0.12     0.14     1 
2280791262  -26.89728    -60.71277     0.14      0.15     0.21     1 
2280791267  -26.89462    -60.55430     0.25     -0.27     0.37     1 
2280791269  -26.89351    -60.49092     0.16     -0.14     0.21     1 
2280791270  -26.89294    -60.45923     0.01      0.01     0.02     1 
2280791294  -26.93824    -62.07607    -0.33     -0.15     0.36     1 
2280791295  -26.93803    -62.04434    -0.30     -0.28     0.41     1 
2280791299  -26.93711    -61.91744    -0.30      0.04     0.30     1 
2280791304  -26.93581    -61.75881    -0.40     -0.14     0.42     1 
2280791306  -26.93523    -61.69537    -0.45     -0.27     0.52     2 
2280791308  -26.93463    -61.63192    -0.17     -0.02     0.17     1 
2280791311  -26.93368    -61.53676    -0.18     -0.10     0.21     1 
2280791312  -26.93335    -61.50504    -0.30     -0.09     0.32     1 
2280791313  -26.93301    -61.47332    -0.23     -0.06     0.24     1 
2280791314  -26.93266    -61.44160    -0.24      0.01     0.24     1 
2280791315  -26.93231    -61.40989    -0.20     -0.35     0.41     1 
2280791316  -26.93194    -61.37817    -0.05     -0.12     0.13     1 
2280791317  -26.93158    -61.34645    -0.27     -0.42     0.50     2 
2280791318  -26.93120    -61.31473     0.04     -0.20     0.20     1 
2280791319  -26.93082    -61.28302    -0.11      0.02     0.11     1 
2280791320  -26.93043    -61.25130    -0.03     -0.18     0.18     1 
2280791321  -26.93003    -61.21959    -0.05     -0.14     0.15     1 
2280791324  -26.92880    -61.12445    -0.09     -0.26     0.28     1 
2280791325  -26.92838    -61.09274    -0.03     -0.08     0.08     1 
2280791327  -26.92750    -61.02931     0.03     -0.13     0.13     1 
2280791328  -26.92706    -60.99761    -0.29     -0.05     0.29     1 
2280791329  -26.92660    -60.96590     0.10      0.03     0.11     1 
2280791331  -26.92568    -60.90248     0.05      0.06     0.08     1 
2280791332  -26.92520    -60.87078    -0.02      0.10     0.10     1 
2280791335  -26.92373    -60.77566     0.15      0.26     0.30     1 
2280791339  -26.92168    -60.64885    -0.04      0.10     0.11     1 
2280791341  -26.92061    -60.58545    -0.21     -0.45     0.49     1 
2280791342  -26.92006    -60.55375     0.38      0.21     0.43     1 
2280791343  -26.91951    -60.52206    -0.63      0.04     0.63     2 
2280791344  -26.91895    -60.49036    -0.02     -0.15     0.15     1 
2280791346  -26.91781    -60.42697    -0.00     -0.10     0.10     1 
2280791367  -26.96410    -62.13934    -0.30     -0.17     0.35     1 
2280791368  -26.96390    -62.10760    -0.48     -0.36     0.60     2 
2280791370  -26.96349    -62.04413    -0.03     -0.43     0.43     1 
2280791376  -26.96207    -61.85373    -0.24     -0.18     0.30     1 
2280791379  -26.96126    -61.75854     0.38     -0.15     0.41     1 
2280791381  -26.96069    -61.69508    -0.21     -0.17     0.27     1 
2280791382  -26.96039    -61.66334    -0.37     -0.06     0.37     1 
2280791384  -26.95978    -61.59989    -0.44     -0.37     0.57     2 
2280791386  -26.95913    -61.53643    -0.31     -0.17     0.36     1 
2280791388  -26.95846    -61.47298    -0.07     -0.11     0.13     1 
2280791389  -26.95811    -61.44125    -0.03     -0.10     0.11     1 
2280791390  -26.95776    -61.40953    -0.15     -0.22     0.27     1 
2280791391  -26.95740    -61.37780    -0.21     -0.12     0.24     1 
2280791392  -26.95703    -61.34608    -0.12     -0.06     0.14     1 
2280791393  -26.95665    -61.31435    -0.13     -0.19     0.22     1 
2280791394  -26.95627    -61.28263     0.01     -0.18     0.18     1 
2280791395  -26.95588    -61.25091    -0.19      0.18     0.27     1 
2280791396  -26.95548    -61.21919    -0.19     -0.09     0.21     1 
2280791398  -26.95467    -61.15575     0.31     -0.20     0.37     1 
2280791399  -26.95425    -61.12403     0.29      0.03     0.29     1 
2280791400  -26.95382    -61.09231    -0.15     -0.22     0.27     1 
2280791401  -26.95339    -61.06059    -0.01     -0.22     0.22     1 
2280791406  -26.95112    -60.90201     0.03      0.14     0.14     1 
2280791408  -26.95016    -60.83858     0.01      0.07     0.07     1 
2280791409  -26.94967    -60.80687    -0.13     -0.04     0.13     1 
2280791410  -26.94918    -60.77516    -0.02     -0.10     0.10     1 
2280791411  -26.94867    -60.74345     0.02     -0.03     0.04     1 
2280791416  -26.94605    -60.58491     0.21     -0.37     0.43     1 
2280791419  -26.94438    -60.48980    -0.11      0.24     0.26     1 
2280791420  -26.94382    -60.45809    -0.03      0.01     0.03     1 
2280791439  -26.99011    -62.23437    -0.36     -0.18     0.40     1 
2280791440  -26.98993    -62.20263    -0.12     -0.24     0.27     1 
2280791445  -26.98895    -62.04391     0.02     -0.08     0.08     1 
2280791447  -26.98850    -61.98043    -0.35     -0.23     0.42     1 
2280791451  -26.98752    -61.85347    -0.36     -0.32     0.48     1 
2280791452  -26.98726    -61.82173    -0.38     -0.11     0.40     1 
2280791455  -26.98643    -61.72652    -0.33     -0.20     0.39     1 
2280791456  -26.98614    -61.69478    -0.19     -0.12     0.22     1 
2280791459  -26.98523    -61.59957    -0.21     -0.16     0.27     1 
2280791461  -26.98458    -61.53610    -0.10     -0.06     0.12     1 
2280791462  -26.98425    -61.50437    -0.08     -0.21     0.22     1 
2280791463  -26.98391    -61.47263    -0.32     -0.16     0.36     1 
2280791464  -26.98356    -61.44090    -0.06     -0.20     0.21     1 
2280791467  -26.98248    -61.34571    -0.40     -0.26     0.47     1 
2280791468  -26.98210    -61.31398    -0.05     -0.01     0.05     1 
2280791469  -26.98172    -61.28225    -0.10     -0.09     0.14     1 
2280791470  -26.98133    -61.25052    -0.20     -0.37     0.43     1 
2280791471  -26.98093    -61.21879    -0.21     -0.18     0.28     1 
2280791472  -26.98053    -61.18706    -0.30     -0.39     0.49     1 
2280791474  -26.97969    -61.12360    -0.17      0.04     0.18     1 
2280791475  -26.97927    -61.09188     0.05     -0.02     0.06     1 
2280791477  -26.97840    -61.02843    -0.09     -0.11     0.14     1 
2280791478  -26.97795    -60.99671    -0.41      0.07     0.42     1 
2280791479  -26.97749    -60.96498    -0.12     -0.12     0.17     1 
2280791480  -26.97703    -60.93326    -0.02      0.04     0.05     1 
2280791481  -26.97656    -60.90154    -0.01     -0.09     0.09     1 
2280791484  -26.97511    -60.80638    -0.16      0.07     0.17     1 
2280791485  -26.97462    -60.77466    -0.09      0.25     0.26     1 
2280791487  -26.97360    -60.71123     0.17      0.08     0.19     1 
2280791489  -26.97256    -60.64780    -0.12     -0.04     0.13     1 
2280791491  -26.97148    -60.58437     0.08     -0.17     0.18     1 
2280791493  -26.97038    -60.52094    -0.21      0.08     0.22     1 
2280791495  -26.96925    -60.45752     0.08     -0.16     0.18     1 
2280791512  -27.01590    -62.29770    -0.56     -0.36     0.67     2 
2280791513  -27.01574    -62.26595    -0.45     -0.04     0.45     1 
2280791514  -27.01557    -62.23420    -0.44     -0.14     0.47     1 
2280791515  -27.01539    -62.20245    -0.57     -0.42     0.71     2 
2280791516  -27.01521    -62.17070    -0.57     -0.20     0.60     2 
2280791522  -27.01396    -61.98020    -0.31     -0.16     0.35     1 
2280791525  -27.01323    -61.88496     0.03     -0.26     0.27     1 
2280791528  -27.01245    -61.78972    -0.31     -0.30     0.43     1 
2280791530  -27.01189    -61.72623    -0.46     -0.32     0.56     2 
2280791531  -27.01160    -61.69449    -0.40     -0.24     0.47     1 
2280791532  -27.01130    -61.66274     0.02     -0.16     0.16     1 
2280791535  -27.01036    -61.56752    -0.11      0.11     0.15     1 
2280791536  -27.01004    -61.53577    -0.24      0.08     0.26     1 
2280791538  -27.00936    -61.47229    -0.30     -0.10     0.31     1 
2280791543  -27.00755    -61.31360    -0.22     -0.24     0.33     1 
2280791544  -27.00717    -61.28186    -0.12     -0.17     0.21     1 
2280791545  -27.00678    -61.25012    -0.37     -0.49     0.61     2 
2280791546  -27.00638    -61.21839    -0.20     -0.21     0.29     1 
2280791547  -27.00597    -61.18665     0.06     -0.27     0.28     1 
2280791548  -27.00556    -61.15492    -0.23     -0.10     0.25     1 
2280791549  -27.00514    -61.12318     0.01      0.08     0.08     1 
2280791550  -27.00472    -61.09145     0.16     -0.32     0.36     1 
2280791552  -27.00384    -61.02799    -0.04     -0.02     0.04     1 
2280791553  -27.00339    -60.99625    -0.02      0.01     0.02     1 
2280791554  -27.00294    -60.96452    -0.19     -0.22     0.29     1 
2280791555  -27.00248    -60.93279     0.13      0.10     0.16     1 
2280791557  -27.00153    -60.86934    -0.22     -0.12     0.25     1 
2280791558  -27.00105    -60.83761    -0.08     -0.11     0.14     1 
2280791559  -27.00056    -60.80589    -0.13     -0.18     0.22     1 
2280791560  -27.00006    -60.77416    -0.14     -0.17     0.21     1 
2280791562  -26.99904    -60.71071     0.13     -0.40     0.42     1 
2280791565  -26.99746    -60.61554    -0.12      0.20     0.24     1 
2280791566  -26.99692    -60.58382    -0.18     -0.03     0.18     1 
2280791567  -26.99637    -60.55210    -0.09     -0.18     0.20     1 
2280791568  -26.99582    -60.52038    -0.06      0.01     0.06     1 
2280791569  -26.99526    -60.48867    -0.04     -0.16     0.17     1 
2280791570  -26.99469    -60.45695    -0.02     -0.08     0.08     1 
2280791587  -27.04136    -62.29754    -0.40     -0.29     0.49     1 
2280791590  -27.04085    -62.20227    -0.46     -0.23     0.52     2 
2280791591  -27.04067    -62.17051    -0.54     -0.30     0.62     2 
2280791603  -27.03790    -61.78945    -0.33     -0.13     0.36     1 
2280791605  -27.03734    -61.72595    -0.39     -0.23     0.46     1 
2280791606  -27.03705    -61.69419    -0.11     -0.35     0.36     1 
2280791607  -27.03675    -61.66244    -0.07     -0.11     0.13     1 
2280791609  -27.03614    -61.59894    -0.27     -0.21     0.34     1 
2280791617  -27.03338    -61.34496    -0.12     -0.03     0.13     1 
2280791618  -27.03300    -61.31322    -0.22      0.01     0.22     1 
2280791619  -27.03262    -61.28147    -0.06      0.09     0.11     1 
2280791620  -27.03223    -61.24973    -0.09     -0.05     0.10     1 
2280791621  -27.03183    -61.21798     0.02     -0.03     0.03     1 
2280791623  -27.03101    -61.15450    -0.08     -0.21     0.22     1 
2280791624  -27.03059    -61.12276    -0.11     -0.25     0.28     1 
2280791625  -27.03016    -61.09102    -0.30     -0.08     0.32     1 
2280791628  -27.02884    -60.99580    -0.04     -0.04     0.06     1 
2280791629  -27.02838    -60.96407     0.09     -0.11     0.15     1 
2280791630  -27.02792    -60.93233    -0.18     -0.02     0.18     1 
2280791632  -27.02697    -60.86886     0.17     -0.20     0.26     1 
2280791634  -27.02600    -60.80539    -0.13     -0.04     0.14     1 
2280791635  -27.02550    -60.77366     0.07     -0.19     0.20     1 
2280791636  -27.02499    -60.74193    -0.08     -0.21     0.23     1 
2280791637  -27.02448    -60.71019    -0.23     -0.10     0.25     1 
2280791639  -27.02343    -60.64673    -0.36     -0.57     0.67     2 
2280791640  -27.02290    -60.61501     0.04     -0.20     0.21     1 
2280791642  -27.02181    -60.55155    -0.03      0.10     0.10     1 
2280791643  -27.02125    -60.51983    -0.00     -0.02     0.02     1 
2280791645  -27.02012    -60.45638    -0.02     -0.11     0.12     1 
2280791664  -27.06648    -62.23385    -0.62     -0.18     0.64     2 
2280791666  -27.06612    -62.17032    -0.31     -0.20     0.36     1 
2280791669  -27.06553    -62.07503    -0.25      0.50     0.56     2 
2280791677  -27.06363    -61.82094    -0.39     -0.24     0.46     1 
2280791678  -27.06336    -61.78918    -0.29     -0.21     0.35     1 
2280791679  -27.06308    -61.75742    -0.25     -0.37     0.45     1 
2280791680  -27.06280    -61.72566    -0.38     -0.21     0.44     1 
2280791687  -27.06061    -61.50336    -0.03      0.29     0.29     1 
2280791688  -27.06027    -61.47160    -0.21      0.08     0.22     1 
2280791690  -27.05956    -61.40809    -0.32     -0.30     0.43     1 
2280791691  -27.05920    -61.37634     0.01     -0.16     0.16     1 
2280791692  -27.05883    -61.34459    -0.24     -0.11     0.26     1 
2280791693  -27.05845    -61.31283    -0.45     -0.26     0.52     2 
2280791695  -27.05767    -61.24933     0.04     -0.23     0.24     1 
2280791696  -27.05728    -61.21758     0.16      0.01     0.16     1 
2280791697  -27.05687    -61.18583     0.07      0.00     0.07     1 
2280791698  -27.05646    -61.15409    -0.34     -0.43     0.55     2 
2280791701  -27.05517    -61.05884    -0.21     -0.17     0.27     1 
2280791702  -27.05473    -61.02710    -0.30     -0.03     0.30     1 
2280791703  -27.05428    -60.99535    -0.09     -0.03     0.10     1 
2280791704  -27.05383    -60.96361     0.02     -0.03     0.04     1 
2280791705  -27.05336    -60.93186    -0.44     -0.30     0.54     2 
2280791706  -27.05289    -60.90012     0.01     -0.25     0.25     1 
2280791707  -27.05242    -60.86838    -0.04      0.04     0.05     1 
2280791708  -27.05193    -60.83664    -0.14     -0.20     0.25     1 
2280791709  -27.05144    -60.80490     0.21      0.16     0.26     1 
2280791710  -27.05094    -60.77316    -0.05      0.05     0.07     1 
2280791711  -27.05043    -60.74142    -0.13     -0.00     0.13     1 
2280791713  -27.04940    -60.67794    -0.20     -0.13     0.24     1 
2280791714  -27.04887    -60.64621     0.39     -0.09     0.40     1 
2280791715  -27.04834    -60.61447    -0.37     -0.17     0.40     1 
2280791716  -27.04780    -60.58273    -0.04     -0.13     0.14     1 
2280791717  -27.04725    -60.55100    -0.15     -0.12     0.20     1 
2280791718  -27.04669    -60.51927    -0.20     -0.30     0.36     1 
2280791719  -27.04613    -60.48754    -0.15     -0.18     0.23     1 
2280791720  -27.04556    -60.45580    -0.15     -0.12     0.19     1 
2280791742  -27.09139    -62.13837    -0.54     -0.15     0.56     2 
2280791750  -27.08960    -61.88421    -0.44     -0.31     0.54     2 
2280791751  -27.08935    -61.85244    -0.16     -0.44     0.47     1 
2280791753  -27.08881    -61.78890    -0.24     -0.20     0.32     1 
2280791756  -27.08796    -61.69360    -0.48     -0.17     0.51     2 
2280791758  -27.08735    -61.63007    -0.12     -0.23     0.26     1 
2280791759  -27.08704    -61.59831    -0.18     -0.19     0.26     1 
2280791760  -27.08672    -61.56654    -0.45     -0.26     0.52     2 
2280791761  -27.08639    -61.53478    -0.39     -0.49     0.62     2 
2280791762  -27.08606    -61.50302    -0.16     -0.04     0.17     1 
2280791764  -27.08537    -61.43950    -0.02     -0.12     0.12     1 
2280791765  -27.08501    -61.40773    -0.01     -0.08     0.08     1 
2280791768  -27.08390    -61.31245     0.02     -0.38     0.38     1 
2280791769  -27.08351    -61.28070    -0.51      0.17     0.54     2 
2280791770  -27.08312    -61.24894     0.15     -0.15     0.22     1 
2280791773  -27.08190    -61.15367     0.01      0.05     0.05     1 
2280791776  -27.08062    -61.05840    -0.05      0.17     0.17     1 
2280791778  -27.07973    -60.99490     0.01     -0.05     0.05     1 
2280791779  -27.07927    -60.96315    -0.22      0.24     0.32     1 
2280791780  -27.07881    -60.93140    -0.06     -0.25     0.26     1 
2280791781  -27.07834    -60.89964    -0.13     -0.05     0.14     1 
2280791782  -27.07786    -60.86790    -0.19      0.03     0.20     1 
2280791783  -27.07737    -60.83615     0.19     -0.04     0.20     1 
2280791784  -27.07688    -60.80440     0.16     -0.22     0.27     1 
2280791785  -27.07638    -60.77265     0.09     -0.02     0.10     1 
2280791786  -27.07587    -60.74091     0.18     -0.15     0.24     1 
2280791787  -27.07536    -60.70916    -0.01     -0.25     0.25     1 
2280791788  -27.07484    -60.67742     0.11     -0.12     0.17     1 
2280791790  -27.07378    -60.61393     0.09      0.05     0.10     1 
2280791791  -27.07323    -60.58219     0.04     -0.10     0.11     1 
2280791792  -27.07268    -60.55045    -0.25     -0.09     0.26     1 
2280791793  -27.07213    -60.51871    -0.01     -0.16     0.17     1 
2280791794  -27.07156    -60.48697    -0.07     -0.11     0.13     1 
2280791819  -27.11644    -62.07461    -0.44     -0.05     0.44     1 
2280791825  -27.11506    -61.88395     0.00     -0.46     0.46     1 
2280791831  -27.11341    -61.69331    -0.62     -0.08     0.62     2 
2280791832  -27.11311    -61.66154    -0.28     -0.14     0.31     1 
2280791833  -27.11281    -61.62976    -0.22     -0.16     0.28     1 
2280791834  -27.11249    -61.59799    -0.19     -0.20     0.28     1 
2280791835  -27.11217    -61.56622    -0.25     -0.15     0.29     1 
2280791837  -27.11151    -61.50268    -0.15      0.10     0.18     1 
2280791838  -27.11117    -61.47091    -0.22     -0.27     0.35     1 
2280791839  -27.11082    -61.43914    -0.31     -0.48     0.57     2 
2280791840  -27.11046    -61.40737    -0.25     -0.22     0.33     1 
2280791841  -27.11010    -61.37561    -0.26      0.11     0.28     1 
2280791842  -27.10973    -61.34384    -0.19     -0.04     0.19     1 
2280791844  -27.10896    -61.28031    -0.09      0.11     0.14     1 
2280791845  -27.10857    -61.24854    -0.01     -0.05     0.05     1 
2280791846  -27.10817    -61.21678     0.03      0.01     0.03     1 
2280791847  -27.10776    -61.18501    -0.37      0.07     0.38     1 
2280791851  -27.10607    -61.05797    -0.00      0.09     0.09     1 
2280791852  -27.10562    -61.02620     0.06     -0.07     0.09     1 
2280791853  -27.10517    -60.99444    -0.37      0.04     0.37     1 
2280791854  -27.10471    -60.96269     0.01     -0.11     0.11     1 
2280791855  -27.10425    -60.93093    -0.09     -0.30     0.31     1 
2280791856  -27.10378    -60.89917    -0.24     -0.00     0.24     1 
2280791857  -27.10330    -60.86741     0.09      0.04     0.10     1 
2280791858  -27.10281    -60.83566    -0.15      0.05     0.16     1 
2280791859  -27.10232    -60.80390    -0.09     -0.11     0.14     1 
2280791862  -27.10080    -60.70864    -0.02     -0.37     0.37     1 
2280791864  -27.09975    -60.64514    -0.11     -0.20     0.22     1 
2280791865  -27.09921    -60.61339    -0.19     -0.10     0.21     1 
2280791867  -27.09812    -60.54989    -0.05     -0.37     0.37     1 
2280791868  -27.09756    -60.51815     0.11     -0.21     0.23     1 
2280791869  -27.09700    -60.48640     0.00     -0.14     0.14     1 
2280791885  -27.14349    -62.36048    -0.18      0.19     0.26     1 
2280791901  -27.14026    -61.85192    -0.30      0.03     0.30     1 
2280791902  -27.13999    -61.82014    -0.25     -0.29     0.38     1 
2280791907  -27.13857    -61.66123    -0.24     -0.07     0.25     1 
2280791908  -27.13826    -61.62945    -0.49     -0.28     0.56     2 
2280791910  -27.13762    -61.56590    -0.08     -0.22     0.23     1 
2280791914  -27.13627    -61.43879    -0.06     -0.14     0.15     1 
2280791915  -27.13591    -61.40701    -0.42     -0.17     0.45     1 
2280791917  -27.13518    -61.34346    -0.37     -0.12     0.39     1 
2280791919  -27.13441    -61.27992     0.06     -0.05     0.08     1 
2280791922  -27.13321    -61.18460    -0.02     -0.03     0.04     1 
2280791924  -27.13237    -61.12106    -0.35      0.23     0.42     1 
2280791925  -27.13195    -61.08929     0.04      0.01     0.04     1 
2280791926  -27.13151    -61.05752     0.02      0.00     0.02     1 
2280791927  -27.13107    -61.02576     0.12      0.46     0.48     1 
2280791929  -27.13016    -60.96222    -0.25     -0.13     0.28     1 
2280791930  -27.12970    -60.93046    -0.04     -0.19     0.19     1 
2280791931  -27.12922    -60.89870    -0.15      0.05     0.16     1 
2280791932  -27.12874    -60.86693    -0.09      0.05     0.10     1 
2280791934  -27.12776    -60.80341    -0.12     -0.14     0.18     1 
2280791935  -27.12726    -60.77164    -0.10      0.07     0.12     1 
2280791936  -27.12675    -60.73988     0.00     -0.09     0.09     1 
2280791938  -27.12572    -60.67637    -0.02      0.00     0.02     1 
2280791939  -27.12519    -60.64461    -0.03      0.13     0.13     1 
2280791941  -27.12411    -60.58109    -0.00     -0.17     0.17     1 
2280791943  -27.12300    -60.51758    -0.12     -0.33     0.35     1 
2280791944  -27.12243    -60.48583     0.02     -0.26     0.27     1 
2280791971  -27.16692    -62.01061    -0.13      0.27     0.30     1 
2280791975  -27.16597    -61.88345     0.09     -0.10     0.13     1 
2280791977  -27.16545    -61.81987    -0.19     -0.13     0.23     1 
2280791986  -27.16275    -61.53379    -0.17     -0.28     0.33     1 
2280791992  -27.16063    -61.34309     0.06     -0.32     0.32     1 
2280791993  -27.16025    -61.31131    -0.13     -0.15     0.20     1 
2280791995  -27.15947    -61.24775    -0.19     -0.02     0.19     1 
2280791996  -27.15907    -61.21597     0.36      0.05     0.37     1 
2280791997  -27.15866    -61.18419    -0.08     -0.32     0.33     1 
2280792000  -27.15739    -61.08886    -0.44     -0.07     0.44     1 
2280792002  -27.15651    -61.02531    -0.09      0.01     0.09     1 
2280792003  -27.15606    -60.99354    -0.16      0.07     0.18     1 
2280792004  -27.15560    -60.96176    -0.05     -0.02     0.06     1 
2280792005  -27.15514    -60.92999     0.10     -0.13     0.16     1 
2280792006  -27.15467    -60.89822    -0.29     -0.02     0.29     1 
2280792007  -27.15419    -60.86645    -0.08     -0.23     0.24     1 
2280792009  -27.15320    -60.80291     0.12     -0.25     0.28     1 
2280792010  -27.15270    -60.77114    -0.18     -0.20     0.27     1 
2280792012  -27.15168    -60.70761     0.01      0.10     0.10     1 
2280792013  -27.15116    -60.67584    -0.02     -0.04     0.04     1 
2280792014  -27.15063    -60.64408     0.08     -0.06     0.10     1 
2280792015  -27.15009    -60.61231    -0.61     -0.24     0.65     2 
2280792016  -27.14955    -60.58055    -0.12     -0.23     0.26     1 
2280792017  -27.14899    -60.54879    -0.05     -0.12     0.13     1 
2280792018  -27.14844    -60.51702     0.22     -0.06     0.22     1 
2280792019  -27.14787    -60.48526    -0.11     -0.04     0.12     1 
2280792037  -27.19411    -62.29659     0.37     -0.33     0.49     1 
2280792041  -27.19341    -62.16938     0.22     -0.09     0.24     1 
2280792042  -27.19322    -62.13758    -0.44      0.06     0.45     1 
2280792048  -27.19191    -61.94679    -0.38     -0.30     0.48     1 
2280792050  -27.19142    -61.88319    -0.16     -0.04     0.16     1 
2280792051  -27.19117    -61.85140    -0.22     -0.13     0.26     1 
2280792052  -27.19090    -61.81960    -0.31     -0.14     0.34     1 
2280792064  -27.18717    -61.43808    -0.17      0.02     0.17     1 
2280792065  -27.18681    -61.40629    -0.13     -0.37     0.39     1 
2280792066  -27.18645    -61.37450    -0.13     -0.11     0.17     1 
2280792067  -27.18607    -61.34271    -0.15     -0.15     0.21     1 
2280792068  -27.18569    -61.31092    -0.04      0.07     0.08     1 
2280792072  -27.18411    -61.18378     0.01     -0.22     0.22     1 
2280792076  -27.18240    -61.05664     0.11      0.00     0.11     1 
2280792077  -27.18196    -61.02486     0.02     -0.40     0.41     1 
2280792078  -27.18151    -60.99308    -0.12     -0.12     0.17     1 
2280792079  -27.18105    -60.96130    -0.25     -0.21     0.33     1 
2280792080  -27.18058    -60.92952     0.26      0.29     0.39     1 
2280792081  -27.18011    -60.89774    -0.13      0.11     0.17     1 
2280792082  -27.17963    -60.86596    -0.11     -0.00     0.11     1 
2280792083  -27.17914    -60.83419    -0.22     -0.05     0.22     1 
2280792085  -27.17815    -60.77063     0.06     -0.07     0.09     1 
2280792089  -27.17607    -60.64354    -0.30     -0.53     0.61     2 
2280792090  -27.17553    -60.61177     0.01      0.05     0.05     1 
2280792091  -27.17498    -60.58000    -0.09     -0.57     0.58     2 
2280792092  -27.17443    -60.54823    -0.10     -0.20     0.23     1 
2280792093  -27.17387    -60.51646    -0.16     -0.11     0.20     1 
2280792094  -27.17331    -60.48469    -0.17     -0.30     0.35     1 
2280792112  -27.21956    -62.29643    -0.60     -0.04     0.60     2 
2280792121  -27.21783    -62.01016    -0.24     -0.05     0.25     1 
2280792122  -27.21761    -61.97836    -0.26     -0.14     0.30     1 
2280792126  -27.21662    -61.85114    -0.16     -0.13     0.21     1 
2280792127  -27.21636    -61.81933    -0.25     -0.16     0.30     1 
2280792133  -27.21462    -61.62852    -0.20     -0.06     0.21     1 
2280792134  -27.21430    -61.59672    -0.21     -0.05     0.22     1 
2280792136  -27.21365    -61.53312    -0.09     -0.04     0.10     1 
2280792138  -27.21297    -61.46952    -0.15     -0.19     0.24     1 
2280792139  -27.21262    -61.43773    -0.20     -0.14     0.25     1 
2280792140  -27.21226    -61.40593    -0.18     -0.10     0.21     1 
2280792143  -27.21114    -61.31054     0.40      0.01     0.40     1 
2280792145  -27.21036    -61.24695    -0.15     -0.24     0.29     1 
2280792151  -27.20785    -61.05620    -0.22     -0.13     0.26     1 
2280792152  -27.20740    -61.02441    -0.15     -0.14     0.20     1 
2280792153  -27.20695    -60.99262    -0.07     -0.24     0.25     1 
2280792155  -27.20603    -60.92905    -0.17     -0.16     0.23     1 
2280792156  -27.20555    -60.89726    -0.27     -0.05     0.27     1 
2280792157  -27.20507    -60.86548     0.04     -0.16     0.17     1 
2280792159  -27.20409    -60.80191     0.36      0.02     0.36     1 
2280792160  -27.20359    -60.77013     0.05     -0.03     0.06     1 
2280792161  -27.20308    -60.73835    -0.19     -0.06     0.20     1 
2280792162  -27.20256    -60.70656     0.14     -0.15     0.20     1 
2280792163  -27.20203    -60.67478    -0.01     -0.18     0.18     1 
2280792164  -27.20150    -60.64301    -0.11      0.11     0.15     1 
2280792165  -27.20097    -60.61123     0.01     -0.07     0.07     1 
2280792166  -27.20042    -60.57945    -0.05     -0.47     0.47     1 
2280792167  -27.19987    -60.54767    -0.21     -0.23     0.32     1 
2280792168  -27.19931    -60.51590    -0.03     -0.36     0.36     1 
2280792191  -27.24432    -62.16901    -0.68     -0.03     0.68     2 
2280792195  -27.24351    -62.04175     0.07     -0.10     0.12     1 
2280792196  -27.24329    -62.00994    -0.17     -0.18     0.25     1 
2280792211  -27.23910    -61.53279    -0.13      0.00     0.13     1 
2280792213  -27.23842    -61.46917    -0.08     -0.10     0.13     1 
2280792214  -27.23807    -61.43737    -0.15     -0.14     0.20     1 
2280792215  -27.23771    -61.40557     0.12     -0.25     0.28     1 
2280792218  -27.23659    -61.31016     0.03     -0.03     0.04     1 
2280792219  -27.23621    -61.27835    -0.48     -0.09     0.49     1 
2280792227  -27.23285    -61.02396    -0.49     -0.04     0.49     1 
2280792228  -27.23239    -60.99217    -0.02     -0.06     0.07     1 
2280792229  -27.23194    -60.96037     0.21      0.18     0.28     1 
2280792230  -27.23147    -60.92858     0.02      0.00     0.02     1 
2280792231  -27.23099    -60.89679    -0.22     -0.04     0.23     1 
2280792232  -27.23051    -60.86499    -0.19     -0.26     0.32     1 
2280792233  -27.23002    -60.83320    -0.35     -0.17     0.39     1 
2280792235  -27.22903    -60.76962    -0.03     -0.19     0.19     1 
2280792236  -27.22852    -60.73783    -0.16     -0.15     0.22     1 
2280792237  -27.22800    -60.70604    -0.37      0.32     0.49     1 
2280792238  -27.22747    -60.67426    -0.26     -0.15     0.30     1 
2280792240  -27.22640    -60.61068    -0.07     -0.14     0.15     1 
2280792242  -27.22530    -60.54711    -0.30     -0.24     0.39     1 
2280792243  -27.22474    -60.51533     0.06     -0.30     0.30     1 
2280792271  -27.26875    -62.00971    -0.04     -0.12     0.13     1 
2280792282  -27.26583    -61.65971    -0.09      0.05     0.10     1 
2280792284  -27.26521    -61.59608    -0.21      0.10     0.23     1 
2280792285  -27.26488    -61.56427     0.10     -0.03     0.10     1 
2280792289  -27.26352    -61.43702    -0.23     -0.14     0.27     1 
2280792290  -27.26316    -61.40520    -0.16     -0.12     0.21     1 
2280792291  -27.26280    -61.37339    -0.26     -0.16     0.31     1 
2280792293  -27.26204    -61.30977    -0.02     -0.45     0.45     1 
2280792294  -27.26165    -61.27796     0.06     -0.27     0.28     1 
2280792297  -27.26045    -61.18254    -0.39      0.12     0.41     1 
2280792302  -27.25829    -61.02352    -0.11      0.03     0.12     1 
2280792304  -27.25738    -60.95991    -0.03     -0.22     0.22     1 
2280792305  -27.25691    -60.92811    -0.33     -0.38     0.50     2 
2280792306  -27.25644    -60.89631    -0.02     -0.37     0.37     1 
2280792307  -27.25596    -60.86451    -0.08     -0.10     0.12     1 
2280792308  -27.25547    -60.83271    -0.42     -0.14     0.44     1 
2280792309  -27.25497    -60.80091    -0.09     -0.01     0.09     1 
2280792310  -27.25447    -60.76911    -0.51     -0.07     0.52     2 
2280792311  -27.25396    -60.73732    -0.17     -0.17     0.24     1 
2280792313  -27.25291    -60.67373     0.14     -0.13     0.19     1 
2280792315  -27.25184    -60.61014     0.01     -0.46     0.46     1 
2280792316  -27.25129    -60.57835    -0.17      0.03     0.17     1 
2280792317  -27.25074    -60.54656     0.03     -0.29     0.29     1 
2280792318  -27.25018    -60.51477    -0.08     -0.20     0.21     1 
2280792334  -27.29639    -62.39144    -0.20      0.09     0.22     1 
2280792336  -27.29609    -62.32778    -0.18      0.11     0.21     1 
2280792337  -27.29594    -62.29595    -0.35      0.14     0.37     1 
2280792345  -27.29442    -62.04131    -0.33     -0.06     0.33     1 
2280792346  -27.29420    -62.00948    -0.35     -0.01     0.35     1 
2280792357  -27.29128    -61.65940    -0.29     -0.13     0.31     1 
2280792359  -27.29066    -61.59576    -0.43     -0.07     0.44     1 
2280792365  -27.28861    -61.40484    -0.40     -0.10     0.41     1 
2280792367  -27.28787    -61.34120    -0.08      0.04     0.09     1 
2280792368  -27.28749    -61.30939    -0.35     -0.08     0.36     1 
2280792369  -27.28710    -61.27757     0.07     -0.21     0.22     1 
2280792373  -27.28548    -61.15031    -0.11     -0.03     0.12     1 
2280792376  -27.28418    -61.05488    -0.22      0.09     0.24     1 
2280792378  -27.28328    -60.99126    -0.17     -0.21     0.27     1 
2280792380  -27.28235    -60.92764    -0.04     -0.25     0.25     1 
2280792381  -27.28188    -60.89583     0.11     -0.10     0.15     1 
2280792383  -27.28091    -60.83222    -0.07     -0.27     0.28     1 
2280792384  -27.28041    -60.80041    -0.09     -0.29     0.30     1 
2280792385  -27.27991    -60.76861     0.33     -0.16     0.37     1 
2280792386  -27.27940    -60.73680    -0.18     -0.32     0.37     1 
2280792388  -27.27835    -60.67320    -0.19     -0.11     0.22     1 
2280792389  -27.27782    -60.64140    -0.08     -0.25     0.27     1 
2280792390  -27.27728    -60.60960    -0.04     -0.32     0.32     1 
2280792391  -27.27673    -60.57780    -0.10     -0.28     0.29     1 
2280792392  -27.27618    -60.54600    -0.19     -0.06     0.20     1 
2280792393  -27.27561    -60.51420    -0.29     -0.20     0.36     1 
2280792416  -27.32070    -62.16844    -0.01      0.01     0.02     1 
2280792418  -27.32030    -62.10477    -0.10      0.04     0.10     1 
2280792419  -27.32009    -62.07293    -0.49      0.39     0.62     2 
2280792420  -27.31988    -62.04109    -0.25      0.01     0.25     1 
2280792421  -27.31966    -62.00926    -0.28      0.19     0.34     1 
2280792440  -27.31406    -61.40448    -0.19     -0.37     0.42     1 
2280792441  -27.31369    -61.37265    -0.49     -0.17     0.52     2 
2280792442  -27.31332    -61.34083     0.06      0.23     0.24     1 
2280792443  -27.31294    -61.30900     0.23     -0.02     0.23     1 
2280792444  -27.31255    -61.27718     0.08     -0.04     0.09     1 
2280792446  -27.31175    -61.21353     0.09     -0.01     0.09     1 
2280792451  -27.30963    -61.05443    -0.24     -0.04     0.25     1 
2280792452  -27.30918    -61.02261    -0.28     -0.17     0.32     1 
2280792453  -27.30873    -60.99080     0.01     -0.18     0.18     1 
2280792454  -27.30826    -60.95898     0.00     -0.23     0.23     1 
2280792456  -27.30732    -60.89535    -0.09      0.01     0.09     1 
2280792457  -27.30684    -60.86353    -0.11     -0.07     0.13     1 
2280792459  -27.30585    -60.79991    -0.02     -0.06     0.06     1 
2280792460  -27.30535    -60.76810    -0.15     -0.31     0.34     1 
2280792462  -27.30432    -60.70448     0.36     -0.22     0.42     1 
2280792463  -27.30379    -60.67267    -0.19     -0.15     0.24     1 
2280792464  -27.30326    -60.64086     0.05     -0.06     0.08     1 
2280792465  -27.30272    -60.60905    -0.08     -0.28     0.29     1 
2280792466  -27.30217    -60.57724    -0.04     -0.24     0.24     1 
2280792484  -27.34730    -62.39116    -0.21      0.10     0.23     1 
2280792492  -27.34596    -62.13640    -0.38     -0.04     0.39     1 
2280792494  -27.34555    -62.07272    -0.19      0.10     0.22     1 
2280792495  -27.34533    -62.04087    -0.22      0.30     0.37     1 
2280792496  -27.34511    -62.00903    -0.48      0.04     0.48     1 
2280792497  -27.34488    -61.97719    -0.28     -0.28     0.40     1 
2280792504  -27.34307    -61.75431    -0.01     -0.38     0.38     1 
2280792505  -27.34279    -61.72247    -0.34     -0.37     0.50     1 
2280792507  -27.34219    -61.65879     0.01     -0.22     0.22     1 
2280792516  -27.33914    -61.37228    -0.16      0.10     0.19     1 
2280792517  -27.33877    -61.34045     0.26     -0.23     0.34     1 
2280792520  -27.33760    -61.24495     0.00     -0.35     0.35     1 
2280792522  -27.33679    -61.18130    -0.51      0.06     0.51     2 
2280792528  -27.33417    -60.99034    -0.07     -0.16     0.18     1 
2280792529  -27.33371    -60.95851    -0.07     -0.06     0.09     1 
2280792530  -27.33324    -60.92669    -0.08     -0.14     0.16     1 
2280792531  -27.33276    -60.89487    -0.08     -0.18     0.20     1 
2280792532  -27.33228    -60.86305    -0.05     -0.01     0.05     1 
2280792533  -27.33179    -60.83123    -0.08     -0.18     0.20     1 
2280792534  -27.33129    -60.79941    -0.06     -0.06     0.09     1 
2280792535  -27.33079    -60.76759    -0.19     -0.18     0.26     1 
2280792536  -27.33028    -60.73577    -0.06      0.04     0.07     1 
2280792538  -27.32923    -60.67214    -0.18     -0.11     0.21     1 
2280792539  -27.32869    -60.64032     0.03     -0.21     0.21     1 
2280792540  -27.32815    -60.60851    -0.13     -0.15     0.20     1 
2280792541  -27.32760    -60.57669    -0.08     -0.21     0.22     1 
2280792566  -27.37161    -62.16806    -0.25      0.14     0.28     1 
2280792569  -27.37101    -62.07250    -0.50     -0.04     0.50     2 
2280792570  -27.37079    -62.04066     0.06     -0.03     0.07     1 
2280792571  -27.37057    -62.00881    -0.06     -0.06     0.09     1 
2280792575  -27.36961    -61.88141    -0.20     -0.03     0.20     1 
2280792576  -27.36935    -61.84956    -0.43      0.21     0.48     1 
2280792579  -27.36853    -61.75402    -0.04     -0.13     0.14     1 
2280792586  -27.36636    -61.53111    -0.14      0.01     0.14     1 
2280792592  -27.36422    -61.34007    -0.05     -0.18     0.18     1 
2280792594  -27.36345    -61.27639    -0.09      0.10     0.14     1 
2280792598  -27.36181    -61.14905    -0.30     -0.08     0.31     1 
2280792600  -27.36096    -61.08538    -0.26     -0.10     0.28     1 
2280792602  -27.36007    -61.02171    -0.02     -0.01     0.02     1 
2280792603  -27.35961    -60.98988    -0.27      0.05     0.28     1 
2280792604  -27.35915    -60.95805    -0.16      0.11     0.20     1 
2280792605  -27.35868    -60.92622     0.16      0.03     0.16     1 
2280792606  -27.35821    -60.89439    -0.07     -0.01     0.07     1 
2280792607  -27.35772    -60.86256    -0.00     -0.16     0.16     1 
2280792608  -27.35723    -60.83073    -0.11     -0.14     0.18     1 
2280792609  -27.35673    -60.79890    -0.14     -0.21     0.25     1 
2280792610  -27.35623    -60.76708    -0.01     -0.25     0.25     1 
2280792611  -27.35571    -60.73525    -0.01     -0.42     0.42     1 
2280792612  -27.35519    -60.70343    -0.18     -0.09     0.20     1 
2280792614  -27.35413    -60.63978    -0.21     -0.05     0.22     1 
2280792616  -27.35304    -60.57614    -0.05     -0.16     0.17     1 
2280792617  -27.35249    -60.54432    -0.09     -0.16     0.18     1 
2280792634  -27.39822    -62.39088    -0.41      0.16     0.44     1 
2280792640  -27.39725    -62.19973    -0.09      0.12     0.15     1 
2280792641  -27.39707    -62.16787    -0.20      0.16     0.25     1 
2280792642  -27.39687    -62.13601    -0.14      0.14     0.20     1 
2280792643  -27.39667    -62.10415    -0.30      0.45     0.54     2 
2280792650  -27.39506    -61.88115    -0.36     -0.07     0.37     1 
2280792660  -27.39214    -61.56263    -0.07      0.02     0.07     1 
2280792662  -27.39147    -61.49893     0.05      0.04     0.06     1 
2280792666  -27.39004    -61.37153    -0.07     -0.32     0.32     1 
2280792671  -27.38809    -61.21231     0.11     -0.14     0.17     1 
2280792673  -27.38726    -61.14862     0.07     -0.00     0.07     1 
2280792674  -27.38684    -61.11678     0.30      0.13     0.33     1 
2280792678  -27.38506    -60.98942    -0.01     -0.16     0.16     1 
2280792679  -27.38459    -60.95758    -0.15     -0.14     0.21     1 
2280792680  -27.38413    -60.92574     0.14     -0.11     0.18     1 
2280792681  -27.38365    -60.89391    -0.04     -0.12     0.13     1 
2280792682  -27.38316    -60.86207    -0.25     -0.08     0.26     1 
2280792683  -27.38267    -60.83024    -0.08     -0.14     0.16     1 
2280792684  -27.38217    -60.79840    -0.02      0.05     0.05     1 
2280792685  -27.38167    -60.76657    -0.08      0.05     0.09     1 
2280792686  -27.38115    -60.73473    -0.12      0.02     0.12     1 
2280792687  -27.38063    -60.70290    -0.12      0.02     0.12     1 
2280792690  -27.37903    -60.60741    -0.27     -0.26     0.37     1 
2280792691  -27.37848    -60.57558    -0.09     -0.27     0.28     1 
2280792711  -27.42338    -62.32701     0.06      0.07     0.09     1 
2280792714  -27.42289    -62.23141    -0.20      0.06     0.21     1 
2280792715  -27.42271    -62.19954    -0.16      0.03     0.16     1 
2280792716  -27.42252    -62.16768    -0.19      0.03     0.19     1 
2280792717  -27.42233    -62.13581    -0.15      0.07     0.17     1 
2280792718  -27.42213    -62.10395    -0.05      0.05     0.07     1 
2280792721  -27.42148    -62.00835    -0.26      0.06     0.26     1 
2280792733  -27.41823    -61.62601    -0.10      0.06     0.12     1 
2280792735  -27.41759    -61.56230    -0.09      0.14     0.16     1 
2280792737  -27.41692    -61.49858    -0.27      0.23     0.35     1 
2280792738  -27.41657    -61.46673    -0.09      0.26     0.28     1 
2280792748  -27.41271    -61.14820    -0.30      0.24     0.39     1 
2280792754  -27.41004    -60.95711    -0.14      0.08     0.16     1 
2280792755  -27.40957    -60.92527    -0.19     -0.14     0.23     1 
2280792757  -27.40861    -60.86158     0.00     -0.08     0.08     1 
2280792758  -27.40811    -60.82974    -0.26     -0.08     0.28     1 
2280792759  -27.40761    -60.79790     0.00      0.20     0.20     1 
2280792760  -27.40711    -60.76606     0.04     -0.19     0.20     1 
2280792761  -27.40659    -60.73421    -0.10     -0.15     0.18     1 
2280792764  -27.40501    -60.63870    -0.20     -0.11     0.23     1 
2280792765  -27.40446    -60.60686     0.00     -0.20     0.20     1 
2280792766  -27.40391    -60.57503    -0.00     -0.12     0.12     1 
2280792767  -27.40336    -60.54319    -0.03     -0.01     0.04     1 
2280792787  -27.44868    -62.29498    -0.13      0.17     0.22     1 
2280792788  -27.44852    -62.26311    -0.12      0.24     0.26     1 
2280792789  -27.44834    -62.23123    -0.21      0.14     0.25     1 
2280792790  -27.44816    -62.19936    -0.16      0.18     0.24     1 
2280792791  -27.44798    -62.16748    -0.12      0.15     0.19     1 
2280792792  -27.44778    -62.13561    -0.11      0.16     0.19     1 
2280792801  -27.44571    -61.84877    -0.22      0.23     0.32     1 
2280792807  -27.44400    -61.65756    -0.26      0.04     0.26     1 
2280792808  -27.44369    -61.62570    -0.06      0.19     0.20     1 
2280792809  -27.44337    -61.59383    -0.02      0.03     0.04     1 
2280792812  -27.44237    -61.49824    -0.31     -0.22     0.38     1 
2280792814  -27.44167    -61.43451    -0.04      0.17     0.18     1 
2280792815  -27.44131    -61.40265    -0.12      0.24     0.26     1 
2280792824  -27.43773    -61.11592    -0.25      0.09     0.26     1 
2280792825  -27.43729    -61.08406    -0.10     -0.11     0.15     1 
2280792828  -27.43594    -60.98850    -0.12     -0.21     0.25     1 
2280792829  -27.43548    -60.95664    -0.04      0.05     0.07     1 
2280792830  -27.43501    -60.92479     0.00     -0.02     0.02     1 
2280792831  -27.43453    -60.89294     0.14      0.09     0.17     1 
2280792832  -27.43405    -60.86109    -0.05     -0.03     0.06     1 
2280792835  -27.43255    -60.76554    -0.02     -0.13     0.13     1 
2280792837  -27.43151    -60.70185    -0.16     -0.14     0.22     1 
2280792838  -27.43098    -60.67000    -0.07     -0.03     0.08     1 
2280792840  -27.42990    -60.60632    -0.28     -0.03     0.28     1 
2280792841  -27.42935    -60.57447    -0.12     -0.15     0.19     1 
2280792857  -27.47485    -62.45423    -0.26      0.24     0.36     1 
2280792862  -27.47414    -62.29482    -0.30      0.15     0.33     1 
2280792864  -27.47380    -62.23105    -0.18      0.07     0.19     1 
2280792865  -27.47362    -62.19917    -0.07      0.14     0.16     1 
2280792867  -27.47324    -62.13541     0.08      0.12     0.14     1 
2280792883  -27.46914    -61.62538    -0.10     -0.23     0.25     1 
2280792884  -27.46882    -61.59351    -0.04      0.22     0.22     1 
2280792892  -27.46601    -61.33854    -0.27     -0.34     0.44     1 
2280792899  -27.46317    -61.11548    -0.08     -0.04     0.09     1 
2280792902  -27.46184    -61.01990    -0.02      0.08     0.08     1 
2280792904  -27.46092    -60.95618    -0.12     -0.00     0.12     1 
2280792905  -27.46045    -60.92431    -0.39     -0.22     0.45     1 
2280792906  -27.45997    -60.89246    -0.13     -0.15     0.20     1 
2280792907  -27.45949    -60.86060    -0.05     -0.08     0.10     1 
2280792908  -27.45899    -60.82874    -0.10      0.08     0.12     1 
2280792909  -27.45849    -60.79689    -0.03      0.03     0.04     1 
2280792910  -27.45799    -60.76503    -0.24     -0.02     0.24     1 
2280792911  -27.45747    -60.73318    -0.13     -0.06     0.14     1 
2280792914  -27.45588    -60.63762    -0.02     -0.19     0.19     1 
2280792915  -27.45534    -60.60577    -0.03     -0.18     0.18     1 
2280792916  -27.45479    -60.57392     0.05     -0.11     0.12     1 
2280792932  -27.50031    -62.45410    -0.27      0.10     0.29     1 
2280792943  -27.49849    -62.10333    -0.29      0.20     0.35     1 
2280792947  -27.49761    -61.97578    -0.11      0.14     0.18     1 
2280792954  -27.49579    -61.75259    -0.03      0.13     0.13     1 
2280792973  -27.48904    -61.14692     0.21      0.05     0.22     1 
2280792974  -27.48861    -61.11505    -0.00      0.33     0.33     1 
2280792976  -27.48774    -61.05131    -0.24      0.11     0.26     1 
2280792978  -27.48683    -60.98757    -0.08      0.28     0.29     1 
2280792979  -27.48637    -60.95571     0.06      0.00     0.06     1 
2280792980  -27.48589    -60.92384     0.05      0.14     0.15     1 
2280792981  -27.48541    -60.89197     0.09      0.25     0.26     1 
2280792982  -27.48493    -60.86011     0.02     -0.17     0.17     1 
2280792983  -27.48443    -60.82824    -0.18      0.01     0.18     1 
2280792984  -27.48393    -60.79638    -0.06     -0.17     0.19     1 
2280792985  -27.48343    -60.76452    -0.25     -0.03     0.26     1 
2280792986  -27.48291    -60.73266    -0.21     -0.12     0.24     1 
2280792987  -27.48239    -60.70079    -0.08     -0.02     0.08     1 
2280792988  -27.48186    -60.66893    -0.11     -0.06     0.12     1 
2280792989  -27.48132    -60.63707    -0.06     -0.04     0.07     1 
2280792990  -27.48077    -60.60522     0.03     -0.10     0.10     1 
2280792991  -27.48022    -60.57336    -0.17     -0.11     0.20     1 
2280793007  -27.52577    -62.45398    -0.15      0.27     0.31     1 
2280793018  -27.52395    -62.10312    -0.13      0.17     0.21     1 
2280793022  -27.52307    -61.97555    -0.12      0.20     0.23     1 
2280793033  -27.52004    -61.62475    -0.17     -0.01     0.18     1 
2280793041  -27.51729    -61.36966    -0.42      0.30     0.51     2 
2280793047  -27.51491    -61.17837     0.29      0.38     0.48     1 
2280793050  -27.51363    -61.08274     0.38     -0.04     0.38     1 
2280793051  -27.51318    -61.05086    -0.14     -0.06     0.15     1 
2280793056  -27.51086    -60.89149     0.02      0.21     0.22     1 
2280793058  -27.50988    -60.82774    -0.10     -0.17     0.20     1 
2280793059  -27.50937    -60.79587    -0.28      0.04     0.28     1 
2280793062  -27.50783    -60.70027    -0.10     -0.01     0.10     1 
2280793063  -27.50729    -60.66840     0.00     -0.07     0.07     1 
2280793064  -27.50676    -60.63653    -0.01     -0.17     0.17     1 
2280793065  -27.50621    -60.60466     0.03     -0.09     0.10     1 
2280793066  -27.50566    -60.57280    -0.04     -0.09     0.10     1 
2280793082  -27.55123    -62.45385    -0.09      0.25     0.26     1 
2280793083  -27.55110    -62.42195    -0.08      0.17     0.19     1 
2280793084  -27.55096    -62.39004     0.02      0.08     0.08     1 
2280793085  -27.55082    -62.35814    -0.25      0.41     0.47     1 
2280793086  -27.55067    -62.32623    -0.28     -0.29     0.40     1 
2280793093  -27.54941    -62.10291    -0.17     -0.00     0.17     1 
2280793094  -27.54920    -62.07101    -0.10      0.13     0.16     1 
2280793097  -27.54852    -61.97531    -0.04      0.12     0.13     1 
2280793098  -27.54828    -61.94341    -0.06      0.07     0.10     1 
2280793105  -27.54641    -61.72012     0.02      0.25     0.25     1 
2280793113  -27.54382    -61.46496     0.05      0.14     0.15     1 
2280793114  -27.54347    -61.43307     0.07      0.11     0.13     1 
2280793115  -27.54310    -61.40118    -0.01      0.19     0.19     1 
2280793118  -27.54197    -61.30551     0.15      0.33     0.36     1 
2280793123  -27.53993    -61.14607    -0.15      0.13     0.20     1 
2280793124  -27.53950    -61.11418     0.25      0.17     0.30     1 
2280793125  -27.53907    -61.08230    -0.04      0.21     0.21     1 
2280793126  -27.53862    -61.05041     0.00      0.14     0.14     1 
2280793128  -27.53772    -60.98665    -0.10      0.17     0.20     1 
2280793129  -27.53725    -60.95476    -0.19      0.23     0.30     1 
2280793130  -27.53678    -60.92288     0.01      0.45     0.45     1 
2280793131  -27.53630    -60.89100    -0.02      0.10     0.10     1 
2280793132  -27.53581    -60.85912    -0.06     -0.34     0.34     1 
2280793135  -27.53430    -60.76349    -0.06     -0.08     0.10     1 
2280793138  -27.53273    -60.66786    -0.03     -0.01     0.03     1 
2280793139  -27.53219    -60.63599    -0.09      0.09     0.12     1 
2280793140  -27.53165    -60.60411    -0.03     -0.07     0.07     1 
2280793141  -27.53109    -60.57224    -0.06     -0.10     0.11     1 
2280793160  -27.57627    -62.35799    -0.06      0.14     0.15     1 
2280793167  -27.57506    -62.13462    -0.05      0.24     0.24     1 
2280793168  -27.57486    -62.10271    -0.22     -0.21     0.31     1 
2280793169  -27.57465    -62.07080    -0.22      0.34     0.40     1 
2280793176  -27.57298    -61.84745     0.21      0.10     0.23     1 
2280793181  -27.57156    -61.68792    -0.14     -0.08     0.16     1 
2280793182  -27.57126    -61.65602    -0.15      0.12     0.19     1 
2280793183  -27.57094    -61.62412    -0.18      0.26     0.32     1 
2280793184  -27.57062    -61.59221    -0.05     -0.27     0.28     1 
2280793188  -27.56927    -61.46461    -0.02      0.03     0.03     1 
2280793190  -27.56855    -61.40081     0.11      0.30     0.32     1 
2280793191  -27.56818    -61.36891     0.04      0.14     0.14     1 
2280793199  -27.56495    -61.11375     0.10     -0.06     0.11     1 
2280793201  -27.56407    -61.04996    -0.04      0.11     0.12     1 
2280793202  -27.56362    -61.01807    -0.04      0.05     0.06     1 
2280793203  -27.56316    -60.98618    -0.26      0.07     0.27     1 
2280793205  -27.56222    -60.92240     0.01      0.14     0.14     1 
2280793206  -27.56174    -60.89052     0.00      0.17     0.17     1 
2280793212  -27.55870    -60.69920     0.05     -0.11     0.12     1 
2280793213  -27.55817    -60.66732    -0.03     -0.04     0.05     1 
2280793214  -27.55763    -60.63544     0.04     -0.01     0.04     1 
2280793235  -27.60173    -62.35784     0.06      0.24     0.25     1 
2280793236  -27.60158    -62.32592    -0.32      0.20     0.38     1 
2280793238  -27.60126    -62.26209     0.00      0.07     0.07     1 
2280793243  -27.60032    -62.10250    -0.03      0.24     0.24     1 
2280793254  -27.59760    -61.75144    -0.07     -0.24     0.25     1 
2280793257  -27.59671    -61.65571    -0.14      0.32     0.35     1 
2280793260  -27.59575    -61.55998    -0.50     -0.30     0.58     2 
2280793266  -27.59363    -61.36854     0.19      0.16     0.25     1 
2280793268  -27.59286    -61.30472     0.04      0.03     0.05     1 
2280793269  -27.59247    -61.27282     0.27     -0.05     0.27     1 
2280793270  -27.59207    -61.24092     0.09      0.10     0.13     1 
2280793273  -27.59082    -61.14521    -0.16     -0.12     0.20     1 
2280793275  -27.58996    -61.08141    -0.41      0.31     0.52     2 
2280793276  -27.58951    -61.04951    -0.28      0.08     0.30     1 
2280793277  -27.58906    -61.01761     0.02     -0.01     0.02     1 
2280793278  -27.58860    -60.98572    -0.08      0.11     0.13     1 
2280793279  -27.58814    -60.95382    -0.29      0.13     0.32     1 
2280793280  -27.58766    -60.92192    -0.09      0.03     0.10     1 
2280793281  -27.58718    -60.89003    -0.06      0.08     0.10     1 
2280793285  -27.58518    -60.76246     0.02     -0.00     0.02     1 
2280793286  -27.58466    -60.73056     0.08     -0.06     0.10     1 
2280793287  -27.58414    -60.69867    -0.02      0.02     0.02     1 
2280793288  -27.58361    -60.66678    -0.01     -0.00     0.01     1 
2280793289  -27.58307    -60.63490    -0.14     -0.01     0.14     1 
2280793290  -27.58252    -60.60301    -0.04     -0.12     0.13     1 
2280793307  -27.62760    -62.45347    -0.19      0.07     0.20     1 
2280793309  -27.62733    -62.38962    -0.16      0.41     0.44     1 
2280793310  -27.62719    -62.35769    -0.02     -0.04     0.05     1 
2280793311  -27.62704    -62.32577    -0.00      0.26     0.26     1 
2280793312  -27.62688    -62.29384    -0.28      0.22     0.35     1 
2280793324  -27.62440    -61.91076    -0.26      0.04     0.26     1 
2280793331  -27.62246    -61.68731     0.03      0.06     0.06     1 
2280793334  -27.62153    -61.59156    -0.05      0.19     0.20     1 
2280793335  -27.62120    -61.55965    -0.08      0.64     0.64     2 
2280793336  -27.62086    -61.52773    -0.28      0.36     0.46     1 
2280793348  -27.61627    -61.14478     0.11      0.10     0.15     1 
2280793351  -27.61496    -61.04906    -0.07      0.21     0.22     1 
2280793352  -27.61450    -61.01716     0.17      0.12     0.21     1 
2280793353  -27.61404    -60.98525    -0.12      0.27     0.30     1 
2280793354  -27.61358    -60.95335    -0.01     -0.01     0.01     1 
2280793355  -27.61310    -60.92144    -0.15      0.18     0.24     1 
2280793356  -27.61262    -60.88954    -0.16     -0.07     0.17     1 
2280793358  -27.61164    -60.82574    -0.16     -0.05     0.17     1 
2280793359  -27.61113    -60.79384     0.11      0.01     0.11     1 
2280793362  -27.60958    -60.69814    -0.05      0.18     0.19     1 
2280793363  -27.60904    -60.66625     0.00      0.07     0.07     1 
2280793364  -27.60850    -60.63435     0.08     -0.04     0.09     1 
2280793365  -27.60796    -60.60245    -0.01     -0.00     0.01     1 
2280793383  -27.65293    -62.42141    -0.15      0.11     0.18     1 
2280793385  -27.65265    -62.35755     0.15      0.02     0.16     1 
2280793387  -27.65234    -62.29368    -0.24      0.21     0.32     1 
2280793391  -27.65162    -62.16595    -0.06      0.18     0.19     1 
2280793396  -27.65057    -62.00629    -0.51     -0.49     0.70     2 
2280793397  -27.65034    -61.97436    -0.05     -0.08     0.10     1 
2280793398  -27.65010    -61.94243     0.15      0.10     0.18     1 
2280793400  -27.64960    -61.87857    -0.47     -0.22     0.52     2 
2280793405  -27.64822    -61.71894     0.03      0.22     0.22     1 
2280793408  -27.64730    -61.62316    -0.04      0.18     0.19     1 
2280793410  -27.64665    -61.55931     0.14      0.05     0.15     1 
2280793413  -27.64562    -61.46354     0.10      0.00     0.10     1 
2280793415  -27.64490    -61.39970    -0.06      0.40     0.40     1 
2280793418  -27.64376    -61.30394    -0.05      0.54     0.54     2 
2280793423  -27.64172    -61.14435     0.18      0.00     0.18     1 
2280793425  -27.64085    -61.08053     0.01      0.18     0.18     1 
2280793426  -27.64040    -61.04861    -0.21      0.15     0.26     1 
2280793428  -27.63949    -60.98479    -0.09     -0.07     0.11     1 
2280793429  -27.63902    -60.95287    -0.06      0.13     0.15     1 
2280793430  -27.63854    -60.92096     0.17      0.24     0.29     1 
2280793431  -27.63806    -60.88905    -0.20      0.17     0.27     1 
2280793432  -27.63757    -60.85714    -0.10     -0.07     0.13     1 
2280793434  -27.63657    -60.79333    -0.07      0.13     0.15     1 
2280793435  -27.63606    -60.76142     0.14      0.05     0.15     1 
2280793436  -27.63554    -60.72951    -0.05      0.01     0.05     1 
2280793437  -27.63501    -60.69761     0.03     -0.25     0.25     1 
2280793438  -27.63448    -60.66571     0.10      0.03     0.11     1 
2280793439  -27.63394    -60.63380     0.03     -0.01     0.03     1 
2280793440  -27.63339    -60.60190    -0.06     -0.10     0.11     1 
2280793467  -27.67688    -62.13381    -0.09      0.12     0.15     1 
2280793472  -27.67579    -61.97413    -0.07      0.17     0.19     1 
2280793473  -27.67555    -61.94219    -0.04      0.19     0.20     1 
2280793474  -27.67531    -61.91025    -0.03      0.12     0.13     1 
2280793479  -27.67396    -61.75057     0.20     -0.20     0.28     1 
2280793481  -27.67337    -61.68671     0.11      0.27     0.29     1 
2280793493  -27.66921    -61.30355     0.31      0.07     0.32     1 
2280793498  -27.66716    -61.14393    -0.04      0.44     0.44     1 
2280793503  -27.66493    -60.98432    -0.34     -0.19     0.39     1 
2280793506  -27.66350    -60.88856    -0.13      0.23     0.26     1 
2280793509  -27.66201    -60.79282     0.18     -0.08     0.19     1 
2280793510  -27.66150    -60.76090     0.08      0.08     0.11     1 
2280793511  -27.66098    -60.72899     0.11      0.09     0.14     1 
2280793512  -27.66045    -60.69708    -0.03      0.04     0.05     1 
2280793513  -27.65992    -60.66517     0.05      0.03     0.06     1 
2280793514  -27.65938    -60.63325     0.10      0.07     0.12     1 
2280793534  -27.70370    -62.38920    -0.51      0.27     0.58     2 
2280793535  -27.70356    -62.35725     0.07     -0.20     0.21     1 
2280793538  -27.70308    -62.26140     0.23     -0.38     0.44     1 
2280793540  -27.70273    -62.19751    -0.21      0.32     0.38     1 
2280793541  -27.70254    -62.16556    -0.04     -0.02     0.04     1 
2280793542  -27.70234    -62.13361    -0.08      0.09     0.12     1 
2280793543  -27.70214    -62.10167     0.10      0.05     0.11     1 
2280793548  -27.70101    -61.94194     0.06      0.20     0.21     1 
2280793549  -27.70076    -61.91000    -0.11      0.24     0.27     1 
2280793551  -27.70024    -61.84611    -0.43     -0.04     0.43     1 
2280793554  -27.69941    -61.75028    -0.27      0.26     0.37     1 
2280793555  -27.69912    -61.71834     0.14      0.31     0.34     1 
2280793556  -27.69882    -61.68640    -0.13     -0.06     0.14     1 
2280793567  -27.69504    -61.33509     0.27      0.27     0.38     1 
2280793569  -27.69426    -61.27122    -0.23      0.39     0.46     1 
2280793572  -27.69303    -61.17542     0.25      0.42     0.49     1 
2280793573  -27.69260    -61.14349    -0.28     -0.24     0.37     1 
2280793574  -27.69217    -61.11156    -0.00      0.10     0.10     1 
2280793575  -27.69173    -61.07964     0.10      0.29     0.31     1 
2280793577  -27.69083    -61.01578     0.10      0.12     0.15     1 
2280793582  -27.68845    -60.85615    -0.03      0.13     0.13     1 
2280793583  -27.68795    -60.82423     0.06      0.11     0.13     1 
2280793584  -27.68745    -60.79231     0.08      0.08     0.12     1 
2280793585  -27.68694    -60.76038     0.12      0.00     0.12     1 
2280793587  -27.68589    -60.69654     0.07      0.02     0.07     1 
2280793588  -27.68536    -60.66463     0.12      0.04     0.13     1 
2280793589  -27.68481    -60.63271     0.13     -0.02     0.13     1 
2280793611  -27.72886    -62.32514    -0.03     -0.19     0.19     1 
2280793612  -27.72870    -62.29319     0.28      0.21     0.35     1 
2280793613  -27.72854    -62.26123     0.11     -0.17     0.20     1 
2280793616  -27.72799    -62.16537    -0.30      0.11     0.32     1 
2280793618  -27.72759    -62.10146    -0.01      0.18     0.18     1 
2280793623  -27.72646    -61.94170    -0.07      0.33     0.34     1 
2280793625  -27.72596    -61.87779    -0.07      0.19     0.20     1 
2280793628  -27.72515    -61.78194     0.12      0.02     0.12     1 
2280793629  -27.72486    -61.74999    -0.09      0.07     0.11     1 
2280793630  -27.72457    -61.71805    -0.25     -0.24     0.35     1 
2280793643  -27.72010    -61.30276     0.05      0.19     0.19     1 
2280793644  -27.71970    -61.27082    -0.03      0.15     0.15     1 
2280793646  -27.71889    -61.20694     0.10      0.28     0.30     1 
2280793649  -27.71762    -61.11113    -0.01      0.22     0.22     1 
2280793652  -27.71628    -61.01532     0.17     -0.03     0.17     1 
2280793655  -27.71487    -60.91952    -0.09     -0.04     0.10     1 
2280793656  -27.71439    -60.88759    -0.22      0.22     0.31     1 
2280793657  -27.71389    -60.85565     0.02      0.12     0.12     1 
2280793658  -27.71339    -60.82372     0.10     -0.13     0.16     1 
2280793661  -27.71185    -60.72794     0.13      0.01     0.13     1 
2280793662  -27.71133    -60.69601     0.07     -0.03     0.07     1 
2280793663  -27.71079    -60.66408     0.07     -0.04     0.08     1 
2280793682  -27.75488    -62.45284    -0.64      0.05     0.64     2 
2280793689  -27.75382    -62.22910     0.12      0.12     0.17     1 
2280793691  -27.75345    -62.16517     0.10      0.11     0.15     1 
2280793693  -27.75305    -62.10125    -0.03      0.14     0.15     1 
2280793702  -27.75088    -61.81362    -0.01      0.07     0.07     1 
2280793703  -27.75060    -61.78166    -0.38      0.09     0.39     1 
2280793716  -27.74632    -61.36626    -0.10      0.25     0.27     1 
2280793717  -27.74593    -61.33432    -0.09     -0.08     0.12     1 
2280793718  -27.74555    -61.30237     0.27      0.10     0.29     1 
2280793719  -27.74515    -61.27042     0.19      0.03     0.19     1 
2280793722  -27.74392    -61.17458     0.04      0.16     0.16     1 
2280793723  -27.74349    -61.14263     0.06      0.03     0.07     1 
2280793724  -27.74306    -61.11069    -0.00      0.17     0.17     1 
2280793725  -27.74262    -61.07874    -0.03      0.25     0.25     1 
2280793727  -27.74172    -61.01486    -0.02      0.07     0.08     1 
2280793732  -27.73933    -60.85516    -0.05      0.00     0.05     1 
2280793733  -27.73883    -60.82322     0.18     -0.18     0.25     1 
2280793734  -27.73833    -60.79128     0.05      0.00     0.05     1 
2280793735  -27.73781    -60.75934     0.05      0.02     0.06     1 
2280793737  -27.73676    -60.69547     0.11     -0.05     0.12     1 
2280793738  -27.73623    -60.66354     0.03      0.18     0.19     1 
2280793756  -27.78046    -62.48468    -0.26     -0.21     0.34     1 
2280793757  -27.78034    -62.45271    -0.27      0.00     0.27     1 
2280793760  -27.77993    -62.35680    -0.05      0.03     0.06     1 
2280793767  -27.77870    -62.13301    -0.13      0.30     0.33     1 
2280793772  -27.77761    -61.97317    -0.08      0.06     0.10     1 
2280793778  -27.77605    -61.78138    -0.14      0.07     0.15     1 
2280793779  -27.77577    -61.74941     0.34     -0.35     0.49     1 
2280793780  -27.77547    -61.71745     0.12     -0.02     0.12     1 
2280793781  -27.77517    -61.68549     0.25     -0.36     0.44     1 
2280793791  -27.77176    -61.36588     0.14      0.29     0.32     1 
2280793793  -27.77099    -61.30197     0.00      0.11     0.11     1 
2280793795  -27.77019    -61.23806    -0.06      0.15     0.16     1 
2280793797  -27.76936    -61.17415     0.15     -0.08     0.17     1 
2280793798  -27.76894    -61.14220     0.03      0.12     0.12     1 
2280793802  -27.76716    -61.01440     0.07      0.11     0.13     1 
2280793804  -27.76623    -60.95050    -0.04     -0.04     0.06     1 
2280793808  -27.76427    -60.82271     0.10      0.17     0.19     1 
2280793811  -27.76273    -60.72688    -0.01      0.09     0.09     1 
2280793832  -27.80580    -62.45258    -0.14      0.04     0.14     1 
2280793833  -27.80567    -62.42061     0.37     -0.34     0.50     2 
2280793836  -27.80523    -62.32467     0.40      0.01     0.40     1 
2280793838  -27.80490    -62.26071    -0.13      0.12     0.18     1 
2280793842  -27.80416    -62.13281    -0.20      0.19     0.28     1 
2280793849  -27.80257    -61.90898    -0.15      0.19     0.24     1 
2280793850  -27.80232    -61.87701    -0.09     -0.03     0.09     1 
2280793851  -27.80205    -61.84504    -0.09      0.11     0.15     1 
2280793869  -27.79604    -61.26961     0.30      0.03     0.30     1 
2280793871  -27.79523    -61.20569     0.26      0.17     0.31     1 
2280793872  -27.79481    -61.17373    -0.00      0.23     0.23     1 
2280793874  -27.79395    -61.10981     0.17      0.08     0.18     1 
2280793882  -27.79021    -60.85416     0.16      0.03     0.16     1 
2280793883  -27.78971    -60.82220    -0.05      0.04     0.06     1 
2280793884  -27.78921    -60.79025     0.09     -0.01     0.09     1 
2280793885  -27.78869    -60.75830     0.04     -0.13     0.14     1 
2280793888  -27.78710    -60.66245    -0.22      0.07     0.24     1 
2280793908  -27.83112    -62.42047    -0.11     -0.20     0.23     1 
2280793910  -27.83084    -62.35650     0.38      0.15     0.41     1 
2280793911  -27.83069    -62.32451     0.01      0.00     0.01     1 
2280793914  -27.83018    -62.22856     0.11     -0.01     0.11     1 
2280793922  -27.82852    -61.97269    -0.01      0.06     0.07     1 
2280793923  -27.82828    -61.94071     0.02     -0.00     0.02     1 
2280793924  -27.82803    -61.90873    -0.24      0.66     0.70     2 
2280793926  -27.82751    -61.84477    -0.22      0.03     0.22     1 
2280793929  -27.82667    -61.74883    -0.06      0.37     0.38     1 
2280793930  -27.82638    -61.71685     0.03      0.45     0.45     1 
2280793931  -27.82607    -61.68487    -0.11      0.08     0.13     1 
2280793932  -27.82577    -61.65290     0.33      0.10     0.35     1 
2280793949  -27.81939    -61.10937     0.05     -0.02     0.05     1 
2280793950  -27.81895    -61.07740     0.16      0.20     0.25     1 
2280793955  -27.81663    -60.91758     0.03      0.04     0.05     1 
2280793956  -27.81615    -60.88562     0.03     -0.05     0.05     1 
2280793957  -27.81565    -60.85366    -0.10      0.06     0.12     1 
2280793958  -27.81515    -60.82170     0.11      0.18     0.21     1 
2280793961  -27.81361    -60.72582    -0.00     -0.01     0.01     1 
2280793962  -27.81308    -60.69387     0.01      0.13     0.14     1 
2280793984  -27.85644    -62.38834    -0.11      0.11     0.16     1 
2280793985  -27.85630    -62.35635    -0.20      0.12     0.23     1 
2280793986  -27.85614    -62.32435    -0.15      0.08     0.17     1 
2280793991  -27.85527    -62.16439    -0.20      0.18     0.26     1 
2280794006  -27.85153    -61.68457    -0.01      0.08     0.08     1 
2280794023  -27.84527    -61.14090     0.20      0.01     0.20     1 
2280794024  -27.84484    -61.10893     0.25     -0.09     0.27     1 
2280794027  -27.84349    -61.01301     0.05      0.32     0.32     1 
2280794032  -27.84109    -60.85316     0.15     -0.05     0.16     1 
2280794033  -27.84059    -60.82119     0.24      0.04     0.24     1 
2280794038  -27.83798    -60.66136    -0.02     -0.04     0.05     1 
2280794055  -27.88241    -62.51620     0.05      0.09     0.10     1 
2280794056  -27.88229    -62.48420    -0.10     -0.06     0.12     1 
2280794063  -27.88127    -62.26020    -0.10     -0.07     0.12     1 
2280794064  -27.88109    -62.22820     0.25     -0.47     0.54     2 
2280794077  -27.87814    -61.81223     0.05      0.40     0.40     1 
2280794079  -27.87757    -61.74825    -0.49     -0.05     0.49     1 
2280794099  -27.87028    -61.10848     0.18     -0.00     0.18     1 
2280794102  -27.86893    -61.01254    -0.01     -0.16     0.16     1 
2280794107  -27.86653    -60.85265     0.07     -0.02     0.07     1 
2280794129  -27.90797    -62.54810     0.29     -0.04     0.29     1 
2280794130  -27.90786    -62.51609    -0.19      0.19     0.27     1 
2280794140  -27.90637    -62.19601     0.42      0.09     0.43     1 
2280794147  -27.90488    -61.97197    -0.08      0.26     0.27     1 
2280794150  -27.90413    -61.87596    -0.34      0.28     0.44     1 
2280794153  -27.90331    -61.77995     0.06      0.03     0.07     1 
2280794154  -27.90302    -61.74795     0.35     -0.05     0.35     1 
2280794155  -27.90273    -61.71595     0.10      0.22     0.24     1 
2280794156  -27.90243    -61.68395     0.20     -0.16     0.25     1 
2280794170  -27.89742    -61.23600    -0.19      0.14     0.24     1 
2280794172  -27.89659    -61.17202    -0.23     -0.30     0.38     1 
2280794173  -27.89616    -61.14003     0.01     -0.13     0.13     1 
2280794183  -27.89147    -60.82017     0.14     -0.13     0.19     1 
2280794188  -27.88885    -60.66027    -0.10     -0.15     0.18     1 
2280794207  -27.93308    -62.45194    -0.05     -0.22     0.23     1 
2280794209  -27.93281    -62.38791    -0.01     -0.19     0.19     1 
2280794212  -27.93235    -62.29187    -0.23     -0.06     0.24     1 
2280794214  -27.93200    -62.22784    -0.30      0.12     0.32     1 
2280794217  -27.93143    -62.13179    -0.49     -0.47     0.67     2 
2280794223  -27.93009    -61.93972    -0.30     -0.00     0.30     1 
2280794226  -27.92931    -61.84369    -0.11     -0.10     0.15     1 
2280794227  -27.92904    -61.81168     0.02      0.42     0.42     1 
2280794228  -27.92876    -61.77967    -0.01      0.16     0.16     1 
2280794229  -27.92847    -61.74766    -0.01      0.00     0.01     1 
2280794230  -27.92818    -61.71565     0.20     -0.02     0.20     1 
2280794232  -27.92757    -61.65164    -0.18      0.03     0.18     1 
2280794259  -27.91640    -60.78767    -0.16     -0.18     0.24     1 
2280794262  -27.91482    -60.69171     0.07     -0.20     0.21     1 
2280794282  -27.95854    -62.45182    -0.00     -0.01     0.01     1 
2280794283  -27.95840    -62.41979    -0.16      0.02     0.16     1 
2280794285  -27.95812    -62.35574    -0.14      0.02     0.14     1 
2280794286  -27.95797    -62.32372    -0.17     -0.15     0.22     1 
2280794287  -27.95780    -62.29170    -0.08     -0.16     0.18     1 
2280794288  -27.95763    -62.25968    -0.05     -0.13     0.14     1 
2280794289  -27.95746    -62.22765    -0.09     -0.31     0.32     1 
2280794291  -27.95708    -62.16361    -0.05     -0.31     0.31     1 
2280794292  -27.95689    -62.13159    -0.01      0.01     0.01     1 
2280794295  -27.95625    -62.03553     0.14     -0.23     0.27     1 
2280794297  -27.95578    -61.97149    -0.05     -0.06     0.08     1 
2280794298  -27.95554    -61.93947     0.39      0.09     0.40     1 
2280794299  -27.95529    -61.90745    -0.07     -0.50     0.50     2 
2280794303  -27.95421    -61.77938    -0.22     -0.07     0.23     1 
2280794304  -27.95393    -61.74737    -0.10     -0.18     0.21     1 
2280794305  -27.95363    -61.71535     0.41     -0.07     0.41     1 
2280794306  -27.95333    -61.68333     0.45     -0.21     0.49     1 
2280794307  -27.95302    -61.65132    -0.03     -0.12     0.13     1 
2280794308  -27.95270    -61.61931    -0.05     -0.00     0.05     1 
2280794353  -27.98444    -62.57981     0.07      0.09     0.11     1 
2280794354  -27.98434    -62.54778     0.56      0.21     0.60     2 
2280794355  -27.98423    -62.51575    -0.14     -0.01     0.14     1 
2280794357  -27.98399    -62.45169    -0.21     -0.32     0.38     1 
2280794358  -27.98386    -62.41965    -0.06     -0.14     0.15     1 
2280794359  -27.98372    -62.38762    -0.19     -0.11     0.22     1 
2280794360  -27.98357    -62.35559     0.01      0.03     0.03     1 
2280794361  -27.98342    -62.32356    -0.22      0.14     0.26     1 
2280794363  -27.98309    -62.25950     0.08     -0.04     0.08     1 
2280794370  -27.98170    -62.03530    -0.41     -0.16     0.44     1 
2280794378  -27.97967    -61.77910     0.02      0.06     0.06     1 
2280794379  -27.97938    -61.74707     0.04     -0.06     0.07     1 
2280794380  -27.97908    -61.71505    -0.34     -0.13     0.37     1 
2280794381  -27.97878    -61.68303    -0.04     -0.05     0.07     1 
2280794396  -27.97334    -61.20275    -0.22     -0.16     0.28     1 
2280794428  -28.00990    -62.57971     0.12      0.19     0.22     1 
2280794432  -28.00945    -62.45156    -0.02     -0.34     0.34     1 
2280794433  -28.00932    -62.41952    -0.10     -0.17     0.20     1 
2280794435  -28.00903    -62.35544     0.03     -0.49     0.49     1 
2280794438  -28.00855    -62.25933    -0.20     -0.26     0.33     1 
2280794452  -28.00540    -61.81084    -0.01     -0.13     0.13     1 
2280794453  -28.00512    -61.77881    -0.33      0.11     0.35     1 
2280794454  -28.00483    -61.74678    -0.05     -0.02     0.05     1 
2280794455  -28.00453    -61.71475    -0.31      0.04     0.31     1 
2280794503  -28.03535    -62.57961    -0.24     -0.07     0.25     1 
2280794505  -28.03514    -62.51552    -0.08     -0.09     0.12     1 
2280794507  -28.03490    -62.45143    -0.12     -0.34     0.36     1 
2280794513  -28.03400    -62.25915    -0.16     -0.31     0.35     1 
2280794516  -28.03345    -62.16302     0.38     -0.11     0.40     1 
2280794519  -28.03283    -62.06689    -0.04      0.09     0.10     1 
2280794527  -28.03085    -61.81056     0.24      0.39     0.46     1 
2280794528  -28.03057    -61.77852     0.32     -0.02     0.32     1 
2280794529  -28.03028    -61.74648     0.25     -0.15     0.29     1 
2280794533  -28.02905    -61.61833     0.04      0.09     0.10     1 
2280794547  -28.02381    -61.16988    -0.11      0.07     0.13     1 
2280794580  -28.06060    -62.51541    -0.35     -0.09     0.36     1 
2280794587  -28.05962    -62.29103     0.17      0.59     0.61     2 
2280794588  -28.05945    -62.25898    -0.25     -0.18     0.30     1 
2280794590  -28.05909    -62.19488    -0.10      0.30     0.32     1 
2280794593  -28.05850    -62.09872    -0.03     -0.06     0.07     1 
2280794604  -28.05573    -61.74619    -0.04     -0.04     0.05     1 
2280794652  -28.08636    -62.61148    -0.23     -0.18     0.30     1 
2280794657  -28.08581    -62.45117     0.13     -0.36     0.39     1 
2280794659  -28.08554    -62.38705     0.00     -0.57     0.57     2 
2280794661  -28.08524    -62.32293    -0.14     -0.13     0.19     1 
2280794662  -28.08508    -62.29087     0.01     -0.19     0.19     1 
2280794673  -28.08280    -61.93822    -0.43     -0.41     0.60     2 
2280794674  -28.08255    -61.90617     0.05     -0.06     0.07     1 
2280794731  -28.11139    -62.48311    -0.30     -0.22     0.37     1 
2280794732  -28.11127    -62.45104    -0.11     -0.38     0.40     1 
2280794734  -28.11100    -62.38690     0.17      0.04     0.18     1 
2280794735  -28.11085    -62.35484     0.17      0.10     0.20     1 
2280794736  -28.11069    -62.32277     0.15     -0.40     0.43     1 
2280794743  -28.10940    -62.09830    -0.05     -0.25     0.25     1 
2280794772  -28.10014    -61.16858     0.35      0.15     0.38     1 
2280794812  -28.13599    -62.29053    -0.22     -0.27     0.35     1 
2280794813  -28.13582    -62.25846     0.52     -0.48     0.71     2 
2280794828  -28.13237    -61.77737    -0.19     -0.11     0.22     1 
2280794830  -28.13178    -61.71323     0.20     -0.27     0.34     1 
2280794894  -28.16009    -62.06579     0.01     -0.31     0.31     1 
2280794895  -28.15987    -62.03371     0.11     -0.21     0.23     1 
2280794897  -28.15940    -61.96955    -0.05     -0.30     0.30     1 
2280794901  -28.15838    -61.84123    -0.31     -0.01     0.32     1 
2280794903  -28.15782    -61.77708     0.08     -0.11     0.14     1 
2280794904  -28.15753    -61.74500     0.23     -0.41     0.47     1 
2280794972  -28.18486    -61.96931    -0.24     -0.01     0.24     1 
2280794973  -28.18461    -61.93722    -0.07     -0.11     0.13     1 
2280794974  -28.18436    -61.90513     0.10     -0.23     0.25     1 
2280794978  -28.18327    -61.77679    -0.04     -0.04     0.06     1 
2280794979  -28.18298    -61.74471     0.02     -0.02     0.03     1 
2280794983  -28.18174    -61.61637    -0.04     -0.26     0.27     1 
2280795052  -28.20901    -61.80859    -0.15     -0.08     0.17     1 
2280795053  -28.20872    -61.77650     0.02      0.01     0.02     1 
2280795054  -28.20843    -61.74441     0.07     -0.07     0.10     1 
2280795055  -28.20813    -61.71232     0.01     -0.16     0.16     1 
2280795056  -28.20783    -61.68023    -0.02     -0.32     0.32     1 
2280795057  -28.20751    -61.64814    -0.01     -0.01     0.02     1 
2280795058  -28.20719    -61.61605     0.20     -0.07     0.21     1 
2280795059  -28.20687    -61.58396     0.07     -0.25     0.26     1 
2280795060  -28.20653    -61.55187    -0.11     -0.12     0.16     1 
2280795061  -28.20619    -61.51978    -0.03     -0.59     0.59     2 
2280795132  -28.23296    -61.64782    -0.01     -0.21     0.21     1 
2280795133  -28.23264    -61.61572    -0.17     -0.08     0.19     1 
2280795135  -28.23198    -61.55152    -0.14     -0.27     0.30     1 
2280795212  -28.25673    -61.48698    -0.18     -0.27     0.33     1 
----------------------------------------------------------------------
---------------------------------------------------
Total correlated GCPs in Upper Left Quadrant: 313

GCP statistics this quadrant only (in Pixels)
Line residual statistics:
  Mean: -0.273
  Median: -0.278
  Standard Deviation: 0.187

Sample residual statistics:
  Mean: -0.132
  Median: -0.130
  Standard Deviation: 0.172

Quadrant RMSE: 0.395

---------------------------------------------------
Total correlated GCPs in Upper Right Quadrant: 594

GCP statistics this quadrant only (in Pixels)
Line residual statistics:
  Mean: -0.067
  Median: -0.062
  Standard Deviation: 0.163

Sample residual statistics:
  Mean: -0.078
  Median: -0.077
  Standard Deviation: 0.156

Quadrant RMSE: 0.248

---------------------------------------------------
Total correlated GCPs in Lower Left Quadrant: 275

GCP statistics this quadrant only (in Pixels)
Line residual statistics:
  Mean: -0.068
  Median: -0.075
  Standard Deviation: 0.193

Sample residual statistics:
  Mean: 0.016
  Median: 0.038
  Standard Deviation: 0.208

Quadrant RMSE: 0.292

---------------------------------------------------
Total correlated GCPs in Lower Right Quadrant: 194

GCP statistics this quadrant only (in Pixels)
Line residual statistics:
  Mean: 0.010
  Median: 0.008
  Standard Deviation: 0.143

Sample residual statistics:
  Mean: 0.052
  Median: 0.045
  Standard Deviation: 0.165

Quadrant RMSE: 0.225

---------------------------------------------------
---------------------------------------------------
Total correlated GCPs in scene: 1376

GCP statistics entire scene (in Pixels)
Line residual statistics:
  Mean: -0.103
  Median: -0.088
  Standard Deviation: 0.197

Sample residual statistics:
  Mean: -0.053
  Median: -0.050
  Standard Deviation: 0.184

Scene RMSE: 0.294

