==============================================================================
==============================================================================
Wed. Nov. 4 2015                  LANDSAT 5                       Time: 01:22
                            Image Assessment System
                            GEOMETRIC VERIFY Report
==============================================================================
Order ID: 0601511035998_00057                          Path / Row - 228 / 79
Reference Image: L51CUB1088095130101_HDF.L1G

Color mapping per rank
----------------------
Rank  1 is Green: total residual <= 0.5
Rank  2 is Cyan: 0.5 < total residual <=  1
Rank  3 is Blue:  1 < total residual <=  2
Rank  4 is Yellow:  2 < total residual <=  3
Rank  5 is Red:  3 < total residual

Percentage of residuals by rank
-------------------------------
Rank   1 -- 97.1%
Rank   2 --  2.9%
Rank   3 --  0.0%
Rank   4 --  0.0%
Rank   5 --  0.0%

       GCP    Latitude    Longitude  Sample   Line     Total    Rank
        ID                           Residual Residual Residual
              (Degree)    (Degree)   (Pixel)  (Pixel)  (Pixel)
----------------------------------------------------------------------
2280790095  -26.53082    -62.06581     0.02     -0.02     0.02     1 
2280790240  -26.58268    -62.22204     0.02     -0.38     0.38     1 
2280790245  -26.58174    -62.06540     0.06      0.27     0.28     1 
2280790315  -26.60814    -62.22187     0.19     -0.21     0.28     1 
2280790320  -26.60720    -62.06519    -0.03     -0.02     0.04     1 
2280790332  -26.60423    -61.68920    -0.51     -0.20     0.55     2 
2280790335  -26.60333    -61.59522     0.12     -0.06     0.14     1 
2280790392  -26.63324    -62.15901     0.37     -0.02     0.37     1 
2280790397  -26.63223    -62.00230     0.10      0.32     0.33     1 
2280790398  -26.63201    -61.97096     0.00     -0.13     0.13     1 
2280790409  -26.62909    -61.62624    -0.19      0.09     0.21     1 
2280790410  -26.62879    -61.59490     0.01     -0.14     0.14     1 
2280790411  -26.62848    -61.56357    -0.40      0.09     0.41     1 
2280790466  -26.65888    -62.19017    -0.05     -0.32     0.33     1 
2280790471  -26.65790    -62.03343     0.12     -0.20     0.23     1 
2280790472  -26.65769    -62.00208    -0.07     -0.17     0.19     1 
2280790475  -26.65700    -61.90804    -0.19     -0.04     0.19     1 
2280790477  -26.65650    -61.84535    -0.10     -0.21     0.23     1 
2280790478  -26.65624    -61.81400     0.55     -0.03     0.55     2 
2280790479  -26.65598    -61.78265     0.05     -0.05     0.07     1 
2280790480  -26.65571    -61.75131    -0.07     -0.08     0.11     1 
2280790484  -26.65455    -61.62594     0.08      0.05     0.10     1 
2280790494  -26.65117    -61.31254    -0.04      0.02     0.04     1 
2280790495  -26.65080    -61.28120    -0.13     -0.06     0.15     1 
2280790496  -26.65041    -61.24986     0.03     -0.02     0.04     1 
2280790497  -26.65003    -61.21853     0.31      0.23     0.39     1 
2280790540  -26.68452    -62.22135    -0.20     -0.05     0.21     1 
2280790541  -26.68434    -62.18999    -0.13     -0.15     0.20     1 
2280790542  -26.68416    -62.15863    -0.31      0.19     0.37     1 
2280790551  -26.68221    -61.87644    -0.06     -0.22     0.23     1 
2280790558  -26.68030    -61.65698    -0.01     -0.06     0.06     1 
2280790559  -26.68000    -61.62563     0.03     -0.07     0.08     1 
2280790566  -26.67771    -61.40620     0.40     -0.19     0.45     1 
2280790567  -26.67735    -61.37485     0.08      0.03     0.08     1 
2280790569  -26.67662    -61.31216     0.17      0.29     0.34     1 
2280790577  -26.67342    -61.06143     0.27      0.13     0.30     1 
2280790615  -26.70998    -62.22117     0.25     -0.22     0.33     1 
2280790620  -26.70903    -62.06436     0.04     -0.04     0.06     1 
2280790624  -26.70815    -61.93891     0.17     -0.13     0.21     1 
2280790636  -26.70484    -61.56261     0.08      0.00     0.08     1 
2280790639  -26.70385    -61.46855    -0.01     -0.04     0.05     1 
2280790641  -26.70316    -61.40584    -0.05     -0.09     0.10     1 
2280790643  -26.70244    -61.34314    -0.06     -0.06     0.08     1 
2280790646  -26.70132    -61.24909     0.07      0.10     0.12     1 
2280790654  -26.69800    -60.99831    -0.22      0.08     0.24     1 
2280790655  -26.69755    -60.96697     0.13      0.06     0.14     1 
2280790656  -26.69710    -60.93563    -0.02      0.01     0.03     1 
2280790689  -26.73561    -62.25237    -0.19     -0.42     0.46     1 
2280790690  -26.73544    -62.22100     0.08     -0.11     0.14     1 
2280790691  -26.73526    -62.18963    -0.11     -0.19     0.22     1 
2280790701  -26.73312    -61.87594    -0.35     -0.05     0.35     1 
2280790710  -26.73061    -61.59366    -0.13     -0.07     0.15     1 
2280790711  -26.73029    -61.56229     0.11      0.07     0.13     1 
2280790713  -26.72964    -61.49957    -0.02      0.15     0.15     1 
2280790714  -26.72931    -61.46821    -0.00     -0.02     0.02     1 
2280790718  -26.72790    -61.34277     0.04     -0.45     0.45     1 
2280790720  -26.72715    -61.28005     0.11      0.00     0.11     1 
2280790724  -26.72557    -61.15463     0.08     -0.02     0.08     1 
2280790725  -26.72516    -61.12328     0.14     -0.04     0.15     1 
2280790732  -26.72209    -60.90382     0.08      0.10     0.13     1 
2280790735  -26.72067    -60.80977    -0.08      0.03     0.08     1 
2280790739  -26.71867    -60.68439     0.38      0.22     0.44     1 
2280790764  -26.76107    -62.25221    -0.23     -0.33     0.40     1 
2280790765  -26.76090    -62.22083     0.02     -0.24     0.24     1 
2280790766  -26.76072    -62.18945    -0.26      0.30     0.39     1 
2280790767  -26.76054    -62.15807    -0.01     -0.06     0.06     1 
2280790768  -26.76035    -62.12669     0.15      0.09     0.17     1 
2280790780  -26.75753    -61.75020    -0.39     -0.20     0.44     1 
2280790785  -26.75606    -61.59334     0.25     -0.23     0.34     1 
2280790787  -26.75542    -61.53061     0.32     -0.13     0.35     1 
2280790792  -26.75371    -61.37377     0.21     -0.27     0.34     1 
2280790797  -26.75182    -61.21695     0.19     -0.12     0.22     1 
2280790798  -26.75143    -61.18558    -0.18      0.06     0.19     1 
2280790801  -26.75019    -61.09150     0.08     -0.10     0.13     1 
2280790805  -26.74845    -60.96606    -0.26     -0.01     0.26     1 
2280790806  -26.74799    -60.93471     0.17      0.17     0.24     1 
2280790807  -26.74753    -60.90335     0.29      0.08     0.30     1 
2280790809  -26.74659    -60.84064     0.06      0.17     0.18     1 
2280790810  -26.74611    -60.80929    -0.09      0.13     0.16     1 
2280790812  -26.74513    -60.74658    -0.02     -0.25     0.25     1 
2280790813  -26.74462    -60.71523    -0.12     -0.22     0.26     1 
2280790814  -26.74412    -60.68388     0.02     -0.23     0.23     1 
2280790815  -26.74360    -60.65253    -0.05      0.23     0.24     1 
2280790816  -26.74308    -60.62118    -0.11      0.16     0.19     1 
2280790817  -26.74255    -60.58983     0.04     -0.41     0.41     1 
2280790819  -26.74147    -60.52714     0.35      0.16     0.39     1 
2280790846  -26.78520    -62.03235    -0.15     -0.14     0.20     1 
2280790852  -26.78378    -61.84406    -0.22     -0.23     0.31     1 
2280790853  -26.78352    -61.81268    -0.04     -0.10     0.11     1 
2280790855  -26.78298    -61.74992     0.39      0.06     0.39     1 
2280790856  -26.78270    -61.71854     0.03     -0.19     0.19     1 
2280790860  -26.78151    -61.59303     0.12     -0.09     0.15     1 
2280790861  -26.78120    -61.56165     0.08      0.07     0.11     1 
2280790862  -26.78088    -61.53028     0.05     -0.06     0.08     1 
2280790867  -26.77916    -61.37340     0.07     -0.24     0.25     1 
2280790870  -26.77805    -61.27929     0.17      0.24     0.29     1 
2280790876  -26.77564    -61.09107     0.11     -0.09     0.14     1 
2280790877  -26.77521    -61.05971     0.35     -0.21     0.41     1 
2280790878  -26.77478    -61.02834    -0.02     -0.01     0.02     1 
2280790882  -26.77298    -60.90288     0.06      0.31     0.32     1 
2280790883  -26.77251    -60.87152     0.07      0.18     0.19     1 
2280790885  -26.77155    -60.80880     0.29      0.19     0.34     1 
2280790888  -26.77006    -60.71472     0.05      0.07     0.08     1 
2280790889  -26.76956    -60.68336     0.02      0.06     0.07     1 
2280790890  -26.76904    -60.65200    -0.02      0.02     0.03     1 
2280790891  -26.76852    -60.62065     0.10     -0.15     0.18     1 
2280790892  -26.76798    -60.58929    -0.04     -0.01     0.05     1 
2280790895  -26.76635    -60.49523     0.43     -0.01     0.43     1 
2280790896  -26.76580    -60.46388     0.24      0.12     0.27     1 
2280790915  -26.81181    -62.22048     0.09     -0.17     0.19     1 
2280790917  -26.81145    -62.15770     0.02     -0.40     0.40     1 
2280790920  -26.81086    -62.06352    -0.20     -0.25     0.32     1 
2280790922  -26.81043    -62.00075     0.12     -0.38     0.40     1 
2280790928  -26.80898    -61.81242    -0.09     -0.14     0.16     1 
2280790930  -26.80844    -61.74964     0.01     -0.08     0.08     1 
2280790932  -26.80787    -61.68687    -0.10     -0.09     0.14     1 
2280790933  -26.80758    -61.65548    -0.32     -0.27     0.42     1 
2280790935  -26.80697    -61.59272     0.04     -0.23     0.23     1 
2280790937  -26.80633    -61.52995    -0.17      0.12     0.21     1 
2280790939  -26.80566    -61.46718     0.04     -0.02     0.05     1 
2280790940  -26.80532    -61.43580     0.16     -0.00     0.16     1 
2280790941  -26.80497    -61.40442     0.05     -0.00     0.05     1 
2280790945  -26.80350    -61.27890    -0.05     -0.28     0.29     1 
2280790946  -26.80311    -61.24753    -0.25      0.12     0.28     1 
2280790947  -26.80272    -61.21615     0.19     -0.05     0.20     1 
2280790953  -26.80022    -61.02790    -0.31      0.31     0.44     1 
2280790959  -26.79748    -60.83968    -0.02      0.10     0.10     1 
2280790960  -26.79699    -60.80831     0.06      0.05     0.08     1 
2280790962  -26.79601    -60.74557     0.02      0.05     0.05     1 
2280790963  -26.79551    -60.71421     0.12     -0.11     0.16     1 
2280790964  -26.79500    -60.68284     0.34      0.01     0.34     1 
2280790965  -26.79448    -60.65148     0.12      0.08     0.14     1 
2280790966  -26.79396    -60.62012     0.15      0.14     0.20     1 
2280790967  -26.79342    -60.58875     0.09      0.14     0.17     1 
2280790968  -26.79289    -60.55739     0.36      0.30     0.47     1 
2280790971  -26.79123    -60.46332    -0.18      0.09     0.20     1 
2280790972  -26.79067    -60.43196    -0.06      0.12     0.13     1 
2280790991  -26.83710    -62.18891     0.11     -0.24     0.27     1 
2280790992  -26.83691    -62.15751    -0.05     -0.13     0.14     1 
2280790995  -26.83632    -62.06332    -0.16     -0.15     0.22     1 
2280790998  -26.83567    -61.96912     0.04     -0.17     0.18     1 
2280791005  -26.83389    -61.74936    -0.12     -0.08     0.15     1 
2280791006  -26.83361    -61.71797     0.11     -0.05     0.12     1 
2280791011  -26.83210    -61.56101    -0.05     -0.14     0.15     1 
2280791015  -26.83077    -61.43545     0.08      0.15     0.17     1 
2280791018  -26.82970    -61.34129     0.13     -0.20     0.24     1 
2280791020  -26.82895    -61.27852     0.13     -0.13     0.18     1 
2280791027  -26.82610    -61.05884     0.21     -0.08     0.22     1 
2280791028  -26.82567    -61.02746     0.28     -0.13     0.31     1 
2280791031  -26.82433    -60.93332     0.08      0.20     0.21     1 
2280791034  -26.82292    -60.83919     0.39     -0.15     0.42     1 
2280791036  -26.82195    -60.77644     0.17     -0.45     0.49     1 
2280791037  -26.82145    -60.74507    -0.16      0.06     0.17     1 
2280791038  -26.82095    -60.71370     0.06     -0.20     0.21     1 
2280791039  -26.82044    -60.68233     0.18     -0.20     0.27     1 
2280791040  -26.81992    -60.65096     0.13     -0.03     0.14     1 
2280791041  -26.81939    -60.61959     0.02     -0.07     0.07     1 
2280791042  -26.81886    -60.58822     0.35     -0.07     0.36     1 
2280791043  -26.81833    -60.55685     0.18      0.35     0.40     1 
2280791045  -26.81723    -60.49412     0.05      0.24     0.24     1 
2280791047  -26.81610    -60.43138    -0.18      0.30     0.35     1 
2280791066  -26.86256    -62.18872     0.33     -0.30     0.44     1 
2280791073  -26.86112    -61.96889    -0.14     -0.31     0.34     1 
2280791074  -26.86089    -61.93749    -0.19     -0.13     0.23     1 
2280791087  -26.85723    -61.52929     0.07     -0.08     0.11     1 
2280791088  -26.85690    -61.49789     0.00      0.03     0.03     1 
2280791089  -26.85657    -61.46650     0.17      0.01     0.17     1 
2280791090  -26.85622    -61.43510     0.02     -0.04     0.05     1 
2280791092  -26.85551    -61.37231     0.16      0.03     0.17     1 
2280791093  -26.85515    -61.34092     0.23     -0.11     0.25     1 
2280791094  -26.85478    -61.30953     0.21     -0.01     0.21     1 
2280791095  -26.85440    -61.27813     0.10     -0.09     0.13     1 
2280791096  -26.85401    -61.24674    -0.29     -0.11     0.31     1 
2280791097  -26.85362    -61.21535     0.01      0.08     0.08     1 
2280791098  -26.85322    -61.18396     0.10      0.03     0.11     1 
2280791099  -26.85281    -61.15257     0.09      0.04     0.10     1 
2280791102  -26.85155    -61.05841     0.18     -0.23     0.29     1 
2280791104  -26.85067    -60.99563     0.12      0.06     0.13     1 
2280791106  -26.84977    -60.93286     0.01     -0.16     0.16     1 
2280791110  -26.84788    -60.80733    -0.23      0.41     0.47     1 
2280791111  -26.84739    -60.77595    -0.33     -0.06     0.34     1 
2280791112  -26.84689    -60.74457     0.16     -0.08     0.18     1 
2280791113  -26.84639    -60.71319     0.16      0.23     0.28     1 
2280791114  -26.84588    -60.68181    -0.18     -0.18     0.26     1 
2280791115  -26.84536    -60.65043     0.18      0.05     0.19     1 
2280791116  -26.84483    -60.61905    -0.16     -0.53     0.55     2 
2280791117  -26.84430    -60.58768     0.29      0.01     0.29     1 
2280791118  -26.84376    -60.55630    -0.12      0.32     0.34     1 
2280791119  -26.84322    -60.52493    -0.20     -0.03     0.20     1 
2280791120  -26.84266    -60.49355     0.21     -0.21     0.30     1 
2280791141  -26.88801    -62.18854     0.02     -0.08     0.08     1 
2280791144  -26.88744    -62.09431     0.04     -0.29     0.29     1 
2280791145  -26.88724    -62.06290     0.09     -0.39     0.40     1 
2280791146  -26.88703    -62.03149     0.14     -0.24     0.28     1 
2280791148  -26.88658    -61.96866     0.14     -0.12     0.19     1 
2280791156  -26.88452    -61.71740     0.08     -0.16     0.18     1 
2280791157  -26.88423    -61.68599    -0.06     -0.18     0.19     1 
2280791160  -26.88333    -61.59177     0.20     -0.29     0.35     1 
2280791162  -26.88269    -61.52896    -0.03     -0.20     0.20     1 
2280791164  -26.88202    -61.46616     0.10      0.01     0.11     1 
2280791165  -26.88167    -61.43475     0.09     -0.06     0.11     1 
2280791166  -26.88132    -61.40335    -0.01      0.10     0.10     1 
2280791167  -26.88096    -61.37195     0.05      0.01     0.05     1 
2280791168  -26.88060    -61.34055     0.03     -0.07     0.08     1 
2280791169  -26.88023    -61.30915     0.15     -0.10     0.18     1 
2280791170  -26.87985    -61.27775     0.17     -0.07     0.18     1 
2280791171  -26.87946    -61.24635    -0.09     -0.08     0.12     1 
2280791172  -26.87907    -61.21495    -0.15     -0.20     0.24     1 
2280791174  -26.87826    -61.15216    -0.05      0.03     0.06     1 
2280791179  -26.87612    -60.99518    -0.03      0.08     0.08     1 
2280791181  -26.87522    -60.93240     0.19      0.21     0.28     1 
2280791187  -26.87233    -60.74406    -0.13     -0.10     0.16     1 
2280791189  -26.87132    -60.68129     0.02      0.14     0.15     1 
2280791190  -26.87080    -60.64990     0.03      0.04     0.05     1 
2280791191  -26.87027    -60.61852     0.41     -0.14     0.43     1 
2280791192  -26.86974    -60.58714    -0.02      0.16     0.16     1 
2280791193  -26.86920    -60.55575     0.10      0.37     0.38     1 
2280791194  -26.86865    -60.52437    -0.15      0.24     0.28     1 
2280791195  -26.86810    -60.49299     0.18      0.28     0.34     1 
2280791196  -26.86754    -60.46161    -0.20      0.20     0.28     1 
2280791197  -26.86697    -60.43024     0.11     -0.14     0.18     1 
2280791216  -26.91347    -62.18836     0.22     -0.24     0.32     1 
2280791217  -26.91329    -62.15694    -0.01     -0.14     0.14     1 
2280791219  -26.91290    -62.09410    -0.05     -0.16     0.17     1 
2280791220  -26.91269    -62.06269     0.12     -0.35     0.37     1 
2280791221  -26.91248    -62.03127    -0.02     -0.24     0.24     1 
2280791223  -26.91204    -61.96843     0.07     -0.23     0.24     1 
2280791224  -26.91180    -61.93702     0.03     -0.23     0.23     1 
2280791225  -26.91156    -61.90560     0.30     -0.22     0.37     1 
2280791228  -26.91080    -61.81135     0.02     -0.26     0.26     1 
2280791232  -26.90969    -61.68569     0.01     -0.44     0.44     1 
2280791233  -26.90939    -61.65428    -0.04     -0.21     0.22     1 
2280791237  -26.90814    -61.52863     0.23     -0.52     0.57     2 
2280791238  -26.90781    -61.49722     0.11     -0.25     0.27     1 
2280791239  -26.90747    -61.46581     0.11     -0.10     0.15     1 
2280791240  -26.90713    -61.43440     0.13     -0.19     0.23     1 
2280791241  -26.90677    -61.40299    -0.14     -0.09     0.17     1 
2280791242  -26.90641    -61.37159    -0.04     -0.14     0.15     1 
2280791243  -26.90605    -61.34018    -0.00     -0.03     0.03     1 
2280791244  -26.90568    -61.30877     0.09     -0.10     0.14     1 
2280791245  -26.90530    -61.27736    -0.01     -0.04     0.04     1 
2280791246  -26.90491    -61.24596     0.08     -0.08     0.12     1 
2280791247  -26.90452    -61.21455     0.22     -0.05     0.22     1 
2280791251  -26.90287    -61.08894    -0.07      0.01     0.07     1 
2280791254  -26.90157    -60.99473     0.21     -0.17     0.27     1 
2280791256  -26.90066    -60.93194    -0.13     -0.08     0.15     1 
2280791259  -26.89925    -60.83774    -0.02     -0.12     0.12     1 
2280791260  -26.89876    -60.80635     0.44     -0.00     0.44     1 
2280791263  -26.89727    -60.71216     0.25      0.09     0.27     1 
2280791270  -26.89354    -60.49243     0.14      0.10     0.17     1 
2280791271  -26.89298    -60.46104     0.08     -0.01     0.08     1 
2280791272  -26.89241    -60.42966    -0.35      0.20     0.41     1 
2280791292  -26.93875    -62.15675    -0.09     -0.13     0.16     1 
2280791295  -26.93815    -62.06247     0.00     -0.13     0.13     1 
2280791300  -26.93702    -61.90535    -0.04     -0.04     0.05     1 
2280791303  -26.93626    -61.81108    -0.15     -0.55     0.57     2 
2280791305  -26.93571    -61.74824     0.05     -0.15     0.16     1 
2280791306  -26.93543    -61.71682    -0.06     -0.11     0.13     1 
2280791312  -26.93359    -61.52830    -0.16     -0.07     0.18     1 
2280791313  -26.93326    -61.49688     0.09      0.10     0.14     1 
2280791314  -26.93292    -61.46547     0.05     -0.09     0.11     1 
2280791315  -26.93258    -61.43405    -0.02      0.09     0.09     1 
2280791316  -26.93222    -61.40263     0.27     -0.51     0.58     2 
2280791317  -26.93186    -61.37122     0.07     -0.26     0.27     1 
2280791319  -26.93113    -61.30839     0.20     -0.33     0.38     1 
2280791320  -26.93075    -61.27698     0.24     -0.09     0.25     1 
2280791321  -26.93036    -61.24556     0.20     -0.08     0.22     1 
2280791322  -26.92996    -61.21415     0.05     -0.11     0.12     1 
2280791323  -26.92956    -61.18274     0.13     -0.02     0.13     1 
2280791325  -26.92874    -61.11992    -0.03     -0.02     0.04     1 
2280791326  -26.92832    -61.08851     0.03     -0.19     0.20     1 
2280791328  -26.92745    -61.02569     0.22      0.23     0.31     1 
2280791330  -26.92656    -60.96288     0.07      0.11     0.13     1 
2280791332  -26.92564    -60.90006     0.21      0.06     0.22     1 
2280791333  -26.92517    -60.86866     0.13      0.12     0.18     1 
2280791336  -26.92371    -60.77445     0.14      0.35     0.38     1 
2280791342  -26.92062    -60.58606     0.24      0.06     0.25     1 
2280791343  -26.92008    -60.55466     0.41      0.09     0.41     1 
2280791345  -26.91897    -60.49187    -0.04     -0.22     0.22     1 
2280791347  -26.91784    -60.42908    -0.02     -0.15     0.15     1 
2280791368  -26.96401    -62.12513    -0.06     -0.04     0.07     1 
2280791373  -26.96295    -61.96797    -0.19     -0.39     0.43     1 
2280791374  -26.96272    -61.93654     0.02      0.00     0.02     1 
2280791376  -26.96223    -61.87368    -0.04     -0.20     0.20     1 
2280791381  -26.96089    -61.71653    -0.12     -0.26     0.29     1 
2280791382  -26.96060    -61.68510     0.05     -0.14     0.15     1 
2280791386  -26.95937    -61.55940    -0.17     -0.52     0.55     2 
2280791389  -26.95837    -61.46512     0.05     -0.20     0.20     1 
2280791390  -26.95803    -61.43370     0.18     -0.17     0.24     1 
2280791391  -26.95768    -61.40228     0.11      0.02     0.11     1 
2280791392  -26.95732    -61.37085     0.06     -0.04     0.07     1 
2280791393  -26.95695    -61.33943     0.05     -0.12     0.13     1 
2280791394  -26.95658    -61.30801    -0.07     -0.16     0.18     1 
2280791395  -26.95620    -61.27659     0.20     -0.03     0.21     1 
2280791396  -26.95581    -61.24517     0.14      0.08     0.16     1 
2280791397  -26.95541    -61.21375    -0.03     -0.06     0.07     1 
2280791400  -26.95419    -61.11950     0.20     -0.04     0.20     1 
2280791401  -26.95377    -61.08808     0.05     -0.21     0.21     1 
2280791402  -26.95334    -61.05666     0.23     -0.09     0.24     1 
2280791407  -26.95108    -60.89959     0.11      0.20     0.23     1 
2280791409  -26.95013    -60.83677     0.08      0.16     0.18     1 
2280791410  -26.94965    -60.80536     0.02      0.14     0.14     1 
2280791411  -26.94916    -60.77395     0.04     -0.04     0.05     1 
2280791412  -26.94866    -60.74254     0.20      0.09     0.22     1 
2280791413  -26.94815    -60.71114    -0.06      0.17     0.18     1 
2280791420  -26.94441    -60.49131     0.25      0.03     0.25     1 
2280791421  -26.94385    -60.45991     0.02      0.04     0.05     1 
2280791422  -26.94328    -60.42851     0.20     -0.11     0.23     1 
2280791438  -26.99036    -62.28214     0.12     -0.20     0.23     1 
2280791452  -26.98743    -61.84199     0.21     -0.20     0.29     1 
2280791456  -26.98634    -61.71624     0.03     -0.02     0.04     1 
2280791457  -26.98605    -61.68481     0.03     -0.01     0.03     1 
2280791458  -26.98575    -61.65337     0.03     -0.14     0.14     1 
2280791460  -26.98514    -61.59051    -0.34     -0.02     0.34     1 
2280791462  -26.98450    -61.52764     0.30     -0.04     0.30     1 
2280791464  -26.98382    -61.46478    -0.32     -0.09     0.33     1 
2280791465  -26.98348    -61.43335     0.08     -0.33     0.34     1 
2280791468  -26.98240    -61.33906    -0.03     -0.18     0.18     1 
2280791469  -26.98203    -61.30763    -0.11     -0.00     0.11     1 
2280791470  -26.98165    -61.27620    -0.27      0.25     0.36     1 
2280791472  -26.98086    -61.21335     0.15     -0.19     0.24     1 
2280791476  -26.97921    -61.08765     0.10      0.12     0.15     1 
2280791478  -26.97835    -61.02480     0.20     -0.26     0.33     1 
2280791480  -26.97745    -60.96196    -0.04     -0.35     0.35     1 
2280791481  -26.97699    -60.93054     0.09      0.06     0.11     1 
2280791482  -26.97653    -60.89912     0.00     -0.09     0.09     1 
2280791485  -26.97509    -60.80487     0.09     -0.00     0.09     1 
2280791486  -26.97460    -60.77345    -0.16      0.11     0.19     1 
2280791488  -26.97359    -60.71062     0.25      0.06     0.25     1 
2280791490  -26.97256    -60.64780    -0.06     -0.01     0.06     1 
2280791491  -26.97203    -60.61638     0.11      0.03     0.11     1 
2280791492  -26.97149    -60.58497     0.08     -0.10     0.13     1 
2280791496  -26.96928    -60.45934     0.12      0.09     0.15     1 
2280791513  -27.01582    -62.28198    -0.12     -0.07     0.14     1 
2280791515  -27.01548    -62.21908    -0.04     -0.20     0.20     1 
2280791516  -27.01531    -62.18763    -0.10     -0.19     0.22     1 
2280791517  -27.01512    -62.15618     0.01     -0.21     0.21     1 
2280791518  -27.01493    -62.12474     0.04     -0.19     0.19     1 
2280791521  -27.01431    -62.03040     0.12     -0.25     0.28     1 
2280791523  -27.01386    -61.96750     0.20     -0.11     0.23     1 
2280791529  -27.01235    -61.77884     0.17     -0.27     0.32     1 
2280791530  -27.01208    -61.74739     0.05     -0.37     0.38     1 
2280791532  -27.01150    -61.68451    -0.04     -0.16     0.16     1 
2280791535  -27.01059    -61.59019    -0.07     -0.22     0.23     1 
2280791536  -27.01027    -61.55875     0.04     -0.06     0.07     1 
2280791537  -27.00995    -61.52731     0.15      0.03     0.16     1 
2280791538  -27.00962    -61.49587     0.22     -0.19     0.30     1 
2280791544  -27.00747    -61.30725     0.08     -0.20     0.22     1 
2280791545  -27.00709    -61.27581     0.14     -0.15     0.20     1 
2280791546  -27.00671    -61.24438    -0.14     -0.32     0.35     1 
2280791547  -27.00631    -61.21295    -0.08     -0.20     0.22     1 
2280791549  -27.00550    -61.15008     0.15     -0.07     0.16     1 
2280791550  -27.00508    -61.11865     0.05      0.09     0.10     1 
2280791552  -27.00423    -61.05579    -0.12      0.05     0.13     1 
2280791553  -27.00379    -61.02436     0.33     -0.01     0.33     1 
2280791554  -27.00335    -60.99293     0.06     -0.08     0.10     1 
2280791555  -27.00289    -60.96150    -0.15     -0.20     0.25     1 
2280791556  -27.00244    -60.93008     0.22      0.09     0.23     1 
2280791558  -27.00150    -60.86722    -0.13      0.10     0.16     1 
2280791559  -27.00102    -60.83580     0.01     -0.05     0.05     1 
2280791560  -27.00053    -60.80437    -0.05     -0.17     0.18     1 
2280791561  -27.00004    -60.77295    -0.04     -0.19     0.20     1 
2280791562  -26.99954    -60.74153    -0.37      0.34     0.50     2 
2280791563  -26.99903    -60.71011     0.18     -0.15     0.24     1 
2280791564  -26.99852    -60.67869     0.01      0.40     0.40     1 
2280791566  -26.99747    -60.61585     0.09      0.41     0.42     1 
2280791567  -26.99693    -60.58443     0.09     -0.03     0.10     1 
2280791569  -26.99584    -60.52159    -0.04      0.22     0.23     1 
2280791570  -26.99528    -60.49018     0.05     -0.18     0.18     1 
2280791571  -26.99472    -60.45876     0.19     -0.37     0.42     1 
2280791587  -27.04143    -62.31327     0.06      0.10     0.12     1 
2280791588  -27.04128    -62.28181     0.02     -0.05     0.06     1 
2280791590  -27.04094    -62.21890    -0.05     -0.07     0.09     1 
2280791591  -27.04076    -62.18745     0.00     -0.13     0.13     1 
2280791597  -27.03955    -61.99872    -0.26     -0.13     0.29     1 
2280791599  -27.03909    -61.93582    -0.26     -0.22     0.34     1 
2280791603  -27.03808    -61.81001    -0.05     -0.12     0.13     1 
2280791604  -27.03781    -61.77856    -0.03     -0.09     0.09     1 
2280791606  -27.03725    -61.71566    -0.04     -0.17     0.17     1 
2280791607  -27.03696    -61.68421     0.08      0.06     0.10     1 
2280791609  -27.03636    -61.62132     0.06     -0.11     0.13     1 
2280791614  -27.03473    -61.46408     0.44     -0.21     0.49     1 
2280791618  -27.03330    -61.33831    -0.02     -0.16     0.16     1 
2280791619  -27.03292    -61.30687     0.15     -0.11     0.19     1 
2280791620  -27.03254    -61.27542     0.14      0.06     0.15     1 
2280791621  -27.03215    -61.24398     0.04     -0.06     0.07     1 
2280791622  -27.03176    -61.21254     0.30     -0.14     0.33     1 
2280791625  -27.03053    -61.11823     0.04     -0.21     0.22     1 
2280791626  -27.03010    -61.08679    -0.04     -0.15     0.16     1 
2280791629  -27.02879    -60.99248     0.20      0.11     0.23     1 
2280791630  -27.02834    -60.96104     0.13     -0.08     0.15     1 
2280791631  -27.02788    -60.92961     0.00     -0.05     0.05     1 
2280791634  -27.02646    -60.83531    -0.01      0.05     0.05     1 
2280791635  -27.02597    -60.80388    -0.01      0.30     0.30     1 
2280791636  -27.02548    -60.77245     0.10     -0.18     0.21     1 
2280791637  -27.02498    -60.74102    -0.03     -0.10     0.10     1 
2280791638  -27.02447    -60.70959    -0.16     -0.14     0.21     1 
2280791641  -27.02291    -60.61531     0.07     -0.11     0.13     1 
2280791643  -27.02183    -60.55246     0.03      0.11     0.12     1 
2280791644  -27.02128    -60.52104     0.02     -0.16     0.16     1 
2280791646  -27.02015    -60.45819     0.00     -0.16     0.16     1 
2280791667  -27.06604    -62.15580     0.33     -0.09     0.35     1 
2280791671  -27.06522    -62.02996    -0.07     -0.35     0.36     1 
2280791673  -27.06478    -61.96704    -0.05     -0.59     0.59     2 
2280791674  -27.06454    -61.93558     0.02      0.01     0.03     1 
2280791678  -27.06353    -61.80974    -0.02     -0.23     0.23     1 
2280791679  -27.06326    -61.77829    -0.01     -0.20     0.20     1 
2280791682  -27.06241    -61.68392    -0.02     -0.07     0.08     1 
2280791686  -27.06118    -61.55810     0.04     -0.02     0.04     1 
2280791689  -27.06018    -61.46374    -0.04      0.01     0.04     1 
2280791691  -27.05948    -61.40084    -0.04     -0.21     0.21     1 
2280791692  -27.05912    -61.36939     0.07     -0.05     0.09     1 
2280791693  -27.05875    -61.33794     0.11      0.13     0.17     1 
2280791694  -27.05837    -61.30649     0.03     -0.04     0.05     1 
2280791697  -27.05721    -61.21214     0.18      0.06     0.19     1 
2280791698  -27.05680    -61.18069     0.13      0.06     0.14     1 
2280791703  -27.05468    -61.02347    -0.35      0.02     0.35     1 
2280791704  -27.05424    -60.99202    -0.02      0.03     0.04     1 
2280791705  -27.05378    -60.96058     0.13     -0.01     0.13     1 
2280791706  -27.05332    -60.92914    -0.35     -0.39     0.52     2 
2280791707  -27.05286    -60.89770     0.13     -0.30     0.33     1 
2280791708  -27.05238    -60.86626     0.13     -0.05     0.14     1 
2280791709  -27.05190    -60.83482    -0.07     -0.23     0.24     1 
2280791710  -27.05142    -60.80338     0.25      0.00     0.25     1 
2280791712  -27.05042    -60.74051    -0.01     -0.07     0.07     1 
2280791713  -27.04991    -60.70907    -0.21     -0.02     0.21     1 
2280791714  -27.04940    -60.67764    -0.25      0.20     0.32     1 
2280791715  -27.04887    -60.64621     0.25     -0.09     0.27     1 
2280791716  -27.04834    -60.61477    -0.14      0.15     0.21     1 
2280791717  -27.04781    -60.58334     0.12     -0.10     0.15     1 
2280791718  -27.04726    -60.55191     0.01     -0.11     0.11     1 
2280791719  -27.04671    -60.52048    -0.22     -0.51     0.56     2 
2280791720  -27.04615    -60.48905    -0.11     -0.20     0.23     1 
2280791721  -27.04559    -60.45762    -0.16     -0.03     0.16     1 
2280791739  -27.09203    -62.25002    -0.15      0.04     0.15     1 
2280791746  -27.09068    -62.02974    -0.20     -0.38     0.43     1 
2280791751  -27.08951    -61.87241    -0.20     -0.18     0.27     1 
2280791752  -27.08925    -61.84094    -0.10     -0.10     0.14     1 
2280791753  -27.08899    -61.80947    -0.10      0.20     0.22     1 
2280791754  -27.08872    -61.77801    -0.00     -0.18     0.18     1 
2280791755  -27.08844    -61.74655    -0.34     -0.06     0.34     1 
2280791757  -27.08787    -61.68362    -0.13     -0.18     0.22     1 
2280791758  -27.08757    -61.65216    -0.09     -0.14     0.16     1 
2280791759  -27.08726    -61.62069     0.11     -0.17     0.21     1 
2280791762  -27.08630    -61.52631    -0.17     -0.13     0.22     1 
2280791763  -27.08597    -61.49485    -0.02     -0.06     0.07     1 
2280791765  -27.08528    -61.43193     0.20      0.11     0.23     1 
2280791766  -27.08493    -61.40047    -0.11     -0.12     0.16     1 
2280791769  -27.08382    -61.30610     0.17     -0.31     0.36     1 
2280791771  -27.08305    -61.24319     0.51     -0.31     0.60     2 
2280791773  -27.08225    -61.18028     0.13     -0.11     0.17     1 
2280791774  -27.08184    -61.14883     0.03      0.21     0.22     1 
2280791777  -27.08056    -61.05447    -0.25      0.09     0.26     1 
2280791779  -27.07968    -60.99157     0.04     -0.20     0.21     1 
2280791780  -27.07923    -60.96012    -0.00      0.07     0.07     1 
2280791781  -27.07877    -60.92867     0.13     -0.18     0.22     1 
2280791782  -27.07830    -60.89723    -0.15     -0.08     0.17     1 
2280791783  -27.07783    -60.86578    -0.25      0.07     0.26     1 
2280791784  -27.07735    -60.83433     0.32     -0.03     0.32     1 
2280791785  -27.07686    -60.80289     0.03     -0.13     0.14     1 
2280791786  -27.07636    -60.77144     0.05     -0.18     0.19     1 
2280791787  -27.07586    -60.74000     0.18     -0.18     0.25     1 
2280791788  -27.07535    -60.70856     0.08     -0.09     0.12     1 
2280791790  -27.07431    -60.64567     0.07     -0.24     0.26     1 
2280791791  -27.07378    -60.61423    -0.07     -0.03     0.07     1 
2280791792  -27.07324    -60.58279     0.04     -0.09     0.10     1 
2280791793  -27.07270    -60.55136    -0.18     -0.24     0.30     1 
2280791794  -27.07215    -60.51992     0.06     -0.10     0.12     1 
2280791795  -27.07159    -60.48848    -0.03     -0.18     0.19     1 
2280791796  -27.07102    -60.45704    -0.02     -0.23     0.23     1 
2280791832  -27.11332    -61.68332    -0.14     -0.10     0.17     1 
2280791833  -27.11302    -61.65185    -0.03     -0.07     0.07     1 
2280791834  -27.11272    -61.62038     0.09     -0.24     0.26     1 
2280791835  -27.11240    -61.58891    -0.04     -0.13     0.14     1 
2280791838  -27.11142    -61.49451     0.01     -0.05     0.05     1 
2280791839  -27.11108    -61.46304    -0.04     -0.15     0.15     1 
2280791840  -27.11073    -61.43158     0.05     -0.20     0.20     1 
2280791842  -27.11002    -61.36865     0.03     -0.01     0.03     1 
2280791843  -27.10965    -61.33718     0.13     -0.03     0.14     1 
2280791845  -27.10889    -61.27426    -0.34      0.02     0.34     1 
2280791846  -27.10850    -61.24279     0.06      0.33     0.33     1 
2280791847  -27.10810    -61.21133     0.23     -0.09     0.25     1 
2280791848  -27.10770    -61.17987    -0.14     -0.06     0.16     1 
2280791849  -27.10729    -61.14841     0.56     -0.07     0.56     2 
2280791853  -27.10557    -61.02258     0.22     -0.49     0.54     2 
2280791854  -27.10513    -60.99112    -0.19     -0.08     0.21     1 
2280791855  -27.10467    -60.95966     0.02     -0.13     0.13     1 
2280791856  -27.10421    -60.92821    -0.32     -0.42     0.53     2 
2280791857  -27.10374    -60.89675    -0.17     -0.12     0.21     1 
2280791858  -27.10327    -60.86530     0.14      0.12     0.18     1 
2280791859  -27.10279    -60.83384     0.03      0.04     0.05     1 
2280791860  -27.10230    -60.80239     0.06     -0.09     0.11     1 
2280791863  -27.10079    -60.70804     0.01     -0.10     0.10     1 
2280791865  -27.09975    -60.64514    -0.29     -0.00     0.29     1 
2280791866  -27.09922    -60.61369     0.01      0.13     0.13     1 
2280791867  -27.09868    -60.58225    -0.03     -0.02     0.04     1 
2280791868  -27.09814    -60.55080     0.47     -0.18     0.50     2 
2280791869  -27.09758    -60.51936     0.17     -0.16     0.23     1 
2280791870  -27.09703    -60.48791     0.25     -0.34     0.42     1 
2280791890  -27.14277    -62.21820    -0.04     -0.09     0.10     1 
2280791899  -27.14091    -61.93486     0.10     -0.11     0.14     1 
2280791902  -27.14016    -61.84042     0.06     -0.13     0.15     1 
2280791903  -27.13990    -61.80894    -0.00     -0.18     0.18     1 
2280791905  -27.13935    -61.74598    -0.37     -0.17     0.41     1 
2280791908  -27.13847    -61.65155    -0.04     -0.10     0.11     1 
2280791910  -27.13785    -61.58859     0.12     -0.14     0.19     1 
2280791911  -27.13753    -61.55712     0.09     -0.23     0.24     1 
2280791914  -27.13653    -61.46270    -0.10     -0.12     0.16     1 
2280791915  -27.13618    -61.43122     0.22     -0.18     0.28     1 
2280791916  -27.13583    -61.39975    -0.17     -0.10     0.20     1 
2280791923  -27.13314    -61.17946     0.09     -0.18     0.20     1 
2280791926  -27.13189    -61.08506    -0.19      0.06     0.19     1 
2280791927  -27.13146    -61.05359    -0.28     -0.18     0.34     1 
2280791928  -27.13102    -61.02213     0.02      0.45     0.45     1 
2280791929  -27.13057    -60.99066    -0.24     -0.12     0.27     1 
2280791930  -27.13011    -60.95920    -0.07     -0.11     0.13     1 
2280791931  -27.12965    -60.92774    -0.11     -0.26     0.28     1 
2280791932  -27.12919    -60.89628    -0.04     -0.02     0.05     1 
2280791933  -27.12871    -60.86481     0.24      0.10     0.26     1 
2280791935  -27.12774    -60.80189    -0.07     -0.10     0.12     1 
2280791936  -27.12724    -60.77043    -0.07      0.11     0.13     1 
2280791939  -27.12571    -60.67606    -0.05     -0.05     0.07     1 
2280791940  -27.12519    -60.64461    -0.04     -0.00     0.04     1 
2280791942  -27.12412    -60.58170    -0.19     -0.11     0.22     1 
2280791943  -27.12357    -60.55025    -0.07     -0.24     0.25     1 
2280791944  -27.12302    -60.51879    -0.14     -0.33     0.36     1 
2280791945  -27.12246    -60.48734     0.16     -0.42     0.45     1 
2280791965  -27.16823    -62.21802     0.24     -0.01     0.24     1 
2280791972  -27.16683    -61.99759     0.08      0.05     0.10     1 
2280791975  -27.16612    -61.90313    -0.05     -0.02     0.06     1 
2280791978  -27.16535    -61.80867    -0.00      0.07     0.07     1 
2280791979  -27.16508    -61.77718     0.06     -0.39     0.40     1 
2280791987  -27.16266    -61.52531    -0.12      0.00     0.12     1 
2280791993  -27.16055    -61.33643    -0.04     -0.08     0.09     1 
2280791994  -27.16017    -61.30495     0.01      0.12     0.12     1 
2280791996  -27.15939    -61.24200     0.01     -0.05     0.05     1 
2280791997  -27.15900    -61.21052     0.42      0.16     0.44     1 
2280791998  -27.15859    -61.17905     0.01     -0.10     0.10     1 
2280792001  -27.15733    -61.08462    -0.35     -0.03     0.36     1 
2280792003  -27.15646    -61.02168     0.24      0.04     0.24     1 
2280792005  -27.15556    -60.95874    -0.00     -0.02     0.02     1 
2280792006  -27.15510    -60.92727     0.20      0.01     0.20     1 
2280792007  -27.15463    -60.89580    -0.13      0.05     0.14     1 
2280792008  -27.15415    -60.86433     0.02     -0.14     0.14     1 
2280792010  -27.15318    -60.80140     0.27     -0.16     0.31     1 
2280792011  -27.15269    -60.76993    -0.03     -0.17     0.17     1 
2280792013  -27.15167    -60.70700     0.06      0.07     0.09     1 
2280792014  -27.15115    -60.67554    -0.22     -0.18     0.28     1 
2280792015  -27.15063    -60.64408     0.09      0.03     0.09     1 
2280792016  -27.15010    -60.61261    -0.11     -0.05     0.12     1 
2280792017  -27.14956    -60.58115    -0.20     -0.21     0.29     1 
2280792018  -27.14901    -60.54969    -0.02     -0.10     0.11     1 
2280792019  -27.14846    -60.51823     0.23     -0.21     0.31     1 
2280792020  -27.14790    -60.48678    -0.04     -0.14     0.14     1 
2280792042  -27.19332    -62.15485     0.38     -0.02     0.38     1 
2280792051  -27.19133    -61.87138    -0.13     -0.16     0.21     1 
2280792053  -27.19081    -61.80840     0.02     -0.14     0.14     1 
2280792054  -27.19054    -61.77690    -0.02     -0.17     0.17     1 
2280792063  -27.18778    -61.49349     0.10     -0.01     0.10     1 
2280792064  -27.18743    -61.46200     0.08     -0.06     0.10     1 
2280792066  -27.18673    -61.39902    -0.22     -0.20     0.30     1 
2280792068  -27.18600    -61.33605    -0.08     -0.20     0.22     1 
2280792069  -27.18562    -61.30457     0.12     -0.07     0.14     1 
2280792072  -27.18445    -61.21012     0.01      0.01     0.01     1 
2280792073  -27.18404    -61.17863    -0.18     -0.19     0.26     1 
2280792078  -27.18191    -61.02123     0.02     -0.25     0.25     1 
2280792079  -27.18146    -60.98975    -0.04     -0.16     0.17     1 
2280792080  -27.18100    -60.95827    -0.24     -0.07     0.25     1 
2280792081  -27.18054    -60.92680     0.29      0.19     0.34     1 
2280792082  -27.18007    -60.89532     0.04      0.01     0.04     1 
2280792083  -27.17960    -60.86385     0.02     -0.06     0.06     1 
2280792084  -27.17911    -60.83237    -0.22     -0.02     0.22     1 
2280792086  -27.17813    -60.76942    -0.04     -0.17     0.18     1 
2280792090  -27.17607    -60.64354    -0.40     -0.20     0.45     1 
2280792091  -27.17553    -60.61207    -0.12      0.16     0.20     1 
2280792092  -27.17499    -60.58060    -0.03     -0.45     0.45     1 
2280792093  -27.17445    -60.54914    -0.02     -0.20     0.20     1 
2280792094  -27.17389    -60.51767     0.08      0.17     0.19     1 
2280792095  -27.17333    -60.48620    -0.08     -0.19     0.21     1 
2280792122  -27.21774    -61.99714    -0.12     -0.10     0.16     1 
2280792127  -27.21653    -61.83963    -0.01     -0.08     0.08     1 
2280792128  -27.21626    -61.80812     0.05     -0.10     0.11     1 
2280792129  -27.21599    -61.77663     0.06     -0.09     0.11     1 
2280792134  -27.21453    -61.61913    -0.07     -0.12     0.13     1 
2280792135  -27.21421    -61.58763    -0.03     -0.13     0.13     1 
2280792139  -27.21288    -61.46165    -0.01     -0.17     0.17     1 
2280792141  -27.21218    -61.39866    -0.16     -0.01     0.16     1 
2280792144  -27.21107    -61.30418     0.26     -0.14     0.29     1 
2280792145  -27.21068    -61.27269     0.21     -0.01     0.21     1 
2280792146  -27.21029    -61.24120    -0.07     -0.22     0.23     1 
2280792154  -27.20690    -60.98929    -0.11     -0.19     0.22     1 
2280792155  -27.20645    -60.95781     0.22      0.03     0.22     1 
2280792156  -27.20598    -60.92633    -0.04      0.03     0.05     1 
2280792157  -27.20551    -60.89484    -0.19     -0.24     0.30     1 
2280792158  -27.20504    -60.86336     0.00     -0.18     0.18     1 
2280792161  -27.20357    -60.76892     0.02     -0.04     0.05     1 
2280792162  -27.20306    -60.73744    -0.23     -0.09     0.25     1 
2280792163  -27.20255    -60.70596     0.05     -0.11     0.12     1 
2280792164  -27.20203    -60.67448    -0.08     -0.14     0.16     1 
2280792166  -27.20097    -60.61153     0.02     -0.19     0.19     1 
2280792167  -27.20043    -60.58005    -0.05     -0.06     0.08     1 
2280792168  -27.19988    -60.54858    -0.08     -0.23     0.25     1 
2280792169  -27.19933    -60.51711     0.05     -0.41     0.42     1 
2280792192  -27.24424    -62.15446     0.07      0.08     0.11     1 
2280792207  -27.24058    -61.68183    -0.10     -0.04     0.11     1 
2280792210  -27.23966    -61.58731     0.03     -0.13     0.14     1 
2280792214  -27.23834    -61.46130     0.04     -0.20     0.21     1 
2280792215  -27.23799    -61.42980    -0.05     -0.16     0.17     1 
2280792216  -27.23763    -61.39830     0.42     -0.37     0.56     2 
2280792219  -27.23652    -61.30380     0.15     -0.11     0.19     1 
2280792220  -27.23613    -61.27230    -0.14     -0.27     0.31     1 
2280792228  -27.23279    -61.02033    -0.42      0.00     0.42     1 
2280792229  -27.23235    -60.98884     0.06     -0.12     0.13     1 
2280792230  -27.23189    -60.95735     0.25     -0.15     0.29     1 
2280792231  -27.23143    -60.92585     0.11     -0.06     0.12     1 
2280792232  -27.23096    -60.89437    -0.10     -0.10     0.14     1 
2280792233  -27.23048    -60.86288    -0.07     -0.15     0.16     1 
2280792234  -27.23000    -60.83139    -0.31     -0.13     0.34     1 
2280792236  -27.22901    -60.76841     0.01     -0.15     0.15     1 
2280792237  -27.22850    -60.73692    -0.25     -0.05     0.26     1 
2280792239  -27.22747    -60.67395    -0.19     -0.01     0.19     1 
2280792241  -27.22641    -60.61099    -0.07     -0.11     0.13     1 
2280792243  -27.22532    -60.54802    -0.20     -0.30     0.36     1 
2280792244  -27.22477    -60.51654    -0.13     -0.30     0.33     1 
2280792272  -27.26865    -61.99668     0.06     -0.11     0.12     1 
2280792285  -27.26512    -61.58699    -0.06      0.04     0.07     1 
2280792286  -27.26479    -61.55548     0.11     -0.04     0.11     1 
2280792290  -27.26344    -61.42944    -0.06      0.05     0.08     1 
2280792291  -27.26308    -61.39793    -0.14      0.05     0.15     1 
2280792292  -27.26272    -61.36642    -0.00      0.08     0.08     1 
2280792293  -27.26234    -61.33492     0.04     -0.19     0.20     1 
2280792294  -27.26197    -61.30341    -0.05     -0.36     0.36     1 
2280792298  -27.26038    -61.17739    -0.36      0.30     0.47     1 
2280792305  -27.25733    -60.95688     0.02     -0.17     0.17     1 
2280792307  -27.25640    -60.89388     0.07     -0.31     0.32     1 
2280792308  -27.25592    -60.86239     0.02     -0.08     0.08     1 
2280792309  -27.25544    -60.83089    -0.37     -0.05     0.37     1 
2280792310  -27.25495    -60.79940    -0.00      0.01     0.01     1 
2280792311  -27.25445    -60.76790    -0.16     -0.48     0.51     2 
2280792312  -27.25394    -60.73641    -0.09     -0.17     0.19     1 
2280792316  -27.25185    -60.61044    -0.23     -0.38     0.44     1 
2280792317  -27.25130    -60.57895    -0.01     -0.02     0.02     1 
2280792318  -27.25076    -60.54747     0.09     -0.22     0.24     1 
2280792319  -27.25020    -60.51598    -0.08     -0.11     0.13     1 
2280792337  -27.29602    -62.31171    -0.12      0.10     0.16     1 
2280792346  -27.29433    -62.02797    -0.02      0.04     0.05     1 
2280792364  -27.28924    -61.46060    -0.22     -0.18     0.29     1 
2280792365  -27.28889    -61.42908     0.02     -0.19     0.19     1 
2280792366  -27.28853    -61.39757     0.07     -0.03     0.07     1 
2280792368  -27.28779    -61.33454    -0.02     -0.07     0.07     1 
2280792369  -27.28741    -61.30302     0.04     -0.12     0.12     1 
2280792370  -27.28703    -61.27151    -0.04     -0.22     0.22     1 
2280792374  -27.28541    -61.14546    -0.35     -0.04     0.35     1 
2280792377  -27.28413    -61.05094    -0.26      0.12     0.29     1 
2280792380  -27.28278    -60.95642     0.09      0.12     0.15     1 
2280792381  -27.28231    -60.92491    -0.12     -0.32     0.34     1 
2280792382  -27.28184    -60.89341     0.08     -0.05     0.09     1 
2280792385  -27.28039    -60.79890    -0.08     -0.16     0.18     1 
2280792386  -27.27989    -60.76739     0.13     -0.14     0.19     1 
2280792389  -27.27835    -60.67289     0.08     -0.04     0.08     1 
2280792390  -27.27782    -60.64140    -0.01     -0.36     0.36     1 
2280792391  -27.27728    -60.60990    -0.14     -0.18     0.23     1 
2280792392  -27.27674    -60.57840     0.09     -0.25     0.26     1 
2280792393  -27.27619    -60.54691    -0.17     -0.08     0.19     1 
2280792394  -27.27564    -60.51541    -0.18     -0.12     0.21     1 
2280792412  -27.32147    -62.31155     0.03      0.16     0.16     1 
2280792417  -27.32061    -62.15388     0.23      0.18     0.30     1 
2280792419  -27.32021    -62.09082     0.16      0.03     0.16     1 
2280792421  -27.31979    -62.02775    -0.02      0.11     0.11     1 
2280792422  -27.31956    -61.99622     0.28     -0.18     0.34     1 
2280792437  -27.31537    -61.52330     0.21      0.29     0.36     1 
2280792441  -27.31398    -61.39720    -0.15     -0.30     0.34     1 
2280792443  -27.31324    -61.33416    -0.02      0.15     0.15     1 
2280792444  -27.31286    -61.30264     0.12     -0.08     0.15     1 
2280792452  -27.30957    -61.05049     0.04     -0.09     0.09     1 
2280792453  -27.30913    -61.01898    -0.23     -0.18     0.29     1 
2280792454  -27.30868    -60.98746     0.12     -0.06     0.14     1 
2280792457  -27.30729    -60.89292    -0.07      0.02     0.07     1 
2280792458  -27.30681    -60.86141     0.03     -0.08     0.08     1 
2280792459  -27.30632    -60.82990     0.05     -0.08     0.09     1 
2280792460  -27.30583    -60.79839     0.13     -0.03     0.13     1 
2280792461  -27.30533    -60.76689    -0.03     -0.32     0.32     1 
2280792463  -27.30431    -60.70387     0.09     -0.09     0.13     1 
2280792464  -27.30379    -60.67236    -0.19     -0.09     0.21     1 
2280792465  -27.30326    -60.64086     0.10     -0.13     0.16     1 
2280792466  -27.30272    -60.60935    -0.06     -0.11     0.12     1 
2280792467  -27.30218    -60.57785    -0.06     -0.22     0.23     1 
2280792484  -27.34736    -62.40602     0.02      0.30     0.30     1 
2280792492  -27.34606    -62.15369     0.07     -0.11     0.13     1 
2280792494  -27.34567    -62.09061     0.15      0.18     0.24     1 
2280792495  -27.34546    -62.05907     0.04      0.08     0.09     1 
2280792496  -27.34524    -62.02753    -0.20      0.17     0.26     1 
2280792498  -27.34479    -61.96445     0.40     -0.44     0.60     2 
2280792500  -27.34431    -61.90138     0.33      0.03     0.33     1 
2280792509  -27.34179    -61.61756     0.28      0.26     0.38     1 
2280792517  -27.33906    -61.36531     0.03      0.24     0.24     1 
2280792518  -27.33869    -61.33378    -0.22     -0.26     0.34     1 
2280792521  -27.33753    -61.23920     0.16     -0.14     0.21     1 
2280792522  -27.33713    -61.20767     0.02     -0.20     0.20     1 
2280792524  -27.33630    -61.14462    -0.10     -0.10     0.15     1 
2280792529  -27.33412    -60.98700    -0.21      0.04     0.21     1 
2280792530  -27.33366    -60.95548     0.02      0.04     0.05     1 
2280792531  -27.33320    -60.92396     0.12     -0.10     0.15     1 
2280792532  -27.33273    -60.89244     0.01     -0.18     0.18     1 
2280792533  -27.33225    -60.86093    -0.06     -0.18     0.19     1 
2280792534  -27.33176    -60.82941     0.01     -0.23     0.23     1 
2280792535  -27.33127    -60.79789     0.05     -0.19     0.20     1 
2280792536  -27.33077    -60.76638    -0.13     -0.13     0.19     1 
2280792537  -27.33026    -60.73486     0.01      0.03     0.03     1 
2280792538  -27.32974    -60.70335     0.07     -0.04     0.08     1 
2280792539  -27.32922    -60.67183    -0.19     -0.11     0.22     1 
2280792540  -27.32869    -60.64032    -0.02     -0.27     0.27     1 
2280792541  -27.32816    -60.60881    -0.14     -0.23     0.27     1 
2280792542  -27.32762    -60.57730     0.02     -0.19     0.20     1 
2280792570  -27.37092    -62.05886     0.07      0.09     0.11     1 
2280792571  -27.37070    -62.02731     0.14     -0.09     0.17     1 
2280792575  -27.36976    -61.90113    -0.16      0.31     0.35     1 
2280792577  -27.36925    -61.83804    -0.42     -0.06     0.42     1 
2280792584  -27.36724    -61.61724     0.00      0.06     0.06     1 
2280792586  -27.36660    -61.55416     0.10     -0.27     0.29     1 
2280792587  -27.36627    -61.52262    -0.01      0.06     0.07     1 
2280792593  -27.36414    -61.33340     0.14      0.03     0.14     1 
2280792596  -27.36298    -61.23879    -0.11      0.08     0.14     1 
2280792599  -27.36175    -61.14419    -0.14     -0.16     0.21     1 
2280792601  -27.36090    -61.08113    -0.22     -0.26     0.34     1 
2280792603  -27.36002    -61.01807    -0.10     -0.02     0.10     1 
2280792604  -27.35956    -60.98654    -0.15     -0.05     0.16     1 
2280792605  -27.35911    -60.95502    -0.11      0.06     0.13     1 
2280792606  -27.35864    -60.92349     0.12      0.05     0.13     1 
2280792607  -27.35817    -60.89196    -0.02     -0.13     0.13     1 
2280792608  -27.35769    -60.86044    -0.12     -0.15     0.19     1 
2280792609  -27.35720    -60.82891    -0.08     -0.11     0.14     1 
2280792610  -27.35671    -60.79739    -0.16     -0.25     0.30     1 
2280792611  -27.35621    -60.76586     0.07     -0.10     0.12     1 
2280792612  -27.35570    -60.73434     0.35     -0.32     0.47     1 
2280792615  -27.35413    -60.63978    -0.05     -0.03     0.06     1 
2280792616  -27.35360    -60.60826    -0.01     -0.17     0.17     1 
2280792617  -27.35305    -60.57674     0.05     -0.32     0.32     1 
2280792618  -27.35250    -60.54523    -0.08     -0.00     0.08     1 
2280792639  -27.39752    -62.24797    -0.11      0.09     0.14     1 
2280792640  -27.39735    -62.21641     0.09      0.11     0.14     1 
2280792641  -27.39717    -62.18486     0.03      0.10     0.11     1 
2280792642  -27.39698    -62.15330     0.03      0.10     0.11     1 
2280792643  -27.39678    -62.12175     0.07      0.17     0.19     1 
2280792646  -27.39615    -62.02709     0.26      0.00     0.26     1 
2280792649  -27.39546    -61.93243     0.35      0.10     0.36     1 
2280792663  -27.39138    -61.49074     0.14     -0.09     0.17     1 
2280792667  -27.38996    -61.36456     0.31     -0.44     0.54     2 
2280792669  -27.38921    -61.30147    -0.13      0.15     0.20     1 
2280792673  -27.38761    -61.17531     0.20      0.21     0.29     1 
2280792674  -27.38720    -61.14377     0.17      0.15     0.23     1 
2280792678  -27.38546    -61.01762    -0.47      0.22     0.52     2 
2280792679  -27.38501    -60.98608     0.07      0.01     0.07     1 
2280792680  -27.38455    -60.95455    -0.09     -0.23     0.25     1 
2280792681  -27.38408    -60.92301    -0.17      0.03     0.18     1 
2280792682  -27.38361    -60.89148     0.08     -0.10     0.13     1 
2280792683  -27.38313    -60.85995    -0.09     -0.02     0.09     1 
2280792684  -27.38264    -60.82841     0.21      0.04     0.22     1 
2280792685  -27.38215    -60.79688     0.10      0.01     0.10     1 
2280792686  -27.38165    -60.76535     0.02     -0.10     0.10     1 
2280792687  -27.38114    -60.73382    -0.05     -0.07     0.09     1 
2280792688  -27.38062    -60.70230    -0.11      0.04     0.11     1 
2280792689  -27.38010    -60.67077    -0.04     -0.23     0.24     1 
2280792691  -27.37903    -60.60771    -0.06     -0.19     0.20     1 
2280792692  -27.37849    -60.57619    -0.06     -0.26     0.27     1 
2280792693  -27.37794    -60.54467    -0.21     -0.17     0.27     1 
2280792713  -27.42314    -62.27936     0.15      0.23     0.28     1 
2280792715  -27.42280    -62.21623     0.05      0.11     0.12     1 
2280792716  -27.42262    -62.18467     0.07      0.02     0.07     1 
2280792717  -27.42243    -62.15311     0.08      0.07     0.10     1 
2280792718  -27.42224    -62.12155     0.08      0.07     0.11     1 
2280792719  -27.42204    -62.08998     0.22      0.27     0.35     1 
2280792738  -27.41683    -61.49039    -0.11     -0.00     0.11     1 
2280792739  -27.41649    -61.45884    -0.04      0.22     0.23     1 
2280792749  -27.41264    -61.14334    -0.13      0.31     0.33     1 
2280792752  -27.41135    -61.04871     0.41      0.35     0.53     2 
2280792758  -27.40857    -60.85946     0.09     -0.19     0.21     1 
2280792759  -27.40808    -60.82792    -0.08     -0.08     0.12     1 
2280792760  -27.40759    -60.79638     0.10      0.27     0.29     1 
2280792762  -27.40658    -60.73331    -0.01     -0.22     0.23     1 
2280792765  -27.40501    -60.63870     0.08     -0.28     0.29     1 
2280792767  -27.40393    -60.57563     0.06     -0.17     0.18     1 
2280792768  -27.40337    -60.54410    -0.03     -0.09     0.09     1 
2280792788  -27.44860    -62.27919     0.09      0.30     0.31     1 
2280792789  -27.44843    -62.24762     0.07      0.23     0.24     1 
2280792790  -27.44826    -62.21605     0.05      0.15     0.16     1 
2280792791  -27.44808    -62.18448     0.11      0.19     0.23     1 
2280792792  -27.44789    -62.15291     0.13      0.12     0.18     1 
2280792793  -27.44769    -62.12134     0.10      0.21     0.23     1 
2280792809  -27.44359    -61.61629     0.03      0.07     0.07     1 
2280792810  -27.44328    -61.58473     0.05      0.09     0.11     1 
2280792815  -27.44158    -61.42692     0.02      0.14     0.15     1 
2280792823  -27.43850    -61.17447    -0.56      0.03     0.56     2 
2280792825  -27.43766    -61.11136    -0.06     -0.12     0.13     1 
2280792826  -27.43723    -61.07981    -0.17     -0.07     0.18     1 
2280792829  -27.43590    -60.98516     0.10     -0.31     0.32     1 
2280792830  -27.43544    -60.95361    -0.18     -0.11     0.21     1 
2280792831  -27.43497    -60.92206     0.04     -0.08     0.09     1 
2280792832  -27.43449    -60.89051    -0.11      0.08     0.13     1 
2280792833  -27.43401    -60.85897     0.03     -0.00     0.03     1 
2280792834  -27.43352    -60.82742    -0.30     -0.09     0.31     1 
2280792836  -27.43253    -60.76433     0.01     -0.12     0.12     1 
2280792837  -27.43202    -60.73279    -0.15     -0.27     0.31     1 
2280792839  -27.43098    -60.66970    -0.15     -0.23     0.27     1 
2280792841  -27.42991    -60.60662     0.03     -0.23     0.24     1 
2280792842  -27.42936    -60.57508    -0.15     -0.44     0.47     1 
2280792843  -27.42881    -60.54354     0.05     -0.11     0.12     1 
2280792864  -27.47389    -62.24745     0.27      0.18     0.32     1 
2280792865  -27.47372    -62.21587     0.04      0.18     0.19     1 
2280792867  -27.47335    -62.15272     0.18      0.10     0.21     1 
2280792868  -27.47315    -62.12114     0.10      0.08     0.13     1 
2280792884  -27.46905    -61.61597    -0.15      0.08     0.17     1 
2280792887  -27.46807    -61.52126     0.08      0.36     0.37     1 
2280792896  -27.46476    -61.23718    -0.12      0.16     0.21     1 
2280792897  -27.46436    -61.20561     0.20     -0.30     0.36     1 
2280792900  -27.46311    -61.11093     0.25      0.10     0.27     1 
2280792905  -27.46088    -60.95314     0.05     -0.08     0.09     1 
2280792906  -27.46041    -60.92159    -0.00     -0.15     0.15     1 
2280792907  -27.45994    -60.89003    -0.06     -0.21     0.22     1 
2280792908  -27.45945    -60.85847     0.42     -0.13     0.44     1 
2280792909  -27.45897    -60.82692     0.05      0.07     0.09     1 
2280792910  -27.45847    -60.79537    -0.07     -0.16     0.18     1 
2280792914  -27.45641    -60.66917    -0.17     -0.13     0.22     1 
2280792915  -27.45588    -60.63762    -0.41     -0.42     0.59     2 
2280792916  -27.45534    -60.60607     0.05     -0.09     0.11     1 
2280792917  -27.45480    -60.57452     0.01     -0.37     0.37     1 
2280792947  -27.49775    -61.99461     0.05      0.09     0.11     1 
2280792953  -27.49625    -61.80512     0.15      0.06     0.17     1 
2280792967  -27.49175    -61.36306     0.06      0.20     0.21     1 
2280792971  -27.49021    -61.23677     0.36      0.05     0.37     1 
2280792974  -27.48898    -61.14207     0.02      0.13     0.13     1 
2280792978  -27.48724    -61.01580     0.02      0.23     0.23     1 
2280792979  -27.48678    -60.98423    -0.04      0.22     0.22     1 
2280792980  -27.48632    -60.95267    -0.36      0.43     0.56     2 
2280792981  -27.48585    -60.92111     0.08      0.06     0.10     1 
2280792982  -27.48538    -60.88954     0.05      0.13     0.14     1 
2280792983  -27.48490    -60.85798    -0.08     -0.16     0.18     1 
2280792985  -27.48391    -60.79486     0.04     -0.15     0.15     1 
2280792987  -27.48289    -60.73174     0.04     -0.15     0.16     1 
2280792988  -27.48238    -60.70019     0.09      0.13     0.16     1 
2280792989  -27.48185    -60.66863    -0.04     -0.06     0.07     1 
2280792992  -27.48023    -60.57397    -0.22     -0.34     0.41     1 
2280793007  -27.52583    -62.46825    -0.11      0.26     0.29     1 
2280793022  -27.52321    -61.99438     0.15      0.23     0.28     1 
2280793023  -27.52297    -61.96279     0.05      0.24     0.24     1 
2280793029  -27.52143    -61.77326     0.16      0.20     0.26     1 
2280793047  -27.51525    -61.20479    -0.01      0.56     0.56     2 
2280793049  -27.51442    -61.14164     0.19     -0.26     0.32     1 
2280793051  -27.51357    -61.07849     0.35     -0.26     0.44     1 
2280793052  -27.51313    -61.04691    -0.14     -0.25     0.29     1 
2280793053  -27.51268    -61.01534     0.31     -0.13     0.34     1 
2280793055  -27.51176    -60.95220     0.12      0.45     0.47     1 
2280793056  -27.51130    -60.92063     0.22      0.07     0.22     1 
2280793057  -27.51082    -60.88906    -0.05      0.12     0.13     1 
2280793064  -27.50729    -60.66809     0.08     -0.10     0.13     1 
2280793065  -27.50676    -60.63653    -0.03     -0.19     0.20     1 
2280793093  -27.54952    -62.12054     0.12      0.39     0.41     1 
2280793094  -27.54931    -62.08894    -0.19     -0.42     0.46     1 
2280793095  -27.54910    -62.05734     0.22      0.20     0.29     1 
2280793098  -27.54843    -61.96255     0.32      0.37     0.49     1 
2280793106  -27.54631    -61.70979    -0.01      0.23     0.23     1 
2280793114  -27.54374    -61.45707     0.12      0.17     0.21     1 
2280793123  -27.54029    -61.17279     0.08      0.37     0.37     1 
2280793124  -27.53987    -61.14121    -0.10      0.24     0.26     1 
2280793125  -27.53944    -61.10963     0.26      0.01     0.26     1 
2280793127  -27.53857    -61.04646     0.06      0.11     0.12     1 
2280793129  -27.53767    -60.98331     0.01      0.06     0.06     1 
2280793139  -27.53273    -60.66756     0.01     -0.03     0.03     1 
2280793140  -27.53219    -60.63599     0.13     -0.04     0.14     1 
2280793160  -27.57634    -62.37319     0.23      0.50     0.55     2 
2280793161  -27.57620    -62.34158     0.03     -0.10     0.11     1 
2280793168  -27.57497    -62.12033    -0.17      0.26     0.31     1 
2280793170  -27.57456    -62.05712    -0.22      0.01     0.22     1 
2280793174  -27.57364    -61.93071     0.08      0.52     0.52     2 
2280793180  -27.57205    -61.74110     0.22     -0.09     0.24     1 
2280793182  -27.57147    -61.67789     0.13      0.31     0.34     1 
2280793184  -27.57085    -61.61470     0.00      0.14     0.14     1 
2280793191  -27.56847    -61.39352     0.24      0.07     0.25     1 
2280793192  -27.56810    -61.36192     0.17      0.05     0.17     1 
2280793202  -27.56401    -61.04601     0.20     -0.06     0.21     1 
2280793203  -27.56357    -61.01443     0.16      0.05     0.17     1 
2280793204  -27.56311    -60.98284     0.08     -0.02     0.08     1 
2280793206  -27.56218    -60.91967     0.08      0.20     0.22     1 
2280793207  -27.56170    -60.88809    -0.06      0.21     0.22     1 
2280793213  -27.55869    -60.69860    -0.10      0.03     0.11     1 
2280793215  -27.55763    -60.63544     0.33     -0.37     0.49     1 
2280793235  -27.60180    -62.37304     0.28     -0.08     0.29     1 
2280793238  -27.60134    -62.27820     0.14      0.09     0.17     1 
2280793244  -27.60023    -62.08852     0.06      0.31     0.32     1 
2280793257  -27.59692    -61.67759     0.11      0.15     0.18     1 
2280793258  -27.59661    -61.64598     0.09      0.19     0.21     1 
2280793259  -27.59630    -61.61438     0.06      0.29     0.30     1 
2280793261  -27.59566    -61.55117     0.11     -0.09     0.14     1 
2280793269  -27.59279    -61.29834    -0.14      0.03     0.15     1 
2280793270  -27.59240    -61.26675    -0.02      0.17     0.17     1 
2280793277  -27.58946    -61.04556    -0.09      0.26     0.28     1 
2280793278  -27.58901    -61.01397     0.04      0.04     0.06     1 
2280793280  -27.58809    -60.95078    -0.30     -0.12     0.32     1 
2280793281  -27.58762    -60.91919     0.10     -0.02     0.10     1 
2280793284  -27.58617    -60.82442    -0.14     -0.08     0.16     1 
2280793286  -27.58516    -60.76124     0.41      0.01     0.41     1 
2280793288  -27.58413    -60.69807    -0.15      0.04     0.15     1 
2280793289  -27.58360    -60.66648     0.05     -0.16     0.17     1 
2280793309  -27.62740    -62.40452     0.15      0.25     0.29     1 
2280793310  -27.62726    -62.37290     0.08      0.26     0.27     1 
2280793311  -27.62711    -62.34127     0.18      0.23     0.29     1 
2280793312  -27.62696    -62.30965    -0.03      0.36     0.36     1 
2280793320  -27.62547    -62.05669     0.40     -0.14     0.42     1 
2280793324  -27.62455    -61.93021    -0.01     -0.04     0.04     1 
2280793335  -27.62143    -61.58244     0.11      0.39     0.40     1 
2280793336  -27.62111    -61.55083     0.21      0.14     0.26     1 
2280793337  -27.62077    -61.51922    -0.46      0.08     0.47     1 
2280793344  -27.61823    -61.29795     0.25     -0.17     0.31     1 
2280793352  -27.61490    -61.04511    -0.15      0.29     0.33     1 
2280793354  -27.61400    -60.98191    -0.01      0.05     0.05     1 
2280793355  -27.61353    -60.95031     0.09      0.04     0.10     1 
2280793359  -27.61161    -60.82391    -0.09     -0.19     0.20     1 
2280793360  -27.61111    -60.79232    -0.00      0.01     0.01     1 
2280793383  -27.65299    -62.43601     0.06      0.23     0.24     1 
2280793384  -27.65285    -62.40438    -0.09      0.17     0.19     1 
2280793388  -27.65225    -62.27786    -0.30      0.27     0.40     1 
2280793392  -27.65154    -62.15135     0.13      0.26     0.29     1 
2280793407  -27.64782    -61.67698     0.14      0.31     0.34     1 
2280793414  -27.64553    -61.45564     0.02      0.10     0.10     1 
2280793419  -27.64368    -61.29756     0.03      0.03     0.04     1 
2280793425  -27.64122    -61.10788     0.07     -0.04     0.08     1 
2280793426  -27.64079    -61.07627    -0.18      0.03     0.19     1 
2280793428  -27.63989    -61.01305    -0.17      0.39     0.42     1 
2280793431  -27.63850    -60.91823    -0.01      0.10     0.10     1 
2280793433  -27.63754    -60.85502    -0.11     -0.28     0.30     1 
2280793435  -27.63655    -60.79181     0.20     -0.33     0.39     1 
2280793438  -27.63500    -60.69700     0.06     -0.34     0.35     1 
2280793458  -27.67844    -62.43588     0.16      0.29     0.33     1 
2280793465  -27.67737    -62.21442     0.23      0.22     0.32     1 
2280793467  -27.67699    -62.15115     0.10      0.24     0.26     1 
2280793468  -27.67679    -62.11952     0.35      0.14     0.38     1 
2280793471  -27.67616    -62.02462     0.36      0.29     0.46     1 
2280793473  -27.67570    -61.96135     0.14      0.19     0.24     1 
2280793474  -27.67546    -61.92972     0.11      0.08     0.14     1 
2280793481  -27.67357    -61.70830     0.06      0.46     0.46     1 
2280793482  -27.67327    -61.67667     0.20      0.03     0.20     1 
2280793488  -27.67133    -61.48691     0.30      0.51     0.59     2 
2280793489  -27.67098    -61.45528     0.10      0.12     0.15     1 
2280793494  -27.66913    -61.29716     0.05      0.19     0.20     1 
2280793495  -27.66874    -61.26554     0.09      0.04     0.10     1 
2280793499  -27.66709    -61.13906     0.25      0.28     0.38     1 
2280793500  -27.66667    -61.10744     0.37      0.32     0.49     1 
2280793504  -27.66488    -60.98098    -0.02      0.27     0.27     1 
2280793540  -27.70282    -62.21424     0.05      0.12     0.13     1 
2280793541  -27.70264    -62.18260    -0.01      0.17     0.17     1 
2280793542  -27.70245    -62.15096     0.01      0.07     0.07     1 
2280793543  -27.70225    -62.11932     0.26      0.03     0.26     1 
2280793544  -27.70204    -62.08767     0.17      0.19     0.26     1 
2280793548  -27.70115    -61.96111     0.11      0.14     0.18     1 
2280793557  -27.69872    -61.67636     0.09     -0.40     0.41     1 
2280793564  -27.69643    -61.45492     0.27      0.06     0.27     1 
2280793568  -27.69496    -61.32840     0.33      0.03     0.33     1 
2280793573  -27.69296    -61.17025     0.31      0.38     0.49     1 
2280793576  -27.69167    -61.07538     0.16      0.08     0.18     1 
2280793578  -27.69078    -61.01213     0.11      0.22     0.24     1 
2280793583  -27.68842    -60.85402     0.04      0.07     0.08     1 
2280793609  -27.72922    -62.40397     0.11      0.08     0.13     1 
2280793612  -27.72878    -62.30901    -0.11      0.28     0.31     1 
2280793616  -27.72809    -62.18241     0.09      0.03     0.09     1 
2280793618  -27.72771    -62.11911     0.16      0.19     0.25     1 
2280793619  -27.72750    -62.08746     0.11      0.26     0.28     1 
2280793623  -27.72661    -61.96087     0.10      0.23     0.25     1 
2280793626  -27.72586    -61.86593     0.22     -0.03     0.22     1 
2280793628  -27.72533    -61.80264     0.20      0.14     0.24     1 
2280793629  -27.72505    -61.77099     0.26      0.16     0.30     1 
2280793630  -27.72477    -61.73935    -0.05      0.22     0.23     1 
2280793631  -27.72447    -61.70770     0.01      0.09     0.09     1 
2280793636  -27.72291    -61.54949     0.15      0.17     0.23     1 
2280793643  -27.72041    -61.32801     0.15      0.35     0.38     1 
2280793644  -27.72002    -61.29637     0.19      0.18     0.26     1 
2280793645  -27.71963    -61.26474     0.41     -0.28     0.50     1 
2280793650  -27.71755    -61.10656    -0.00      0.08     0.08     1 
2280793651  -27.71712    -61.07493    -0.01      0.26     0.26     1 
2280793652  -27.71667    -61.04330     0.03      0.10     0.11     1 
2280793653  -27.71622    -61.01167     0.28      0.04     0.28     1 
2280793658  -27.71386    -60.85352     0.04     -0.03     0.05     1 
2280793662  -27.71184    -60.72702     0.24     -0.07     0.25     1 
2280793688  -27.75408    -62.27719    -0.10     -0.01     0.10     1 
2280793689  -27.75391    -62.24553    -0.06      0.01     0.06     1 
2280793703  -27.75078    -61.80236    -0.04      0.07     0.08     1 
2280793704  -27.75050    -61.77070    -0.00      0.06     0.06     1 
2280793706  -27.74993    -61.70740    -0.02      0.21     0.21     1 
2280793707  -27.74963    -61.67575     0.23     -0.49     0.54     2 
2280793708  -27.74932    -61.64410     0.09      0.23     0.25     1 
2280793717  -27.74623    -61.35927     0.27      0.01     0.27     1 
2280793718  -27.74585    -61.32762    -0.27      0.19     0.33     1 
2280793720  -27.74507    -61.26433     0.30     -0.05     0.31     1 
2280793721  -27.74467    -61.23269     0.21      0.00     0.21     1 
2280793725  -27.74300    -61.10612    -0.18     -0.10     0.21     1 
2280793728  -27.74167    -61.01121     0.05      0.05     0.07     1 
2280793729  -27.74121    -60.97957    -0.02      0.31     0.31     1 
2280793732  -27.73979    -60.88466     0.06     -0.14     0.15     1 
2280793755  -27.78063    -62.53036     0.13      0.02     0.13     1 
2280793765  -27.77919    -62.21369    -0.07      0.19     0.20     1 
2280793767  -27.77881    -62.15037    -0.04      0.22     0.23     1 
2280793768  -27.77861    -62.11870     0.25     -0.27     0.37     1 
2280793769  -27.77841    -62.08704     0.08      0.25     0.27     1 
2280793772  -27.77775    -61.99205    -0.23      0.03     0.23     1 
2280793777  -27.77650    -61.83374    -0.48      0.11     0.49     1 
2280793780  -27.77567    -61.73876     0.09      0.24     0.26     1 
2280793782  -27.77508    -61.67544     0.48     -0.25     0.54     2 
2280793792  -27.77168    -61.35889     0.27     -0.06     0.28     1 
2280793794  -27.77091    -61.29558     0.07      0.01     0.07     1 
2280793796  -27.77012    -61.23228     0.08      0.11     0.14     1 
2280793798  -27.76929    -61.16898     0.14     -0.08     0.16     1 
2280793799  -27.76887    -61.13733     0.03     -0.01     0.03     1 
2280793803  -27.76711    -61.01074    -0.12     -0.08     0.14     1 
2280793805  -27.76618    -60.94745    -0.10      0.13     0.17     1 
2280793809  -27.76424    -60.82089     0.02     -0.18     0.18     1 
2280793833  -27.80573    -62.43522    -0.11     -0.01     0.11     1 
2280793835  -27.80545    -62.37188     0.04      0.15     0.16     1 
2280793842  -27.80427    -62.15017    -0.26      0.23     0.35     1 
2280793843  -27.80407    -62.11850     0.04     -0.08     0.09     1 
2280793849  -27.80273    -61.92847     0.25     -0.09     0.27     1 
2280793850  -27.80248    -61.89680    -0.04      0.05     0.07     1 
2280793851  -27.80222    -61.86514    -0.13      0.03     0.13     1 
2280793852  -27.80196    -61.83347    -0.50     -0.29     0.58     2 
2280793855  -27.80112    -61.73846     0.16      0.03     0.17     1 
2280793858  -27.80022    -61.64347     0.15     -0.14     0.21     1 
2280793867  -27.79713    -61.35850     0.12      0.14     0.19     1 
2280793869  -27.79636    -61.29518     0.43      0.14     0.45     1 
2280793870  -27.79597    -61.26353     0.09      0.19     0.21     1 
2280793872  -27.79516    -61.20021     0.38      0.03     0.38     1 
2280793873  -27.79474    -61.16855     0.09     -0.04     0.10     1 
2280793875  -27.79389    -61.10524     0.19      0.02     0.19     1 
2280793876  -27.79345    -61.07359     0.16     -0.01     0.16     1 
2280793883  -27.79018    -60.85203     0.28     -0.01     0.28     1 
2280793884  -27.78968    -60.82038    -0.09      0.02     0.10     1 
2280793886  -27.78867    -60.75708     0.24     -0.15     0.28     1 
2280793888  -27.78763    -60.69379     0.27      0.06     0.28     1 
2280793905  -27.83154    -62.53014     0.12      0.23     0.26     1 
2280793909  -27.83105    -62.40341     0.16      0.23     0.28     1 
2280793910  -27.83091    -62.37173     0.03     -0.10     0.11     1 
2280793911  -27.83076    -62.34005     0.18      0.09     0.20     1 
2280793912  -27.83061    -62.30837     0.09      0.11     0.15     1 
2280793915  -27.83010    -62.21333     0.34     -0.08     0.35     1 
2280793921  -27.82888    -62.02325    -0.17      0.03     0.17     1 
2280793925  -27.82793    -61.89655     0.32      0.35     0.47     1 
2280793928  -27.82714    -61.80152     0.05      0.17     0.18     1 
2280793930  -27.82657    -61.73817    -0.04      0.05     0.06     1 
2280793931  -27.82628    -61.70650    -0.25      0.45     0.52     2 
2280793932  -27.82598    -61.67482     0.40      0.05     0.40     1 
2280793951  -27.81889    -61.07314     0.09      0.48     0.49     1 
2280793953  -27.81799    -61.00982    -0.24      0.12     0.27     1 
2280793954  -27.81753    -60.97816     0.22      0.07     0.23     1 
2280793955  -27.81707    -60.94650     0.35     -0.02     0.35     1 
2280793956  -27.81659    -60.91484    -0.00      0.10     0.10     1 
2280793958  -27.81562    -60.85153    -0.11     -0.01     0.11     1 
2280793959  -27.81512    -60.81987     0.03     -0.08     0.09     1 
2280793960  -27.81462    -60.78822     0.07     -0.10     0.12     1 
2280793962  -27.81359    -60.72491    -0.02      0.15     0.16     1 
2280793963  -27.81307    -60.69326     0.09      0.24     0.26     1 
2280793980  -27.85700    -62.53003    -0.09      0.13     0.16     1 
2280793984  -27.85651    -62.40327     0.07      0.00     0.07     1 
2280793986  -27.85622    -62.33989    -0.04     -0.01     0.04     1 
2280793992  -27.85518    -62.14977    -0.12     -0.07     0.14     1 
2280794022  -27.84605    -61.19937     0.13     -0.07     0.14     1 
2280794024  -27.84520    -61.13603    -0.00     -0.12     0.12     1 
2280794025  -27.84477    -61.10436     0.26     -0.21     0.33     1 
2280794026  -27.84434    -61.07269    -0.13      0.31     0.33     1 
2280794030  -27.84251    -60.94602     0.04      0.18     0.18     1 
2280794031  -27.84203    -60.91435    -0.09      0.09     0.12     1 
2280794033  -27.84106    -60.85102     0.08     -0.03     0.08     1 
2280794034  -27.84056    -60.81936     0.20      0.00     0.20     1 
2280794035  -27.84006    -60.78770    -0.13      0.19     0.23     1 
2280794036  -27.83955    -60.75604    -0.11     -0.01     0.11     1 
2280794037  -27.83903    -60.72438    -0.09     -0.01     0.09     1 
2280794038  -27.83850    -60.69272     0.04      0.16     0.17     1 
2280794039  -27.83797    -60.66106    -0.06     -0.34     0.34     1 
2280794056  -27.88234    -62.49822     0.31      0.07     0.31     1 
2280794061  -27.88167    -62.33974    -0.22      0.11     0.25     1 
2280794063  -27.88136    -62.27635     0.08      0.02     0.09     1 
2280794076  -27.87858    -61.86434     0.15     -0.58     0.60     2 
2280794081  -27.87718    -61.70589    -0.12      0.06     0.14     1 
2280794083  -27.87657    -61.64252     0.00      0.10     0.10     1 
2280794100  -27.87022    -61.10392     0.18      0.07     0.19     1 
2280794103  -27.86888    -61.00889     0.01     -0.05     0.05     1 
2280794107  -27.86699    -60.88220     0.19     -0.02     0.19     1 
2280794108  -27.86650    -60.85052     0.08     -0.18     0.19     1 
2280794110  -27.86550    -60.78718    -0.01     -0.28     0.28     1 
2280794112  -27.86447    -60.72385    -0.09     -0.05     0.11     1 
2280794113  -27.86394    -60.69218     0.01      0.13     0.13     1 
2280794114  -27.86341    -60.66051    -0.06     -0.03     0.07     1 
2280794130  -27.90791    -62.52981    -0.20     -0.04     0.21     1 
2280794140  -27.90646    -62.21278    -0.04      0.21     0.21     1 
2280794147  -27.90502    -61.99087     0.29     -0.26     0.39     1 
2280794150  -27.90429    -61.89577    -0.28      0.13     0.31     1 
2280794153  -27.90349    -61.80068     0.01      0.07     0.07     1 
2280794154  -27.90321    -61.76898     0.20     -0.02     0.20     1 
2280794155  -27.90293    -61.73729     0.24     -0.02     0.24     1 
2280794156  -27.90263    -61.70559    -0.01      0.08     0.08     1 
2280794180  -27.89339    -60.94506    -0.28     -0.38     0.47     1 
2280794181  -27.89291    -60.91338    -0.16     -0.06     0.17     1 
2280794183  -27.89194    -60.85002    -0.22     -0.30     0.37     1 
2280794184  -27.89144    -60.81834     0.16     -0.18     0.24     1 
2280794188  -27.88938    -60.69164    -0.01      0.02     0.02     1 
2280794204  -27.93347    -62.56141    -0.32      0.29     0.43     1 
2280794212  -27.93243    -62.30772     0.18     -0.35     0.39     1 
2280794213  -27.93227    -62.27601    -0.15     -0.33     0.36     1 
2280794227  -27.92922    -61.83210     0.11     -0.08     0.14     1 
2280794228  -27.92894    -61.80040     0.05     -0.02     0.05     1 
2280794230  -27.92838    -61.73699     0.26      0.06     0.27     1 
2280794231  -27.92808    -61.70529     0.40      0.21     0.45     1 
2280794259  -27.91688    -60.81783    -0.02      0.10     0.10     1 
2280794261  -27.91586    -60.75446     0.03     -0.09     0.09     1 
2280794263  -27.91481    -60.69110    -0.05     -0.02     0.05     1 
2280794283  -27.95846    -62.43443    -0.19      0.07     0.21     1 
2280794285  -27.95819    -62.37099    -0.04      0.01     0.04     1 
2280794286  -27.95804    -62.33928    -0.04     -0.03     0.05     1 
2280794288  -27.95772    -62.27584     0.10      0.19     0.21     1 
2280794289  -27.95755    -62.24412    -0.11     -0.27     0.29     1 
2280794293  -27.95679    -62.11726     0.07     -0.07     0.10     1 
2280794295  -27.95637    -62.05383    -0.04      0.37     0.37     1 
2280794297  -27.95592    -61.99040    -0.46     -0.16     0.49     1 
2280794298  -27.95569    -61.95868    -0.06      0.06     0.09     1 
2280794303  -27.95440    -61.80012     0.25      0.03     0.25     1 
2280794304  -27.95412    -61.76841     0.01     -0.12     0.12     1 
2280794306  -27.95353    -61.70498     0.34     -0.29     0.45     1 
2280794308  -27.95292    -61.64156     0.11     -0.09     0.14     1 
2280794335  -27.94181    -60.78563    -0.16     -0.10     0.19     1 
2280794338  -27.94025    -60.69056    -0.07     -0.06     0.10     1 
2280794357  -27.98405    -62.46602    -0.09     -0.16     0.18     1 
2280794359  -27.98379    -62.40257    -0.03     -0.16     0.16     1 
2280794360  -27.98364    -62.37085    -0.20     -0.17     0.26     1 
2280794361  -27.98350    -62.33912     0.12     -0.01     0.13     1 
2280794362  -27.98334    -62.30740    -0.33     -0.10     0.34     1 
2280794368  -27.98225    -62.11705    -0.16     -0.38     0.41     1 
2280794371  -27.98161    -62.02188     0.13     -0.40     0.42     1 
2280794377  -27.98012    -61.83156    -0.00     -0.02     0.02     1 
2280794378  -27.97985    -61.79984     0.04      0.10     0.11     1 
2280794379  -27.97957    -61.76812    -0.06     -0.18     0.19     1 
2280794380  -27.97928    -61.73640     0.18     -0.31     0.36     1 
2280794381  -27.97898    -61.70468    -0.32     -0.16     0.36     1 
2280794411  -27.96674    -60.75341    -0.15     -0.33     0.37     1 
2280794413  -27.96569    -60.69002    -0.37     -0.12     0.39     1 
2280794432  -28.00950    -62.46590    -0.04     -0.14     0.14     1 
2280794433  -28.00938    -62.43417     0.39      0.05     0.40     1 
2280794438  -28.00863    -62.27550    -0.00     -0.39     0.39     1 
2280794442  -28.00790    -62.14857    -0.18      0.25     0.31     1 
2280794443  -28.00770    -62.11684    -0.01     -0.13     0.13     1 
2280794454  -28.00502    -61.76783    -0.04     -0.28     0.28     1 
2280794455  -28.00473    -61.73610     0.05     -0.25     0.26     1 
2280794456  -28.00444    -61.70437     0.03      0.07     0.08     1 
2280794503  -28.03539    -62.59274    -0.16     -0.04     0.17     1 
2280794506  -28.03508    -62.49751     0.13      0.03     0.14     1 
2280794508  -28.03483    -62.43403    -0.31     -0.27     0.42     1 
2280794511  -28.03441    -62.33881    -0.13     -0.03     0.14     1 
2280794514  -28.03392    -62.24359    -0.06     -0.45     0.45     1 
2280794516  -28.03355    -62.18011    -0.23     -0.00     0.23     1 
2280794517  -28.03336    -62.14837    -0.21     -0.05     0.21     1 
2280794520  -28.03273    -62.05316    -0.02      0.19     0.19     1 
2280794521  -28.03251    -62.02142    -0.26     -0.16     0.30     1 
2280794523  -28.03205    -61.95795    -0.06     -0.47     0.47     1 
2280794528  -28.03075    -61.79927     0.12      0.16     0.20     1 
2280794529  -28.03047    -61.76754    -0.03     -0.18     0.19     1 
2280794530  -28.03018    -61.73580    -0.00     -0.16     0.16     1 
2280794533  -28.02927    -61.64061    -0.11     -0.20     0.22     1 
2280794548  -28.02374    -61.16469    -0.05      0.00     0.05     1 
2280794562  -28.01709    -60.72064    -0.06     -0.18     0.19     1 
2280794563  -28.01656    -60.68893    -0.05     -0.42     0.42     1 
2280794580  -28.06065    -62.52914     0.08     -0.15     0.17     1 
2280794582  -28.06041    -62.46565    -0.04     -0.15     0.15     1 
2280794586  -28.05986    -62.33865    -0.05     -0.06     0.07     1 
2280794588  -28.05954    -62.27516    -0.13     -0.10     0.17     1 
2280794589  -28.05937    -62.24341     0.02     -0.10     0.10     1 
2280794591  -28.05900    -62.17992    -0.11      0.17     0.21     1 
2280794593  -28.05861    -62.11643    -0.07     -0.15     0.17     1 
2280794596  -28.05796    -62.02119     0.02      0.16     0.16     1 
2280794597  -28.05774    -61.98945     0.07     -0.16     0.17     1 
2280794599  -28.05725    -61.92596    -0.32     -0.14     0.35     1 
2280794601  -28.05674    -61.86247    -0.14     -0.01     0.14     1 
2280794604  -28.05592    -61.76725    -0.27      0.10     0.29     1 
2280794653  -28.08631    -62.59255    -0.07      0.02     0.07     1 
2280794658  -28.08574    -62.43377    -0.27     -0.05     0.27     1 
2280794660  -28.08547    -62.37025    -0.20      0.16     0.25     1 
2280794662  -28.08516    -62.30674    -0.05     -0.17     0.18     1 
2280794663  -28.08500    -62.27499     0.09     -0.27     0.29     1 
2280794665  -28.08464    -62.21148    -0.01     -0.08     0.08     1 
2280794666  -28.08446    -62.17973    -0.19     -0.06     0.19     1 
2280794667  -28.08427    -62.14797     0.02      0.11     0.11     1 
2280794668  -28.08406    -62.11622     0.17     -0.24     0.29     1 
2280794672  -28.08319    -61.98921    -0.13     -0.25     0.28     1 
2280794674  -28.08271    -61.92571    -0.16     -0.10     0.19     1 
2280794675  -28.08245    -61.89395    -0.10     -0.05     0.11     1 
2280794683  -28.08017    -61.63996    -0.16     -0.04     0.16     1 
2280794684  -28.07985    -61.60822    -0.19     -0.12     0.23     1 
2280794731  -28.11145    -62.49716    -0.13     -0.06     0.14     1 
2280794732  -28.11133    -62.46540    -0.00     -0.21     0.21     1 
2280794733  -28.11120    -62.43363    -0.06     -0.12     0.14     1 
2280794735  -28.11092    -62.37011    -0.09     -0.10     0.14     1 
2280794736  -28.11077    -62.33834    -0.48     -0.31     0.57     2 
2280794744  -28.10931    -62.08425     0.07     -0.16     0.18     1 
2280794773  -28.10007    -61.16339    -0.08      0.23     0.24     1 
2280794813  -28.13591    -62.27465    -0.20     -0.09     0.22     1 
2280794814  -28.13573    -62.24288     0.31     -0.26     0.41     1 
2280794817  -28.13517    -62.14757    -0.48      0.22     0.53     2 
2280794829  -28.13227    -61.76637     0.09     -0.26     0.28     1 
2280794833  -28.13107    -61.63932    -0.08     -0.16     0.18     1 
2280794894  -28.16022    -62.08382    -0.20      0.04     0.21     1 
2280794895  -28.16000    -62.05204    -0.00     -0.05     0.05     1 
2280794896  -28.15978    -62.02027    -0.01     -0.20     0.20     1 
2280794897  -28.15955    -61.98849    -0.13     -0.12     0.17     1 
2280794902  -28.15828    -61.82963    -0.26      0.19     0.32     1 
2280794903  -28.15800    -61.79785    -0.11     -0.24     0.26     1 
2280794904  -28.15772    -61.76608    -0.03     -0.30     0.30     1 
2280794924  -28.15053    -61.13077     0.08     -0.42     0.42     1 
2280794973  -28.18476    -61.95647    -0.21     -0.11     0.23     1 
2280794974  -28.18451    -61.92469     0.01     -0.07     0.08     1 
2280794975  -28.18426    -61.89291    -0.05     -0.23     0.24     1 
2280794976  -28.18400    -61.86113    -0.07     -0.11     0.13     1 
2280794979  -28.18317    -61.76579     0.03      0.10     0.11     1 
2280794980  -28.18288    -61.73401    -0.06     -0.18     0.19     1 
2280795052  -28.20918    -61.82907    -0.20     -0.23     0.31     1 
2280795053  -28.20891    -61.79729    -0.10     -0.18     0.20     1 
2280795055  -28.20833    -61.73371     0.10     -0.38     0.39     1 
2280795056  -28.20803    -61.70193     0.06     -0.29     0.29     1 
2280795132  -28.23318    -61.66983    -0.09     -0.29     0.30     1 
2280795133  -28.23287    -61.63803     0.17     -0.19     0.25     1 
2280795212  -28.25699    -61.51052    -0.17     -0.28     0.33     1 
2280795213  -28.25664    -61.47872     0.01     -0.35     0.35     1 
2280795216  -28.25554    -61.38333    -0.08     -0.39     0.39     1 
2280795305  -28.27499    -60.93778    -0.04     -0.49     0.49     1 
----------------------------------------------------------------------
---------------------------------------------------
Total correlated GCPs in Upper Left Quadrant: 250

GCP statistics this quadrant only (in Pixels)
Line residual statistics:
  Mean: 0.009
  Median: 0.014
  Standard Deviation: 0.159

Sample residual statistics:
  Mean: -0.113
  Median: -0.115
  Standard Deviation: 0.152

Quadrant RMSE: 0.247

---------------------------------------------------
Total correlated GCPs in Upper Right Quadrant: 560

GCP statistics this quadrant only (in Pixels)
Line residual statistics:
  Mean: 0.015
  Median: 0.020
  Standard Deviation: 0.164

Sample residual statistics:
  Mean: -0.056
  Median: -0.074
  Standard Deviation: 0.167

Quadrant RMSE: 0.241

---------------------------------------------------
Total correlated GCPs in Lower Left Quadrant: 254

GCP statistics this quadrant only (in Pixels)
Line residual statistics:
  Mean: 0.020
  Median: 0.035
  Standard Deviation: 0.173

Sample residual statistics:
  Mean: 0.029
  Median: 0.057
  Standard Deviation: 0.199

Quadrant RMSE: 0.266

---------------------------------------------------
Total correlated GCPs in Lower Right Quadrant: 163

GCP statistics this quadrant only (in Pixels)
Line residual statistics:
  Mean: 0.050
  Median: 0.044
  Standard Deviation: 0.165

Sample residual statistics:
  Mean: 0.008
  Median: 0.012
  Standard Deviation: 0.197

Quadrant RMSE: 0.262

---------------------------------------------------
---------------------------------------------------
Total correlated GCPs in scene: 1227

GCP statistics entire scene (in Pixels)
Line residual statistics:
  Mean: 0.020
  Median: 0.023
  Standard Deviation: 0.166

Sample residual statistics:
  Mean: -0.042
  Median: -0.054
  Standard Deviation: 0.182

Scene RMSE: 0.251

