==============================================================================
==============================================================================
Thu. Apr. 17 2014                  LANDSAT 5                       Time: 14:50
                            Image Assessment System
                            GEOMETRIC VERIFY Report
==============================================================================
Order ID: 0101404174524_00629                          Path / Row - 228 / 79
Reference Image: L51CUB1011094130100_HDF.L1G

Color mapping per rank
----------------------
Rank  1 is Green: total residual <= 0.5
Rank  2 is Cyan: 0.5 < total residual <=  1
Rank  3 is Blue:  1 < total residual <=  2
Rank  4 is Yellow:  2 < total residual <=  3
Rank  5 is Red:  3 < total residual

Percentage of residuals by rank
-------------------------------
Rank   1 -- 95.1%
Rank   2 --  4.9%
Rank   3 --  0.0%
Rank   4 --  0.0%
Rank   5 --  0.0%

       GCP    Latitude    Longitude  Sample   Line     Total    Rank
        ID                           Residual Residual Residual
              (Degree)    (Degree)   (Pixel)  (Pixel)  (Pixel)
----------------------------------------------------------------------
2280790174  -26.55530    -61.92587     0.06      0.03     0.07     1 
2280790248  -26.58099    -61.95756     0.60     -0.18     0.63     2 
2280790254  -26.57946    -61.76599     0.59      0.19     0.62     2 
2280790255  -26.57918    -61.73407     0.22      0.11     0.25     1 
2280790334  -26.60344    -61.60606     0.39     -0.06     0.39     1 
2280790335  -26.60312    -61.57413     0.47      0.13     0.48     1 
2280790398  -26.63191    -61.95710     0.54      0.02     0.54     2 
2280790409  -26.62889    -61.60575     0.34     -0.04     0.34     1 
2280790411  -26.62825    -61.54188     0.36      0.14     0.38     1 
2280790412  -26.62792    -61.50994     0.52     -0.01     0.52     2 
2280790413  -26.62758    -61.47801     0.09     -0.39     0.40     1 
2280790415  -26.62689    -61.41414     0.16     -0.32     0.36     1 
2280790471  -26.65782    -62.02077     0.20     -0.09     0.22     1 
2280790472  -26.65759    -61.98882     0.30     -0.03     0.30     1 
2280790476  -26.65663    -61.86102     0.44      0.03     0.45     1 
2280790479  -26.65583    -61.76517     0.33     -0.25     0.42     1 
2280790480  -26.65555    -61.73323     0.34      0.02     0.34     1 
2280790484  -26.65435    -61.60544     0.23      0.02     0.23     1 
2280790485  -26.65403    -61.57350     0.34      0.17     0.38     1 
2280790488  -26.65304    -61.47767     0.32     -0.29     0.43     1 
2280790490  -26.65234    -61.41378     0.35      0.10     0.37     1 
2280790494  -26.65086    -61.28602     0.15      0.13     0.20     1 
2280790495  -26.65047    -61.25408     0.33     -0.02     0.34     1 
2280790542  -26.68410    -62.14838     0.42     -0.25     0.48     1 
2280790543  -26.68390    -62.11642     0.35     -0.25     0.43     1 
2280790552  -26.68182    -61.82881     0.25     -0.26     0.36     1 
2280790557  -26.68042    -61.66904     0.27      0.00     0.27     1 
2280790558  -26.68011    -61.63709     0.23     -0.07     0.24     1 
2280790559  -26.67980    -61.60513     0.49      0.21     0.53     2 
2280790563  -26.67849    -61.47733     0.22      0.01     0.22     1 
2280790564  -26.67815    -61.44538     0.34      0.22     0.41     1 
2280790566  -26.67743    -61.38148     0.25      0.05     0.25     1 
2280790567  -26.67706    -61.34954     0.29      0.11     0.31     1 
2280790568  -26.67669    -61.31759     0.35      0.05     0.36     1 
2280790614  -26.71010    -62.24409     0.30      0.24     0.39     1 
2280790620  -26.70895    -62.05230     0.42     -0.26     0.49     1 
2280790623  -26.70828    -61.95640     0.28     -0.17     0.32     1 
2280790624  -26.70804    -61.92444     0.54     -0.18     0.57     2 
2280790631  -26.70617    -61.70070     0.25      0.28     0.38     1 
2280790634  -26.70526    -61.60482     0.31     -0.18     0.36     1 
2280790635  -26.70494    -61.57287     0.27     -0.10     0.29     1 
2280790639  -26.70360    -61.44503     0.24     -0.07     0.25     1 
2280790640  -26.70324    -61.41308     0.17      0.04     0.18     1 
2280790641  -26.70288    -61.38112     0.31     -0.17     0.36     1 
2280790642  -26.70251    -61.34917     0.28     -0.03     0.29     1 
2280790646  -26.70097    -61.22136     0.54      0.20     0.57     2 
2280790651  -26.69888    -61.06160     0.26     -0.07     0.26     1 
2280790653  -26.69799    -60.99771     0.13      0.01     0.13     1 
2280790654  -26.69754    -60.96576     0.35     -0.01     0.35     1 
2280790655  -26.69708    -60.93382     0.17      0.21     0.27     1 
2280790689  -26.73556    -62.24393     0.01     -0.20     0.20     1 
2280790691  -26.73521    -62.17998     0.41     -0.29     0.50     2 
2280790699  -26.73350    -61.92420     0.35     -0.06     0.35     1 
2280790702  -26.73274    -61.82829     0.23     -0.25     0.34     1 
2280790708  -26.73102    -61.63648     0.29     -0.11     0.31     1 
2280790709  -26.73071    -61.60451     0.31     -0.06     0.31     1 
2280790713  -26.72940    -61.47665     0.21      0.07     0.23     1 
2280790715  -26.72869    -61.41273     0.21     -0.26     0.33     1 
2280790717  -26.72797    -61.34880     0.20      0.05     0.21     1 
2280790718  -26.72759    -61.31684     0.18      0.48     0.51     2 
2280790719  -26.72721    -61.28488     0.10     -0.04     0.11     1 
2280790724  -26.72518    -61.12509     0.52     -0.07     0.52     2 
2280790728  -26.72344    -60.99726     0.12      0.30     0.32     1 
2280790729  -26.72298    -60.96531     0.24     -0.10     0.26     1 
2280790730  -26.72252    -60.93336     0.23      0.34     0.41     1 
2280790731  -26.72205    -60.90140     0.39     -0.02     0.39     1 
2280790734  -26.72060    -60.80555     0.24      0.06     0.24     1 
2280790775  -26.75871    -61.89198     0.21      0.37     0.42     1 
2280790777  -26.75819    -61.82803     0.35     -0.08     0.36     1 
2280790778  -26.75793    -61.79605     0.10      0.07     0.12     1 
2280790782  -26.75678    -61.66815     0.21     -0.05     0.21     1 
2280790785  -26.75585    -61.57223    -0.04     -0.09     0.10     1 
2280790790  -26.75415    -61.41237    -0.04     -0.26     0.26     1 
2280790792  -26.75342    -61.34843     0.16      0.12     0.20     1 
2280790794  -26.75266    -61.28450     0.17     -0.02     0.17     1 
2280790796  -26.75187    -61.22056     0.20     -0.26     0.33     1 
2280790797  -26.75146    -61.18860     0.06      0.10     0.11     1 
2280790799  -26.75063    -61.12467     0.25     -0.06     0.26     1 
2280790804  -26.74843    -60.96486    -0.05      0.08     0.09     1 
2280790805  -26.74797    -60.93290     0.05      0.02     0.06     1 
2280790806  -26.74750    -60.90094     0.36      0.10     0.38     1 
2280790809  -26.74604    -60.80506     0.16     -0.04     0.17     1 
2280790811  -26.74504    -60.74115     0.11      0.04     0.12     1 
2280790812  -26.74453    -60.70920     0.10      0.03     0.11     1 
2280790813  -26.74401    -60.67724     0.10     -0.08     0.13     1 
2280790814  -26.74348    -60.64529     0.30      0.14     0.33     1 
2280790815  -26.74294    -60.61334     0.12      0.18     0.22     1 
2280790845  -26.78533    -62.05166     0.38     -0.51     0.64     2 
2280790852  -26.78365    -61.82777     0.34     -0.19     0.39     1 
2280790853  -26.78338    -61.79578     0.40     -0.06     0.41     1 
2280790855  -26.78282    -61.73182     0.43     -0.28     0.51     2 
2280790856  -26.78253    -61.69984     0.21      0.06     0.22     1 
2280790859  -26.78162    -61.60389     0.30     -0.03     0.30     1 
2280790864  -26.77995    -61.44400     0.26     -0.09     0.27     1 
2280790865  -26.77960    -61.41202     0.26     -0.23     0.35     1 
2280790866  -26.77924    -61.38004     0.13     -0.00     0.13     1 
2280790867  -26.77887    -61.34806     0.28      0.05     0.28     1 
2280790869  -26.77811    -61.28411     0.23     -0.14     0.27     1 
2280790870  -26.77772    -61.25214     0.50      0.22     0.55     2 
2280790874  -26.77608    -61.12425     0.03     -0.08     0.08     1 
2280790876  -26.77522    -61.06031     0.36      0.07     0.37     1 
2280790882  -26.77246    -60.86850     0.36      0.45     0.58     2 
2280790883  -26.77198    -60.83654     0.25     -0.24     0.34     1 
2280790884  -26.77149    -60.80457     0.20     -0.01     0.20     1 
2280790886  -26.77048    -60.74065     0.22      0.24     0.33     1 
2280790887  -26.76997    -60.70869     0.15      0.05     0.16     1 
2280790888  -26.76945    -60.67673     0.10      0.07     0.12     1 
2280790889  -26.76892    -60.64477     0.21      0.04     0.21     1 
2280790890  -26.76838    -60.61281     0.10      0.12     0.16     1 
2280790891  -26.76784    -60.58085     0.51     -0.01     0.51     2 
2280790893  -26.76674    -60.51694     0.03     -0.03     0.04     1 
2280790894  -26.76617    -60.48498     0.12      0.01     0.12     1 
2280790921  -26.81057    -62.01946     0.14     -0.18     0.23     1 
2280790927  -26.80910    -61.82751     0.14     -0.09     0.17     1 
2280790928  -26.80884    -61.79551     0.34     -0.28     0.44     1 
2280790929  -26.80856    -61.76352     0.57     -0.21     0.60     2 
2280790930  -26.80828    -61.73153     0.13     -0.10     0.17     1 
2280790932  -26.80769    -61.66756     0.21     -0.02     0.21     1 
2280790934  -26.80707    -61.60358     0.18      0.22     0.29     1 
2280790935  -26.80675    -61.57159    -0.07     -0.07     0.10     1 
2280790936  -26.80643    -61.53961    -0.08      0.29     0.30     1 
2280790937  -26.80609    -61.50762     0.62     -0.08     0.63     2 
2280790938  -26.80575    -61.47563     0.49     -0.03     0.49     1 
2280790939  -26.80541    -61.44365     0.16      0.05     0.17     1 
2280790940  -26.80505    -61.41166     0.38     -0.17     0.41     1 
2280790941  -26.80469    -61.37968     0.30     -0.03     0.30     1 
2280790945  -26.80316    -61.25175     0.02      0.11     0.12     1 
2280790951  -26.80067    -61.05988     0.17      0.06     0.18     1 
2280790956  -26.79838    -60.90000    -0.06      0.11     0.13     1 
2280790958  -26.79742    -60.83606     0.11      0.04     0.12     1 
2280790959  -26.79693    -60.80409     0.21      0.09     0.23     1 
2280790961  -26.79592    -60.74015     0.02     -0.02     0.03     1 
2280790962  -26.79541    -60.70818     0.63      0.12     0.64     2 
2280790963  -26.79489    -60.67621     0.03     -0.02     0.04     1 
2280790964  -26.79436    -60.64424     0.10      0.07     0.12     1 
2280790965  -26.79382    -60.61228    -0.01     -0.13     0.13     1 
2280790966  -26.79328    -60.58031    -0.05      0.06     0.08     1 
2280790967  -26.79273    -60.54835     0.12      0.07     0.14     1 
2280790969  -26.79161    -60.48442    -0.09      0.01     0.09     1 
2280790970  -26.79104    -60.45246    -0.02      0.02     0.03     1 
2280790971  -26.79046    -60.42050    -0.03      0.00     0.03     1 
2280790991  -26.83704    -62.17925     0.33     -0.21     0.39     1 
2280790998  -26.83556    -61.95524     0.29     -0.28     0.41     1 
2280790999  -26.83533    -61.92324     0.03     -0.48     0.48     1 
2280791000  -26.83508    -61.89124     0.34     -0.36     0.49     1 
2280791003  -26.83429    -61.79525     0.08     -0.14     0.16     1 
2280791004  -26.83402    -61.76325     0.22      0.06     0.23     1 
2280791005  -26.83373    -61.73125     0.20     -0.06     0.21     1 
2280791009  -26.83253    -61.60327     0.58      0.10     0.59     2 
2280791012  -26.83155    -61.50729     0.29      0.07     0.30     1 
2280791013  -26.83121    -61.47529     0.31      0.42     0.53     2 
2280791014  -26.83086    -61.44330     0.22      0.03     0.22     1 
2280791017  -26.82977    -61.34733     0.27      0.06     0.27     1 
2280791018  -26.82939    -61.31534     0.12      0.03     0.13     1 
2280791019  -26.82901    -61.28335     0.22     -0.07     0.23     1 
2280791025  -26.82655    -61.09143     0.04     -0.05     0.07     1 
2280791026  -26.82611    -61.05944     0.15     -0.05     0.16     1 
2280791027  -26.82567    -61.02746     0.11     -0.13     0.17     1 
2280791030  -26.82430    -60.93151    -0.12     -0.01     0.12     1 
2280791032  -26.82335    -60.86755     0.24      0.20     0.31     1 
2280791033  -26.82286    -60.83557     0.17      0.06     0.18     1 
2280791036  -26.82136    -60.73964    -0.06     -0.05     0.08     1 
2280791040  -26.81926    -60.61174     0.10      0.14     0.17     1 
2280791041  -26.81872    -60.57977     0.22     -0.05     0.23     1 
2280791042  -26.81817    -60.54780     0.14      0.14     0.20     1 
2280791043  -26.81761    -60.51583    -0.14     -0.07     0.16     1 
2280791044  -26.81705    -60.48386     0.15      0.02     0.15     1 
2280791046  -26.81589    -60.41992    -0.03      0.17     0.17     1 
2280791064  -26.86286    -62.24308     0.12      0.01     0.12     1 
2280791066  -26.86250    -62.17906    -0.03      0.08     0.09     1 
2280791071  -26.86148    -62.01902     0.16     -0.31     0.35     1 
2280791073  -26.86102    -61.95500    -0.10     -0.39     0.40     1 
2280791074  -26.86078    -61.92300     0.15     -0.05     0.16     1 
2280791081  -26.85890    -61.69896     0.31      0.00     0.31     1 
2280791082  -26.85860    -61.66696     0.10     -0.14     0.17     1 
2280791083  -26.85829    -61.63496     0.07     -0.06     0.09     1 
2280791086  -26.85733    -61.53895    -0.01     -0.03     0.04     1 
2280791087  -26.85700    -61.50695     0.20     -0.14     0.25     1 
2280791088  -26.85666    -61.47495     0.16     -0.03     0.16     1 
2280791091  -26.85559    -61.37895     0.18     -0.03     0.19     1 
2280791092  -26.85522    -61.34696     0.06      0.03     0.07     1 
2280791093  -26.85484    -61.31496     0.21      0.06     0.22     1 
2280791094  -26.85446    -61.28296     0.21     -0.09     0.23     1 
2280791095  -26.85406    -61.25097    -0.05     -0.08     0.09     1 
2280791096  -26.85366    -61.21897     0.09      0.01     0.09     1 
2280791097  -26.85326    -61.18698     0.24      0.02     0.24     1 
2280791098  -26.85284    -61.15499     0.17      0.03     0.17     1 
2280791099  -26.85242    -61.12299     0.03      0.37     0.37     1 
2280791101  -26.85156    -61.05901     0.20     -0.09     0.22     1 
2280791103  -26.85067    -60.99503     0.08     -0.01     0.08     1 
2280791104  -26.85021    -60.96304    -0.19      0.04     0.19     1 
2280791105  -26.84974    -60.93105    -0.17     -0.21     0.27     1 
2280791106  -26.84927    -60.89906     0.24     -0.15     0.28     1 
2280791108  -26.84831    -60.83509     0.10     -0.23     0.26     1 
2280791110  -26.84731    -60.77112    -0.05      0.02     0.06     1 
2280791112  -26.84629    -60.70715     0.00     -0.15     0.15     1 
2280791113  -26.84577    -60.67517    -0.17      0.15     0.23     1 
2280791114  -26.84524    -60.64319     0.01      0.06     0.06     1 
2280791115  -26.84470    -60.61121     0.12     -0.28     0.30     1 
2280791116  -26.84416    -60.57923     0.15     -0.20     0.25     1 
2280791117  -26.84361    -60.54725     0.21      0.22     0.31     1 
2280791118  -26.84305    -60.51527    -0.05      0.06     0.07     1 
2280791119  -26.84248    -60.48330     0.04     -0.15     0.15     1 
2280791120  -26.84191    -60.45132     0.02     -0.08     0.08     1 
2280791141  -26.88796    -62.17888    -0.05      0.22     0.23     1 
2280791145  -26.88716    -62.05082     0.22     -0.31     0.38     1 
2280791147  -26.88671    -61.98678     0.20     -0.30     0.36     1 
2280791148  -26.88648    -61.95477     0.26     -0.22     0.34     1 
2280791149  -26.88624    -61.92276     0.41      0.04     0.41     1 
2280791154  -26.88493    -61.76269     0.43     -0.11     0.45     1 
2280791155  -26.88464    -61.73068     0.32     -0.11     0.34     1 
2280791156  -26.88435    -61.69867     0.24     -0.12     0.27     1 
2280791157  -26.88405    -61.66666     0.06     -0.18     0.19     1 
2280791158  -26.88375    -61.63465     0.13     -0.16     0.20     1 
2280791163  -26.88211    -61.47461     0.32      0.07     0.33     1 
2280791164  -26.88176    -61.44260     0.08     -0.03     0.09     1 
2280791166  -26.88104    -61.37859     0.09     -0.02     0.09     1 
2280791167  -26.88067    -61.34659    -0.03      0.01     0.03     1 
2280791168  -26.88029    -61.31458     0.20      0.03     0.20     1 
2280791169  -26.87991    -61.28258     0.32     -0.02     0.32     1 
2280791170  -26.87951    -61.25058     0.00     -0.03     0.03     1 
2280791171  -26.87911    -61.21858     0.07     -0.14     0.15     1 
2280791172  -26.87871    -61.18657     0.10     -0.19     0.21     1 
2280791173  -26.87829    -61.15457     0.02      0.02     0.03     1 
2280791178  -26.87611    -60.99458     0.12      0.13     0.18     1 
2280791180  -26.87519    -60.93059     0.22      0.18     0.29     1 
2280791187  -26.87173    -60.70664    -0.24      0.04     0.24     1 
2280791188  -26.87121    -60.67465     0.11     -0.25     0.27     1 
2280791190  -26.87014    -60.61068     0.25      0.20     0.32     1 
2280791191  -26.86960    -60.57869     0.13      0.16     0.21     1 
2280791193  -26.86848    -60.51472    -0.01     -0.01     0.01     1 
2280791194  -26.86792    -60.48273     0.24      0.07     0.26     1 
2280791196  -26.86676    -60.41877     0.08     -0.33     0.34     1 
2280791216  -26.91342    -62.17869     0.08     -0.04     0.08     1 
2280791224  -26.91169    -61.92251     0.21     -0.18     0.28     1 
2280791225  -26.91145    -61.89049     0.27     -0.33     0.42     1 
2280791226  -26.91119    -61.85847     0.14     -0.09     0.17     1 
2280791227  -26.91093    -61.82645    -0.28     -0.23     0.36     1 
2280791229  -26.91038    -61.76242     0.08     -0.34     0.35     1 
2280791230  -26.91010    -61.73040     0.12     -0.12     0.17     1 
2280791231  -26.90981    -61.69838    -0.15      0.32     0.35     1 
2280791232  -26.90951    -61.66636     0.23     -0.04     0.23     1 
2280791233  -26.90920    -61.63435     0.06     -0.08     0.10     1 
2280791236  -26.90824    -61.53830     0.20     -0.01     0.20     1 
2280791237  -26.90790    -61.50628     0.23      0.00     0.23     1 
2280791239  -26.90721    -61.44225     0.15     -0.13     0.20     1 
2280791241  -26.90649    -61.37823     0.21     -0.07     0.23     1 
2280791242  -26.90612    -61.34622     0.17      0.04     0.17     1 
2280791244  -26.90536    -61.28220     0.13     -0.06     0.14     1 
2280791245  -26.90496    -61.25019     0.16      0.03     0.17     1 
2280791246  -26.90456    -61.21818     0.13      0.02     0.13     1 
2280791247  -26.90415    -61.18617     0.23      0.06     0.23     1 
2280791248  -26.90374    -61.15416     0.22      0.08     0.24     1 
2280791250  -26.90289    -61.09014     0.19     -0.10     0.22     1 
2280791251  -26.90245    -61.05814     0.20     -0.07     0.21     1 
2280791253  -26.90156    -60.99413     0.33     -0.14     0.36     1 
2280791258  -26.89919    -60.83412    -0.04      0.05     0.07     1 
2280791262  -26.89717    -60.70613     0.26      0.26     0.37     1 
2280791263  -26.89665    -60.67413     0.15     -0.15     0.22     1 
2280791266  -26.89503    -60.57815     0.34      0.02     0.34     1 
2280791267  -26.89448    -60.54615     0.14     -0.46     0.47     1 
2280791268  -26.89392    -60.51416     0.20      0.20     0.28     1 
2280791269  -26.89335    -60.48217    -0.10      0.20     0.23     1 
2280791270  -26.89278    -60.45018     0.24      0.20     0.31     1 
2280791271  -26.89220    -60.41819     0.22     -0.05     0.23     1 
2280791292  -26.93868    -62.14648     0.13     -0.22     0.25     1 
2280791295  -26.93807    -62.05039     0.23     -0.21     0.31     1 
2280791296  -26.93785    -62.01836     0.41     -0.08     0.42     1 
2280791298  -26.93739    -61.95430     0.28     -0.37     0.46     1 
2280791299  -26.93715    -61.92227     0.12     -0.08     0.14     1 
2280791300  -26.93690    -61.89025     0.30     -0.02     0.30     1 
2280791301  -26.93665    -61.85822     0.46     -0.17     0.49     1 
2280791305  -26.93555    -61.73011     0.25     -0.32     0.41     1 
2280791307  -26.93496    -61.66606     0.17      0.04     0.18     1 
2280791308  -26.93465    -61.63404     0.19     -0.23     0.30     1 
2280791310  -26.93402    -61.56999    -0.34      0.29     0.45     1 
2280791313  -26.93301    -61.47393     0.14     -0.00     0.14     1 
2280791315  -26.93231    -61.40989     0.07     -0.04     0.08     1 
2280791316  -26.93194    -61.37786     0.17      0.04     0.17     1 
2280791317  -26.93157    -61.34585    -0.23     -0.44     0.50     1 
2280791318  -26.93119    -61.31383     0.07     -0.15     0.17     1 
2280791320  -26.93041    -61.24979     0.05     -0.08     0.09     1 
2280791321  -26.93001    -61.21778     0.07     -0.08     0.11     1 
2280791322  -26.92960    -61.18576     0.27     -0.03     0.27     1 
2280791323  -26.92919    -61.15375    -0.06      0.03     0.07     1 
2280791324  -26.92876    -61.12173    -0.06     -0.20     0.21     1 
2280791325  -26.92834    -61.08972     0.10     -0.05     0.11     1 
2280791328  -26.92700    -60.99368     0.15      0.17     0.22     1 
2280791329  -26.92654    -60.96167    -0.07     -0.15     0.17     1 
2280791331  -26.92560    -60.89765     0.03      0.07     0.07     1 
2280791332  -26.92512    -60.86564    -0.39      0.15     0.42     1 
2280791333  -26.92463    -60.83363     0.30     -0.07     0.31     1 
2280791334  -26.92414    -60.80163     0.00     -0.12     0.12     1 
2280791335  -26.92364    -60.76962     0.29      0.22     0.36     1 
2280791336  -26.92313    -60.73762     0.19      0.05     0.20     1 
2280791337  -26.92261    -60.70561     0.16     -0.08     0.18     1 
2280791339  -26.92156    -60.64160    -0.08     -0.18     0.20     1 
2280791340  -26.92102    -60.60960    -0.18      0.16     0.24     1 
2280791341  -26.92047    -60.57760     0.12      0.15     0.20     1 
2280791342  -26.91992    -60.54560     0.18     -0.07     0.19     1 
2280791343  -26.91936    -60.51360     0.16     -0.12     0.20     1 
2280791344  -26.91879    -60.48161     0.14     -0.07     0.15     1 
2280791345  -26.91822    -60.44961    -0.16      0.05     0.17     1 
2280791369  -26.96374    -62.08221    -0.16     -0.21     0.26     1 
2280791376  -26.96210    -61.85796     0.56     -0.28     0.63     2 
2280791377  -26.96184    -61.82593     0.25     -0.05     0.25     1 
2280791381  -26.96071    -61.69779     0.15     -0.11     0.19     1 
2280791384  -26.95979    -61.60170     0.09     -0.28     0.30     1 
2280791389  -26.95811    -61.44156     0.06     -0.01     0.06     1 
2280791390  -26.95776    -61.40953     0.25      0.54     0.59     2 
2280791391  -26.95739    -61.37750     0.01      0.01     0.01     1 
2280791392  -26.95702    -61.34547     0.14     -0.01     0.14     1 
2280791393  -26.95664    -61.31345    -0.08     -0.01     0.08     1 
2280791394  -26.95625    -61.28142     0.09     -0.11     0.14     1 
2280791395  -26.95586    -61.24940     0.18     -0.17     0.25     1 
2280791399  -26.95421    -61.12131     0.20     -0.04     0.20     1 
2280791400  -26.95378    -61.08929     0.04     -0.37     0.37     1 
2280791401  -26.95334    -61.05727     0.15     -0.12     0.19     1 
2280791404  -26.95199    -60.96121    -0.01      0.11     0.11     1 
2280791405  -26.95152    -60.92919     0.15      0.12     0.19     1 
2280791406  -26.95105    -60.89718     0.04     -0.03     0.05     1 
2280791407  -26.95057    -60.86516    -0.08     -0.03     0.08     1 
2280791408  -26.95008    -60.83315     0.19      0.07     0.20     1 
2280791409  -26.94958    -60.80113    -0.02      0.07     0.07     1 
2280791410  -26.94908    -60.76912     0.13      0.06     0.14     1 
2280791411  -26.94857    -60.73711     0.04      0.26     0.27     1 
2280791412  -26.94805    -60.70510    -0.16     -0.13     0.20     1 
2280791414  -26.94700    -60.64108     0.05      0.01     0.05     1 
2280791416  -26.94591    -60.57706     0.19     -0.09     0.21     1 
2280791418  -26.94479    -60.51305    -0.01      0.04     0.04     1 
2280791419  -26.94423    -60.48104    -0.09      0.37     0.38     1 
2280791420  -26.94365    -60.44904    -0.12     -0.11     0.16     1 
2280791441  -26.98979    -62.17814     0.21     -0.52     0.56     2 
2280791444  -26.98920    -62.08201    -0.50     -0.09     0.51     2 
2280791447  -26.98854    -61.98587     0.11     -0.24     0.26     1 
2280791449  -26.98806    -61.92179     0.17     -0.53     0.56     2 
2280791455  -26.98646    -61.72954     0.05     -0.08     0.09     1 
2280791458  -26.98556    -61.63342    -0.42      0.19     0.46     1 
2280791459  -26.98525    -61.60139     0.03     -0.28     0.28     1 
2280791461  -26.98460    -61.53731     0.14     -0.01     0.14     1 
2280791462  -26.98426    -61.50527    -0.14      0.51     0.53     2 
2280791464  -26.98357    -61.44120     0.18     -0.17     0.25     1 
2280791466  -26.98284    -61.37714     0.21     -0.25     0.33     1 
2280791467  -26.98247    -61.34510     0.14     -0.15     0.21     1 
2280791468  -26.98209    -61.31307    -0.06     -0.38     0.38     1 
2280791469  -26.98170    -61.28104     0.15     -0.13     0.20     1 
2280791470  -26.98131    -61.24900     0.05      0.00     0.05     1 
2280791471  -26.98091    -61.21697     0.15     -0.16     0.22     1 
2280791474  -26.97966    -61.12089     0.13     -0.08     0.16     1 
2280791475  -26.97923    -61.08886     0.14      0.04     0.15     1 
2280791476  -26.97879    -61.05683     0.37     -0.04     0.37     1 
2280791477  -26.97835    -61.02480     0.12     -0.18     0.22     1 
2280791478  -26.97789    -60.99278     0.06     -0.03     0.07     1 
2280791479  -26.97743    -60.96075     0.04     -0.19     0.19     1 
2280791480  -26.97696    -60.92873    -0.07     -0.01     0.07     1 
2280791484  -26.97502    -60.80064     0.10      0.05     0.11     1 
2280791486  -26.97401    -60.73660     0.16     -0.05     0.17     1 
2280791487  -26.97349    -60.70458     0.29      0.01     0.29     1 
2280791489  -26.97243    -60.64055     0.08     -0.15     0.17     1 
2280791491  -26.97135    -60.57651     0.07     -0.07     0.10     1 
2280791492  -26.97079    -60.54450     0.05     -0.24     0.25     1 
2280791493  -26.97023    -60.51249     0.06      0.04     0.07     1 
2280791495  -26.96909    -60.44846     0.12     -0.10     0.15     1 
2280791512  -27.01594    -62.30617     0.36     -0.21     0.42     1 
2280791513  -27.01578    -62.27411     0.12     -0.19     0.22     1 
2280791515  -27.01543    -62.21001     0.23     -0.25     0.33     1 
2280791516  -27.01525    -62.17795     0.28     -0.22     0.35     1 
2280791517  -27.01506    -62.14590     0.17     -0.26     0.31     1 
2280791530  -27.01191    -61.72926     0.06     -0.01     0.06     1 
2280791531  -27.01162    -61.69721     0.15     -0.22     0.27     1 
2280791532  -27.01132    -61.66516     0.19     -0.14     0.24     1 
2280791536  -27.01005    -61.53698    -0.03      0.16     0.16     1 
2280791538  -27.00937    -61.47290     0.18      0.07     0.20     1 
2280791539  -27.00902    -61.44085     0.07     -0.14     0.16     1 
2280791540  -27.00866    -61.40881     0.07     -0.21     0.23     1 
2280791543  -27.00754    -61.31269     0.21     -0.11     0.24     1 
2280791544  -27.00715    -61.28065     0.07     -0.09     0.12     1 
2280791545  -27.00676    -61.24861    -0.03     -0.27     0.27     1 
2280791546  -27.00636    -61.21657     0.37     -0.22     0.43     1 
2280791547  -27.00595    -61.18454     0.21     -0.05     0.22     1 
2280791548  -27.00553    -61.15250     0.22     -0.27     0.34     1 
2280791549  -27.00511    -61.12046     0.25     -0.06     0.25     1 
2280791552  -27.00379    -61.02436     0.21      0.04     0.21     1 
2280791553  -27.00334    -60.99233     0.25     -0.26     0.36     1 
2280791554  -27.00288    -60.96029    -0.26     -0.24     0.36     1 
2280791555  -27.00241    -60.92826     0.19      0.13     0.24     1 
2280791557  -27.00145    -60.86420    -0.05     -0.15     0.16     1 
2280791558  -27.00096    -60.83217    -0.02     -0.11     0.11     1 
2280791559  -27.00047    -60.80014     0.07     -0.01     0.07     1 
2280791561  -26.99945    -60.73609    -0.08      0.06     0.10     1 
2280791565  -26.99733    -60.60799    -0.08     -0.02     0.08     1 
2280791566  -26.99679    -60.57597     0.14     -0.21     0.25     1 
2280791567  -26.99623    -60.54395    -0.09      0.00     0.09     1 
2280791568  -26.99567    -60.51193     0.41     -0.10     0.42     1 
2280791569  -26.99510    -60.47991     0.13     -0.21     0.24     1 
2280791570  -26.99452    -60.44789     0.11     -0.36     0.38     1 
2280791587  -27.04140    -62.30601    -0.06     -0.40     0.40     1 
2280791588  -27.04124    -62.27395     0.00     -0.01     0.02     1 
2280791590  -27.04089    -62.20983     0.23     -0.12     0.26     1 
2280791591  -27.04071    -62.17777     0.24     -0.11     0.26     1 
2280791596  -27.03968    -62.01747     0.30     -0.35     0.45     1 
2280791597  -27.03945    -61.98542     0.25     -0.02     0.25     1 
2280791599  -27.03898    -61.92130     0.16      0.04     0.16     1 
2280791604  -27.03766    -61.76102     0.01     -0.14     0.14     1 
2280791605  -27.03737    -61.72897     0.18     -0.05     0.19     1 
2280791607  -27.03678    -61.66486     0.03     -0.25     0.25     1 
2280791608  -27.03647    -61.63281     0.26      0.05     0.27     1 
2280791609  -27.03615    -61.60076     0.18     -0.18     0.26     1 
2280791613  -27.03482    -61.47255     0.23     -0.13     0.27     1 
2280791615  -27.03411    -61.40845     0.05     -0.17     0.18     1 
2280791616  -27.03374    -61.37640     0.32      0.00     0.32     1 
2280791617  -27.03337    -61.34436    -0.08     -0.04     0.10     1 
2280791618  -27.03299    -61.31231     0.06     -0.12     0.13     1 
2280791619  -27.03260    -61.28026     0.54     -0.28     0.61     2 
2280791621  -27.03180    -61.21617     0.27     -0.20     0.34     1 
2280791622  -27.03139    -61.18413     0.10      0.10     0.15     1 
2280791624  -27.03055    -61.12004     0.23     -0.07     0.24     1 
2280791625  -27.03012    -61.08800    -0.18     -0.15     0.24     1 
2280791626  -27.02968    -61.05595     0.17     -0.15     0.23     1 
2280791628  -27.02878    -60.99187     0.05     -0.13     0.14     1 
2280791629  -27.02832    -60.95983     0.08     -0.10     0.13     1 
2280791630  -27.02785    -60.92780     0.44     -0.15     0.47     1 
2280791631  -27.02738    -60.89576    -0.11      0.08     0.14     1 
2280791633  -27.02641    -60.83168     0.17     -0.15     0.23     1 
2280791634  -27.02591    -60.79965    -0.01      0.31     0.31     1 
2280791635  -27.02540    -60.76761    -0.03     -0.04     0.05     1 
2280791636  -27.02489    -60.73558     0.03      0.07     0.07     1 
2280791637  -27.02437    -60.70355     0.06     -0.17     0.18     1 
2280791638  -27.02385    -60.67151     0.13      0.34     0.36     1 
2280791639  -27.02331    -60.63948    -0.12     -0.18     0.22     1 
2280791640  -27.02277    -60.60745    -0.01     -0.07     0.07     1 
2280791642  -27.02167    -60.54339     0.02      0.05     0.05     1 
2280791643  -27.02110    -60.51137    -0.01     -0.06     0.06     1 
2280791644  -27.02053    -60.47934     0.22      0.02     0.23     1 
2280791645  -27.01996    -60.44731     0.09     -0.18     0.20     1 
2280791671  -27.06514    -62.01725     0.18     -0.05     0.19     1 
2280791674  -27.06443    -61.92106     0.04     -0.30     0.30     1 
2280791677  -27.06366    -61.82487     0.08     -0.22     0.24     1 
2280791681  -27.06253    -61.69662    -0.00     -0.05     0.05     1 
2280791683  -27.06192    -61.63250     0.09     -0.05     0.10     1 
2280791688  -27.06027    -61.47221     0.05     -0.02     0.05     1 
2280791689  -27.05992    -61.44015     0.13     -0.11     0.17     1 
2280791690  -27.05956    -61.40809    -0.03     -0.01     0.03     1 
2280791691  -27.05919    -61.37604     0.09      0.05     0.10     1 
2280791693  -27.05844    -61.31193     0.57     -0.17     0.59     2 
2280791695  -27.05766    -61.24782    -0.04     -0.34     0.34     1 
2280791696  -27.05725    -61.21577     0.23      0.08     0.24     1 
2280791697  -27.05684    -61.18372     0.25      0.17     0.30     1 
2280791703  -27.05423    -60.99142    -0.02     -0.06     0.06     1 
2280791704  -27.05377    -60.95937     0.12     -0.22     0.25     1 
2280791705  -27.05330    -60.92733    -0.17     -0.53     0.56     2 
2280791706  -27.05282    -60.89528     0.19     -0.17     0.26     1 
2280791707  -27.05234    -60.86324     0.11     -0.13     0.17     1 
2280791709  -27.05135    -60.79915     0.11     -0.00     0.11     1 
2280791710  -27.05084    -60.76711    -0.03     -0.14     0.14     1 
2280791711  -27.05033    -60.73507    -0.12     -0.09     0.15     1 
2280791712  -27.04981    -60.70303    -0.27     -0.30     0.40     1 
2280791714  -27.04875    -60.63895     0.33     -0.17     0.37     1 
2280791715  -27.04821    -60.60691    -0.01     -0.26     0.26     1 
2280791716  -27.04766    -60.57488    -0.08     -0.27     0.28     1 
2280791717  -27.04710    -60.54284    -0.01     -0.11     0.11     1 
2280791718  -27.04654    -60.51081     0.11     -0.31     0.32     1 
2280791719  -27.04597    -60.47877    -0.04     -0.27     0.28     1 
2280791756  -27.08798    -61.69633     0.17      0.36     0.39     1 
2280791757  -27.08768    -61.66426     0.26     -0.31     0.41     1 
2280791758  -27.08738    -61.63219     0.07     -0.19     0.20     1 
2280791760  -27.08674    -61.56806    -0.41     -0.38     0.57     2 
2280791762  -27.08607    -61.50393     0.22     -0.13     0.26     1 
2280791765  -27.08501    -61.40773     0.15     -0.01     0.15     1 
2280791768  -27.08389    -61.31155     0.29     -0.25     0.38     1 
2280791769  -27.08350    -61.27949     0.38     -0.32     0.50     2 
2280791770  -27.08310    -61.24742     0.22     -0.07     0.23     1 
2280791772  -27.08229    -61.18331     0.05     -0.07     0.09     1 
2280791773  -27.08187    -61.15125     0.04      0.33     0.34     1 
2280791776  -27.08057    -61.05508     0.02     -0.10     0.10     1 
2280791777  -27.08013    -61.02302     0.13     -0.07     0.15     1 
2280791778  -27.07967    -60.99097    -0.10      0.02     0.10     1 
2280791779  -27.07921    -60.95891     0.06     -0.15     0.16     1 
2280791780  -27.07874    -60.92686     0.08      0.07     0.10     1 
2280791781  -27.07826    -60.89481     0.10     -0.11     0.15     1 
2280791782  -27.07778    -60.86276     0.00     -0.28     0.28     1 
2280791784  -27.07679    -60.79865     0.24      0.02     0.24     1 
2280791786  -27.07577    -60.73456     0.15     -0.16     0.22     1 
2280791787  -27.07525    -60.70251     0.25     -0.37     0.45     1 
2280791788  -27.07473    -60.67046    -0.10     -0.27     0.29     1 
2280791790  -27.07365    -60.60637    -0.10     -0.04     0.11     1 
2280791791  -27.07310    -60.57433     0.06     -0.14     0.16     1 
2280791792  -27.07254    -60.54229     0.19     -0.04     0.19     1 
2280791793  -27.07198    -60.51024    -0.03     -0.14     0.14     1 
2280791794  -27.07141    -60.47820     0.21     -0.18     0.28     1 
2280791825  -27.11509    -61.88849    -0.02     -0.03     0.03     1 
2280791834  -27.11251    -61.59981     0.04     -0.07     0.08     1 
2280791835  -27.11219    -61.56773     0.02     -0.19     0.19     1 
2280791837  -27.11152    -61.50359    -0.03     -0.17     0.17     1 
2280791839  -27.11082    -61.43944     0.08     -0.18     0.20     1 
2280791840  -27.11046    -61.40737     0.18     -0.24     0.30     1 
2280791841  -27.11009    -61.37530     0.12     -0.16     0.20     1 
2280791842  -27.10972    -61.34323    -0.16      0.06     0.17     1 
2280791844  -27.10895    -61.27910    -0.01     -0.24     0.24     1 
2280791845  -27.10855    -61.24703     0.40     -0.19     0.44     1 
2280791847  -27.10774    -61.18290    -0.04     -0.01     0.04     1 
2280791848  -27.10732    -61.15083    -0.12     -0.03     0.12     1 
2280791849  -27.10689    -61.11877     0.44     -0.03     0.45     1 
2280791852  -27.10557    -61.02258    -0.21     -0.11     0.24     1 
2280791853  -27.10512    -60.99051     0.28     -0.19     0.34     1 
2280791854  -27.10465    -60.95845     0.04     -0.20     0.21     1 
2280791855  -27.10418    -60.92639    -0.31     -0.28     0.42     1 
2280791856  -27.10371    -60.89433     0.02     -0.08     0.08     1 
2280791858  -27.10273    -60.83021     0.12     -0.07     0.14     1 
2280791859  -27.10223    -60.79816     0.00     -0.11     0.11     1 
2280791861  -27.10121    -60.73405    -0.11     -0.21     0.24     1 
2280791863  -27.10016    -60.66994     0.10     -0.37     0.38     1 
2280791864  -27.09963    -60.63788     0.06     -0.27     0.27     1 
2280791865  -27.09909    -60.60583    -0.12     -0.06     0.13     1 
2280791866  -27.09854    -60.57378    -0.02     -0.25     0.25     1 
2280791867  -27.09798    -60.54173    -0.03      0.01     0.03     1 
2280791868  -27.09741    -60.50968    -0.01      0.16     0.16     1 
2280791869  -27.09684    -60.47763     0.17     -0.25     0.31     1 
2280791885  -27.14353    -62.36956    -0.09     -0.05     0.11     1 
2280791910  -27.13764    -61.56741     0.04     -0.10     0.11     1 
2280791913  -27.13662    -61.47117     0.01     -0.04     0.05     1 
2280791914  -27.13627    -61.43909     0.06     -0.12     0.13     1 
2280791915  -27.13591    -61.40701     0.01     -0.16     0.16     1 
2280791916  -27.13554    -61.37494     0.01     -0.40     0.40     1 
2280791921  -27.13360    -61.21456     0.08     -0.61     0.62     2 
2280791922  -27.13318    -61.18248     0.28     -0.05     0.28     1 
2280791926  -27.13146    -61.05420    -0.10     -0.13     0.16     1 
2280791927  -27.13102    -61.02213     0.19     -0.09     0.22     1 
2280791928  -27.13056    -60.99006    -0.07     -0.32     0.33     1 
2280791929  -27.13010    -60.95799     0.15     -0.09     0.18     1 
2280791930  -27.12963    -60.92592    -0.02     -0.19     0.19     1 
2280791931  -27.12915    -60.89386     0.03     -0.20     0.20     1 
2280791932  -27.12867    -60.86179     0.17     -0.16     0.23     1 
2280791935  -27.12717    -60.76559    -0.03     -0.02     0.04     1 
2280791938  -27.12560    -60.66941     0.18     -0.15     0.24     1 
2280791939  -27.12507    -60.63735    -0.13     -0.03     0.13     1 
2280791941  -27.12397    -60.57323     0.23     -0.11     0.25     1 
2280791943  -27.12285    -60.50912    -0.02     -0.24     0.24     1 
2280791944  -27.12228    -60.47706    -0.03     -0.26     0.26     1 
2280791972  -27.16673    -61.98427     0.28      0.28     0.40     1 
2280791986  -27.16276    -61.53500     0.12     -0.15     0.20     1 
2280791988  -27.16208    -61.47082     0.05     -0.02     0.05     1 
2280791989  -27.16172    -61.43874    -0.32     -0.44     0.54     2 
2280791990  -27.16136    -61.40665     0.06      0.15     0.16     1 
2280791992  -27.16062    -61.34248     0.20     -0.04     0.21     1 
2280791993  -27.16024    -61.31040     0.05     -0.21     0.21     1 
2280791994  -27.15985    -61.27832     0.43     -0.41     0.60     2 
2280791995  -27.15945    -61.24623    -0.05     -0.02     0.06     1 
2280791997  -27.15863    -61.18207     0.02     -0.15     0.15     1 
2280792000  -27.15735    -61.08583    -0.06     -0.11     0.13     1 
2280792002  -27.15646    -61.02168     0.04     -0.05     0.07     1 
2280792003  -27.15601    -60.98960     0.08     -0.06     0.10     1 
2280792004  -27.15554    -60.95753    -0.04     -0.32     0.32     1 
2280792005  -27.15507    -60.92545     0.17      0.10     0.20     1 
2280792006  -27.15459    -60.89338     0.21     -0.18     0.28     1 
2280792008  -27.15361    -60.82923     0.08     -0.09     0.12     1 
2280792009  -27.15311    -60.79716     0.11     -0.11     0.16     1 
2280792013  -27.15104    -60.66888     0.51     -0.28     0.58     2 
2280792014  -27.15050    -60.63681    -0.05      0.27     0.27     1 
2280792015  -27.14996    -60.60475    -0.18     -0.45     0.49     1 
2280792016  -27.14941    -60.57268    -0.06     -0.23     0.24     1 
2280792017  -27.14885    -60.54062    -0.14      0.05     0.14     1 
2280792018  -27.14829    -60.50855    -0.03     -0.19     0.19     1 
2280792019  -27.14771    -60.47649    -0.09     -0.13     0.16     1 
2280792060  -27.18854    -61.56676    -0.28      0.11     0.30     1 
2280792062  -27.18787    -61.50257    -0.01     -0.01     0.02     1 
2280792063  -27.18753    -61.47048     0.10     -0.14     0.17     1 
2280792064  -27.18717    -61.43838     0.07      0.23     0.24     1 
2280792066  -27.18644    -61.37420     0.01     -0.16     0.16     1 
2280792067  -27.18607    -61.34211     0.20     -0.17     0.26     1 
2280792068  -27.18568    -61.31002    -0.09     -0.11     0.14     1 
2280792069  -27.18529    -61.27793     0.02     -0.15     0.15     1 
2280792070  -27.18490    -61.24584     0.22     -0.03     0.22     1 
2280792072  -27.18408    -61.18166     0.23     -0.15     0.28     1 
2280792077  -27.18191    -61.02123     0.09     -0.28     0.29     1 
2280792078  -27.18145    -60.98915    -0.06     -0.18     0.19     1 
2280792080  -27.18051    -60.92498    -0.08      0.01     0.08     1 
2280792081  -27.18004    -60.89290     0.03     -0.11     0.12     1 
2280792082  -27.17955    -60.86082    -0.07     -0.41     0.41     1 
2280792083  -27.17906    -60.82874     0.14     -0.15     0.21     1 
2280792085  -27.17805    -60.76458    -0.21     -0.02     0.21     1 
2280792089  -27.17594    -60.63628     0.03     -0.28     0.28     1 
2280792090  -27.17540    -60.60420    -0.22     -0.14     0.26     1 
2280792091  -27.17485    -60.57213    -0.17     -0.55     0.57     2 
2280792092  -27.17429    -60.54006    -0.01     -0.28     0.28     1 
2280792093  -27.17372    -60.50799    -0.05     -0.33     0.33     1 
2280792113  -27.21944    -62.27280     0.64      0.02     0.64     2 
2280792115  -27.21909    -62.20858     0.15     -0.13     0.20     1 
2280792116  -27.21891    -62.17647    -0.04      0.24     0.24     1 
2280792122  -27.21765    -61.98381    -0.63      0.12     0.65     2 
2280792134  -27.21432    -61.59854     0.03     -0.04     0.05     1 
2280792136  -27.21366    -61.53433     0.14     -0.08     0.17     1 
2280792138  -27.21298    -61.47013     0.21     -0.06     0.22     1 
2280792139  -27.21262    -61.43803    -0.01     -0.02     0.02     1 
2280792140  -27.21226    -61.40593     0.19     -0.14     0.24     1 
2280792141  -27.21189    -61.37383     0.06     -0.05     0.08     1 
2280792142  -27.21152    -61.34173     0.04     -0.45     0.45     1 
2280792144  -27.21074    -61.27754    -0.06     -0.46     0.46     1 
2280792145  -27.21034    -61.24544     0.05     -0.26     0.26     1 
2280792151  -27.20780    -61.05287     0.15     -0.15     0.21     1 
2280792153  -27.20689    -60.98869     0.09     -0.02     0.09     1 
2280792154  -27.20643    -60.95660     0.18     -0.15     0.23     1 
2280792155  -27.20596    -60.92451    -0.01      0.10     0.10     1 
2280792156  -27.20548    -60.89242     0.01     -0.09     0.09     1 
2280792157  -27.20499    -60.86033    -0.13     -0.07     0.15     1 
2280792160  -27.20349    -60.76407    -0.10     -0.29     0.30     1 
2280792161  -27.20297    -60.73199     0.22     -0.51     0.56     2 
2280792163  -27.20192    -60.66782    -0.03     -0.16     0.17     1 
2280792165  -27.20084    -60.60366     0.09     -0.16     0.18     1 
2280792166  -27.20028    -60.57158    -0.13     -0.49     0.51     2 
2280792167  -27.19973    -60.53950    -0.07     -0.35     0.35     1 
2280792168  -27.19916    -60.50742     0.06     -0.16     0.17     1 
2280792188  -27.24490    -62.27263    -0.07      0.08     0.10     1 
2280792192  -27.24417    -62.14416     0.15     -0.03     0.16     1 
2280792205  -27.24100    -61.72666    -0.02      0.03     0.03     1 
2280792211  -27.23912    -61.53400     0.20     -0.15     0.25     1 
2280792214  -27.23807    -61.43767     0.04     -0.11     0.12     1 
2280792215  -27.23771    -61.40557     0.19     -0.10     0.21     1 
2280792218  -27.23658    -61.30925     0.09     -0.03     0.09     1 
2280792219  -27.23619    -61.27714    -0.15      0.04     0.16     1 
2280792228  -27.23234    -60.98823     0.00     -0.08     0.08     1 
2280792229  -27.23187    -60.95614    -0.03      0.00     0.03     1 
2280792231  -27.23092    -60.89194     0.04     -0.12     0.13     1 
2280792232  -27.23043    -60.85985    -0.22     -0.24     0.33     1 
2280792233  -27.22994    -60.82775     0.08     -0.26     0.28     1 
2280792235  -27.22893    -60.76357    -0.06     -0.21     0.21     1 
2280792237  -27.22789    -60.69938    -0.15     -0.36     0.39     1 
2280792238  -27.22736    -60.66729     0.02     -0.20     0.20     1 
2280792240  -27.22627    -60.60312    -0.22     -0.08     0.23     1 
2280792242  -27.22516    -60.53894    -0.17     -0.37     0.41     1 
2280792243  -27.22459    -60.50686     0.04     -0.32     0.32     1 
2280792265  -27.27001    -62.20822     0.14     -0.09     0.17     1 
2280792278  -27.26702    -61.79061     0.25     -0.17     0.31     1 
2280792282  -27.26585    -61.66213    -0.02     -0.06     0.06     1 
2280792283  -27.26554    -61.63002     0.04      0.07     0.08     1 
2280792289  -27.26352    -61.43732    -0.15      0.17     0.23     1 
2280792290  -27.26316    -61.40520    -0.09      0.00     0.09     1 
2280792292  -27.26242    -61.34098     0.06     -0.08     0.10     1 
2280792293  -27.26203    -61.30886    -0.02     -0.12     0.12     1 
2280792294  -27.26164    -61.27675     0.11      0.05     0.12     1 
2280792295  -27.26124    -61.24464    -0.05     -0.05     0.07     1 
2280792302  -27.25824    -61.01988    -0.22     -0.17     0.27     1 
2280792303  -27.25778    -60.98777    -0.07     -0.34     0.34     1 
2280792305  -27.25684    -60.92357     0.05     -0.25     0.26     1 
2280792306  -27.25636    -60.89146     0.07     -0.23     0.24     1 
2280792308  -27.25538    -60.82726    -0.11     -0.39     0.41     1 
2280792309  -27.25488    -60.79516     0.11     -0.10     0.15     1 
2280792310  -27.25437    -60.76306     0.12     -0.07     0.14     1 
2280792311  -27.25385    -60.73096    -0.02     -0.14     0.15     1 
2280792312  -27.25333    -60.69886    -0.28     -0.43     0.51     2 
2280792317  -27.25060    -60.53838    -0.09     -0.44     0.45     1 
2280792318  -27.25003    -60.50629    -0.02     -0.24     0.24     1 
2280792340  -27.29547    -62.20804     0.14      0.09     0.16     1 
2280792346  -27.29424    -62.01524     0.18      0.02     0.18     1 
2280792348  -27.29378    -61.95098    -0.07     -0.60     0.61     2 
2280792364  -27.28897    -61.43696    -0.06     -0.01     0.06     1 
2280792365  -27.28861    -61.40484     0.07      0.11     0.13     1 
2280792367  -27.28786    -61.34060     0.07     -0.01     0.07     1 
2280792368  -27.28748    -61.30848     0.14     -0.05     0.15     1 
2280792369  -27.28709    -61.27636     0.03     -0.14     0.15     1 
2280792376  -27.28413    -61.05154    -0.06      0.03     0.07     1 
2280792377  -27.28368    -61.01943    -0.01      0.34     0.34     1 
2280792379  -27.28276    -60.95520    -0.10      0.35     0.37     1 
2280792380  -27.28229    -60.92309     0.12     -0.25     0.27     1 
2280792381  -27.28181    -60.89098     0.07     -0.03     0.07     1 
2280792383  -27.28082    -60.82676     0.02     -0.31     0.31     1 
2280792384  -27.28032    -60.79465    -0.05     -0.23     0.23     1 
2280792385  -27.27981    -60.76255    -0.10     -0.47     0.48     1 
2280792387  -27.27877    -60.69834    -0.06     -0.16     0.17     1 
2280792388  -27.27823    -60.66623    -0.02     -0.27     0.27     1 
2280792390  -27.27715    -60.60202     0.15     -0.25     0.29     1 
2280792392  -27.27603    -60.53782    -0.12     -0.24     0.27     1 
2280792412  -27.32144    -62.30428     0.18     -0.14     0.23     1 
2280792415  -27.32092    -62.20785     0.05      0.16     0.16     1 
2280792416  -27.32074    -62.17571     0.05      0.11     0.12     1 
2280792419  -27.32014    -62.07930     0.60      0.01     0.60     2 
2280792421  -27.31970    -62.01502     0.10      0.09     0.13     1 
2280792440  -27.31406    -61.40448     0.26     -0.34     0.43     1 
2280792442  -27.31331    -61.34022     0.03      0.04     0.06     1 
2280792443  -27.31293    -61.30809     0.31     -0.08     0.32     1 
2280792445  -27.31214    -61.24384     0.33      0.14     0.36     1 
2280792446  -27.31173    -61.21171     0.16     -0.09     0.18     1 
2280792448  -27.31089    -61.14747    -0.17     -0.21     0.27     1 
2280792452  -27.30913    -61.01898    -0.26     -0.37     0.45     1 
2280792454  -27.30820    -60.95474     0.32     -0.18     0.36     1 
2280792455  -27.30773    -60.92262     0.07      0.14     0.16     1 
2280792456  -27.30725    -60.89050     0.03     -0.07     0.08     1 
2280792458  -27.30626    -60.82627     0.07     -0.02     0.07     1 
2280792459  -27.30576    -60.79415    -0.05     -0.07     0.09     1 
2280792460  -27.30525    -60.76204     0.09     -0.02     0.10     1 
2280792463  -27.30367    -60.66570     0.01     -0.38     0.39     1 
2280792465  -27.30259    -60.60148    -0.10     -0.22     0.24     1 
2280792466  -27.30203    -60.56937     0.11     -0.23     0.26     1 
2280792495  -27.34538    -62.04694     0.11      0.09     0.14     1 
2280792496  -27.34515    -62.01479     0.25     -0.01     0.25     1 
2280792506  -27.34252    -61.69336     0.22     -0.29     0.36     1 
2280792509  -27.34158    -61.59694     0.01     -0.20     0.20     1 
2280792511  -27.34092    -61.53266     0.20      0.11     0.23     1 
2280792515  -27.33951    -61.40411     0.02      0.01     0.03     1 
2280792516  -27.33914    -61.37197     0.04      0.09     0.10     1 
2280792517  -27.33876    -61.33984     0.31     -0.02     0.31     1 
2280792518  -27.33838    -61.30771     0.02     -0.09     0.09     1 
2280792521  -27.33717    -61.21131    -0.08     -0.07     0.10     1 
2280792528  -27.33411    -60.98640     0.08      0.04     0.09     1 
2280792529  -27.33365    -60.95427     0.07     -0.07     0.10     1 
2280792530  -27.33317    -60.92215    -0.08     -0.27     0.28     1 
2280792531  -27.33269    -60.89002     0.08     -0.22     0.23     1 
2280792532  -27.33220    -60.85789    -0.02     -0.01     0.02     1 
2280792533  -27.33170    -60.82577    -0.12     -0.08     0.14     1 
2280792534  -27.33120    -60.79365     0.04     -0.17     0.17     1 
2280792535  -27.33069    -60.76153    -0.05     -0.01     0.06     1 
2280792536  -27.33017    -60.72941    -0.03     -0.12     0.12     1 
2280792537  -27.32964    -60.69729    -0.21     -0.18     0.28     1 
2280792538  -27.32911    -60.66517    -0.04     -0.10     0.10     1 
2280792539  -27.32857    -60.63305     0.11     -0.20     0.23     1 
2280792540  -27.32802    -60.60093    -0.00     -0.18     0.18     1 
2280792541  -27.32747    -60.56881     0.06     -0.29     0.30     1 
2280792567  -27.37146    -62.14318     0.10      0.06     0.11     1 
2280792571  -27.37061    -62.01457     0.27      0.23     0.36     1 
2280792575  -27.36964    -61.88596     0.08     -0.04     0.09     1 
2280792586  -27.36637    -61.53233     0.05      0.04     0.06     1 
2280792592  -27.36421    -61.33946     0.06      0.06     0.08     1 
2280792594  -27.36343    -61.27518     0.15     -0.04     0.15     1 
2280792595  -27.36303    -61.24304    -0.14      0.00     0.14     1 
2280792598  -27.36178    -61.14662    -0.01      0.10     0.10     1 
2280792600  -27.36091    -61.08234    -0.18      0.13     0.23     1 
2280792602  -27.36002    -61.01807     0.17     -0.38     0.41     1 
2280792603  -27.35956    -60.98594    -0.05     -0.07     0.09     1 
2280792604  -27.35909    -60.95380     0.19      0.08     0.20     1 
2280792605  -27.35861    -60.92167    -0.00     -0.08     0.08     1 
2280792606  -27.35813    -60.88954     0.06     -0.08     0.10     1 
2280792607  -27.35764    -60.85741     0.15     -0.20     0.25     1 
2280792608  -27.35715    -60.82527    -0.00     -0.05     0.05     1 
2280792609  -27.35664    -60.79315     0.02     -0.18     0.18     1 
2280792610  -27.35613    -60.76102     0.01     -0.23     0.23     1 
2280792612  -27.35508    -60.69676    -0.19     -0.22     0.29     1 
2280792613  -27.35455    -60.66463    -0.22     -0.25     0.34     1 
2280792615  -27.35346    -60.60038    -0.01     -0.12     0.12     1 
2280792617  -27.35234    -60.53614    -0.08     -0.08     0.11     1 
2280792637  -27.39781    -62.30380     0.12      0.16     0.20     1 
2280792638  -27.39765    -62.27164     0.22      0.22     0.31     1 
2280792642  -27.39691    -62.14299     0.14      0.18     0.23     1 
2280792643  -27.39671    -62.11082     0.17      0.17     0.24     1 
2280792654  -27.39401    -61.75707     0.14     -0.21     0.25     1 
2280792657  -27.39312    -61.66061    -0.06      0.17     0.18     1 
2280792662  -27.39148    -61.49984     0.08      0.01     0.08     1 
2280792670  -27.38848    -61.24263     0.07      0.04     0.08     1 
2280792671  -27.38807    -61.21049     0.15      0.00     0.15     1 
2280792672  -27.38765    -61.17834     0.25      0.19     0.32     1 
2280792673  -27.38723    -61.14619     0.13      0.01     0.13     1 
2280792677  -27.38546    -61.01762    -0.32      0.16     0.36     1 
2280792678  -27.38500    -60.98548     0.11     -0.10     0.15     1 
2280792680  -27.38406    -60.92119    -0.07     -0.06     0.09     1 
2280792682  -27.38308    -60.85692    -0.12      0.02     0.12     1 
2280792684  -27.38208    -60.79264     0.05     -0.23     0.23     1 
2280792685  -27.38157    -60.76050     0.05     -0.06     0.08     1 
2280792687  -27.38052    -60.69623     0.05     -0.08     0.09     1 
2280792688  -27.37999    -60.66410     0.03     -0.19     0.19     1 
2280792689  -27.37945    -60.63197     0.08     -0.31     0.32     1 
2280792690  -27.37890    -60.59983     0.08     -0.05     0.10     1 
2280792692  -27.37778    -60.53557     0.01     -0.31     0.31     1 
2280792712  -27.42327    -62.30364    -0.09      0.00     0.09     1 
2280792713  -27.42310    -62.27147     0.09      0.31     0.32     1 
2280792715  -27.42275    -62.20713     0.22      0.10     0.24     1 
2280792716  -27.42256    -62.17496     0.14      0.13     0.19     1 
2280792717  -27.42237    -62.14279     0.12      0.14     0.18     1 
2280792718  -27.42217    -62.11062     0.13      0.07     0.15     1 
2280792732  -27.41857    -61.66030     0.05      0.03     0.06     1 
2280792733  -27.41826    -61.62814    -0.04      0.28     0.28     1 
2280792736  -27.41727    -61.53165     0.12      0.20     0.23     1 
2280792737  -27.41693    -61.49949     0.21      0.11     0.23     1 
2280792738  -27.41658    -61.46733    -0.13      0.07     0.15     1 
2280792740  -27.41586    -61.40302     0.33     -0.15     0.36     1 
2280792745  -27.41392    -61.24223     0.05      0.11     0.12     1 
2280792746  -27.41352    -61.21008     0.06     -0.10     0.12     1 
2280792747  -27.41310    -61.17792     0.03     -0.34     0.34     1 
2280792748  -27.41267    -61.14577     0.21      0.01     0.21     1 
2280792750  -27.41180    -61.08147    -0.05      0.20     0.20     1 
2280792754  -27.40997    -60.95287     0.06     -0.03     0.06     1 
2280792755  -27.40950    -60.92072     0.02     -0.04     0.04     1 
2280792756  -27.40902    -60.88857     0.09     -0.30     0.31     1 
2280792757  -27.40853    -60.85643     0.04     -0.13     0.14     1 
2280792758  -27.40803    -60.82428    -0.10     -0.08     0.12     1 
2280792759  -27.40752    -60.79213    -0.28      0.04     0.28     1 
2280792760  -27.40701    -60.75999    -0.00     -0.27     0.27     1 
2280792761  -27.40649    -60.72785    -0.01     -0.14     0.14     1 
2280792762  -27.40596    -60.69570     0.09     -0.08     0.12     1 
2280792763  -27.40543    -60.66356     0.08     -0.24     0.25     1 
2280792764  -27.40488    -60.63142    -0.06     -0.22     0.23     1 
2280792765  -27.40433    -60.59928     0.01     -0.25     0.25     1 
2280792766  -27.40378    -60.56714     0.04     -0.18     0.18     1 
2280792784  -27.44917    -62.40001     0.16      0.10     0.18     1 
2280792787  -27.44872    -62.30348     0.17      0.04     0.17     1 
2280792789  -27.44839    -62.23912     0.17      0.23     0.29     1 
2280792790  -27.44821    -62.20695     0.12      0.18     0.22     1 
2280792806  -27.44433    -61.69216     0.29      0.35     0.46     1 
2280792808  -27.44371    -61.62782     0.09     -0.17     0.20     1 
2280792811  -27.44272    -61.53132     0.08      0.15     0.17     1 
2280792820  -27.43937    -61.24183     0.32     -0.06     0.33     1 
2280792821  -27.43896    -61.20967     0.12     -0.07     0.14     1 
2280792824  -27.43769    -61.11319     0.05     -0.10     0.11     1 
2280792825  -27.43725    -61.08103    -0.24     -0.23     0.33     1 
2280792828  -27.43589    -60.98455     0.13     -0.05     0.14     1 
2280792829  -27.43542    -60.95240    -0.07     -0.09     0.11     1 
2280792830  -27.43494    -60.92024     0.05      0.00     0.05     1 
2280792831  -27.43446    -60.88809     0.08     -0.17     0.18     1 
2280792832  -27.43397    -60.85593     0.10     -0.06     0.12     1 
2280792833  -27.43347    -60.82378    -0.00     -0.11     0.11     1 
2280792835  -27.43245    -60.75948    -0.10     -0.26     0.27     1 
2280792836  -27.43193    -60.72733    -0.05     -0.11     0.12     1 
2280792838  -27.43086    -60.66303    -0.19     -0.44     0.48     1 
2280792839  -27.43032    -60.63088    -0.10     -0.16     0.19     1 
2280792840  -27.42977    -60.59873    -0.03     -0.26     0.26     1 
2280792841  -27.42921    -60.56659     0.01     -0.34     0.35     1 
2280792862  -27.47418    -62.30332     0.29      0.37     0.47     1 
2280792863  -27.47402    -62.27113     0.54      0.23     0.59     2 
2280792864  -27.47384    -62.23895    -0.24      0.13     0.27     1 
2280792865  -27.47366    -62.20676     0.22      0.11     0.24     1 
2280792868  -27.47308    -62.11021     0.10      0.10     0.14     1 
2280792875  -27.47146    -61.88494    -0.02     -0.03     0.03     1 
2280792876  -27.47120    -61.85276     0.33      0.15     0.36     1 
2280792878  -27.47065    -61.78840    -0.03      0.63     0.63     2 
2280792881  -27.46978    -61.69186    -0.14     -0.18     0.23     1 
2280792883  -27.46916    -61.62751     0.46      0.06     0.46     1 
2280792884  -27.46884    -61.59533     0.23      0.27     0.35     1 
2280792886  -27.46817    -61.53098     0.13      0.03     0.13     1 
2280792889  -27.46712    -61.43445     0.08      0.00     0.08     1 
2280792890  -27.46676    -61.40228     0.14      0.12     0.19     1 
2280792892  -27.46600    -61.33794    -0.10      0.23     0.26     1 
2280792895  -27.46482    -61.24142    -0.01      0.06     0.06     1 
2280792896  -27.46441    -61.20926     0.33     -0.06     0.34     1 
2280792898  -27.46357    -61.14492     0.06      0.13     0.14     1 
2280792904  -27.46086    -60.95193     0.14     -0.24     0.28     1 
2280792905  -27.46038    -60.91976     0.13     -0.16     0.21     1 
2280792906  -27.45990    -60.88760    -0.15     -0.09     0.17     1 
2280792907  -27.45941    -60.85544     0.25     -0.14     0.29     1 
2280792909  -27.45840    -60.79112    -0.07     -0.07     0.10     1 
2280792910  -27.45789    -60.75896    -0.04     -0.01     0.04     1 
2280792912  -27.45684    -60.69465    -0.02     -0.08     0.08     1 
2280792913  -27.45630    -60.66249    -0.08     -0.05     0.09     1 
2280792914  -27.45576    -60.63034    -0.07     -0.20     0.21     1 
2280792915  -27.45521    -60.59818     0.01     -0.32     0.32     1 
2280792916  -27.45465    -60.56603    -0.07     -0.18     0.19     1 
2280792938  -27.49947    -62.27097     0.31      0.07     0.32     1 
2280792941  -27.49893    -62.17439    -0.04      0.18     0.18     1 
2280792942  -27.49874    -62.14220     0.09      0.23     0.25     1 
2280792949  -27.49717    -61.91687     0.13      0.04     0.13     1 
2280792960  -27.49396    -61.56282     0.16      0.13     0.20     1 
2280792967  -27.49145    -61.33756    -0.02      0.02     0.02     1 
2280792973  -27.48901    -61.14449    -0.03     -0.02     0.04     1 
2280792977  -27.48723    -61.01580    -0.26      0.21     0.33     1 
2280792978  -27.48677    -60.98363    -0.10      0.11     0.15     1 
2280792979  -27.48630    -60.95146     0.34      0.11     0.35     1 
2280792980  -27.48583    -60.91929     0.02      0.10     0.10     1 
2280792981  -27.48534    -60.88712     0.04      0.04     0.05     1 
2280792982  -27.48485    -60.85495     0.05     -0.16     0.17     1 
2280792983  -27.48435    -60.82278     0.02     -0.61     0.61     2 
2280792984  -27.48384    -60.79061     0.10     -0.29     0.30     1 
2280792985  -27.48333    -60.75845    -0.07     -0.20     0.21     1 
2280792986  -27.48281    -60.72628    -0.14     -0.21     0.26     1 
2280792987  -27.48228    -60.69412    -0.06     -0.01     0.06     1 
2280792988  -27.48174    -60.66195    -0.00     -0.22     0.22     1 
2280792989  -27.48119    -60.62979     0.01     -0.16     0.16     1 
2280792990  -27.48064    -60.59763    -0.05      0.05     0.07     1 
2280792991  -27.48008    -60.56547    -0.09     -0.13     0.16     1 
2280793017  -27.52419    -62.14200     0.15      0.32     0.35     1 
2280793039  -27.51802    -61.43373     0.11      0.26     0.29     1 
2280793042  -27.51690    -61.33717     0.17      0.17     0.24     1 
2280793043  -27.51651    -61.30499     0.17      0.20     0.26     1 
2280793045  -27.51571    -61.24062     0.61      0.14     0.62     2 
2280793048  -27.51446    -61.14407     0.16     -0.08     0.18     1 
2280793050  -27.51358    -61.07970    -0.01     -0.03     0.03     1 
2280793051  -27.51313    -61.04752    -0.12     -0.05     0.12     1 
2280793052  -27.51268    -61.01534    -0.02     -0.17     0.17     1 
2280793054  -27.51175    -60.95099    -0.20      0.11     0.23     1 
2280793056  -27.51078    -60.88663    -0.22     -0.02     0.22     1 
2280793063  -27.50718    -60.66142     0.16     -0.20     0.26     1 
2280793064  -27.50663    -60.62925    -0.01     -0.14     0.14     1 
2280793065  -27.50608    -60.59708    -0.02     -0.16     0.16     1 
2280793066  -27.50552    -60.56491     0.02     -0.16     0.16     1 
2280793089  -27.55021    -62.23842     0.05      0.05     0.07     1 
2280793105  -27.54643    -61.72316     0.14      0.50     0.52     2 
2280793110  -27.54486    -61.56216     0.06      0.22     0.23     1 
2280793111  -27.54453    -61.52996     0.10      0.17     0.20     1 
2280793113  -27.54383    -61.46557     0.17      0.12     0.20     1 
2280793115  -27.54310    -61.40118     0.07      0.10     0.12     1 
2280793122  -27.54033    -61.17583    -0.02      0.15     0.16     1 
2280793124  -27.53947    -61.11145     0.08      0.14     0.16     1 
2280793125  -27.53903    -61.07926     0.04      0.10     0.11     1 
2280793126  -27.53858    -61.04707     0.08      0.01     0.09     1 
2280793128  -27.53766    -60.98270    -0.06     -0.01     0.06     1 
2280793129  -27.53719    -60.95051    -0.03     -0.06     0.07     1 
2280793137  -27.53315    -60.69306    -0.03      0.07     0.07     1 
2280793138  -27.53261    -60.66088     0.01     -0.11     0.11     1 
2280793139  -27.53207    -60.62870     0.07     -0.10     0.12     1 
2280793140  -27.53152    -60.59652     0.01     -0.09     0.10     1 
2280793161  -27.57617    -62.33489     0.11      0.24     0.27     1 
2280793164  -27.57567    -62.23825     0.20      0.39     0.44     1 
2280793166  -27.57530    -62.17382     0.11      0.12     0.16     1 
2280793169  -27.57469    -62.07718    -0.07      0.56     0.57     2 
2280793181  -27.57159    -61.69066    -0.01      0.19     0.19     1 
2280793183  -27.57097    -61.62624     0.15     -0.03     0.16     1 
2280793184  -27.57064    -61.59404    -0.09      0.29     0.30     1 
2280793187  -27.56963    -61.49742     0.25      0.33     0.41     1 
2280793190  -27.56855    -61.40081     0.08      0.26     0.27     1 
2280793191  -27.56818    -61.36861     0.13      0.23     0.26     1 
2280793192  -27.56780    -61.33641     0.11      0.23     0.26     1 
2280793194  -27.56701    -61.27201     0.13      0.34     0.37     1 
2280793201  -27.56402    -61.04662     0.14     -0.02     0.14     1 
2280793202  -27.56357    -61.01443     0.18      0.08     0.19     1 
2280793203  -27.56310    -60.98223    -0.04      0.01     0.04     1 
2280793205  -27.56215    -60.91785     0.33      0.05     0.33     1 
2280793206  -27.56167    -60.88566     0.13      0.02     0.13     1 
2280793209  -27.56016    -60.78909    -0.00      0.02     0.02     1 
2280793213  -27.55805    -60.66034     0.02     -0.13     0.13     1 
2280793214  -27.55751    -60.62815     0.00     -0.16     0.16     1 
2280793215  -27.55695    -60.59597     0.05     -0.05     0.07     1 
2280793235  -27.60177    -62.36696     0.24      0.37     0.44     1 
2280793236  -27.60162    -62.33474     0.14     -0.04     0.14     1 
2280793248  -27.59923    -61.94809     0.10      0.52     0.53     2 
2280793249  -27.59898    -61.91587     0.16      0.29     0.33     1 
2280793256  -27.59704    -61.69035     0.14      0.32     0.35     1 
2280793257  -27.59673    -61.65814     0.12      0.22     0.25     1 
2280793260  -27.59576    -61.56150    -0.11      0.28     0.31     1 
2280793262  -27.59508    -61.49707    -0.07      0.11     0.13     1 
2280793265  -27.59400    -61.40044    -0.06     -0.05     0.08     1 
2280793267  -27.59324    -61.33602    -0.18      0.26     0.32     1 
2280793269  -27.59246    -61.27161    -0.09      0.04     0.10     1 
2280793276  -27.58947    -61.04617     0.05      0.19     0.20     1 
2280793277  -27.58901    -61.01397    -0.05      0.04     0.06     1 
2280793278  -27.58854    -60.98177    -0.05      0.00     0.05     1 
2280793279  -27.58807    -60.94957    -0.29      0.07     0.30     1 
2280793280  -27.58759    -60.91737    -0.03     -0.03     0.04     1 
2280793285  -27.58508    -60.75638    -0.06      0.09     0.10     1 
2280793286  -27.58456    -60.72419     0.01      0.10     0.10     1 
2280793287  -27.58403    -60.69199    -0.05     -0.03     0.06     1 
2280793288  -27.58349    -60.65980     0.10     -0.04     0.11     1 
2280793289  -27.58294    -60.62761     0.14     -0.13     0.20     1 
2280793309  -27.62737    -62.39905     0.35      0.23     0.42     1 
2280793310  -27.62723    -62.36682     0.10      0.20     0.22     1 
2280793314  -27.62658    -62.23790     0.13      0.20     0.24     1 
2280793316  -27.62621    -62.17344     0.12      0.04     0.13     1 
2280793331  -27.62249    -61.69005    -0.12      0.24     0.27     1 
2280793334  -27.62154    -61.59339     0.02      0.29     0.29     1 
2280793335  -27.62121    -61.56117    -0.18      0.35     0.39     1 
2280793336  -27.62088    -61.52895    -0.35      0.24     0.43     1 
2280793337  -27.62053    -61.49673     0.32      0.44     0.54     2 
2280793348  -27.61624    -61.14235    -0.05      0.25     0.26     1 
2280793350  -27.61536    -61.07793     0.16      0.02     0.16     1 
2280793351  -27.61491    -61.04572     0.14      0.15     0.21     1 
2280793353  -27.61399    -60.98130    -0.08     -0.03     0.09     1 
2280793354  -27.61351    -60.94909    -0.11     -0.06     0.12     1 
2280793357  -27.61205    -60.85247    -0.28     -0.13     0.31     1 
2280793360  -27.61052    -60.75586     0.01      0.08     0.08     1 
2280793362  -27.60947    -60.69146    -0.09      0.01     0.09     1 
2280793363  -27.60893    -60.65926    -0.05      0.06     0.08     1 
2280793365  -27.60782    -60.59486     0.14     -0.21     0.25     1 
2280793381  -27.65322    -62.49562     0.08      0.02     0.09     1 
2280793383  -27.65297    -62.43114     0.18      0.09     0.20     1 
2280793384  -27.65283    -62.39891     0.22      0.01     0.22     1 
2280793385  -27.65269    -62.36667    -0.12     -0.24     0.27     1 
2280793386  -27.65254    -62.33443     0.20     -0.35     0.41     1 
2280793387  -27.65238    -62.30219     0.14      0.15     0.21     1 
2280793388  -27.65221    -62.26996     0.13      0.06     0.14     1 
2280793389  -27.65204    -62.23772     0.09      0.32     0.33     1 
2280793392  -27.65147    -62.14101     0.14      0.18     0.23     1 
2280793395  -27.65084    -62.04431     0.26      0.17     0.31     1 
2280793405  -27.64824    -61.72198     0.02      0.35     0.35     1 
2280793406  -27.64794    -61.68975    -0.06      0.29     0.30     1 
2280793413  -27.64563    -61.46415     0.05      0.12     0.13     1 
2280793415  -27.64490    -61.39970    -0.02      0.18     0.18     1 
2280793418  -27.64375    -61.30303    -0.11      0.13     0.17     1 
2280793423  -27.64168    -61.14192    -0.05      0.12     0.13     1 
2280793425  -27.64080    -61.07749    -0.03      0.11     0.11     1 
2280793426  -27.64035    -61.04527     0.11      0.18     0.21     1 
2280793428  -27.63943    -60.98083    -0.16      0.27     0.31     1 
2280793429  -27.63896    -60.94862     0.13      0.13     0.18     1 
2280793430  -27.63848    -60.91640    -0.05     -0.05     0.07     1 
2280793434  -27.63648    -60.78755     0.02      0.02     0.03     1 
2280793435  -27.63596    -60.75534     0.08      0.11     0.13     1 
2280793436  -27.63544    -60.72313     0.05     -0.21     0.21     1 
2280793437  -27.63490    -60.69093     0.00     -0.16     0.16     1 
2280793439  -27.63382    -60.62651     0.09     -0.13     0.15     1 
2280793457  -27.67855    -62.46326     0.30     -0.04     0.30     1 
2280793458  -27.67842    -62.43101     0.24      0.09     0.26     1 
2280793461  -27.67799    -62.33428     0.03      0.12     0.13     1 
2280793462  -27.67783    -62.30203    -0.06      0.16     0.17     1 
2280793463  -27.67767    -62.26979     0.05      0.26     0.27     1 
2280793466  -27.67712    -62.17305     0.08      0.13     0.15     1 
2280793467  -27.67693    -62.14081     0.09      0.11     0.14     1 
2280793488  -27.67108    -61.46380     0.13      0.12     0.18     1 
2280793492  -27.66959    -61.33487     0.07      0.15     0.16     1 
2280793493  -27.66919    -61.30264     0.39      0.03     0.39     1 
2280793498  -27.66713    -61.14149     0.25      0.18     0.31     1 
2280793499  -27.66669    -61.10927     0.22      0.27     0.34     1 
2280793505  -27.66392    -60.91592    -0.29     -0.12     0.32     1 
2280793509  -27.66192    -60.78704     0.10      0.05     0.11     1 
2280793511  -27.66087    -60.72261    -0.05     -0.43     0.43     1 
2280793512  -27.66034    -60.69039     0.08     -0.01     0.08     1 
2280793514  -27.65925    -60.62596    -0.06     -0.03     0.07     1 
2280793532  -27.70401    -62.46313     0.43     -0.17     0.46     1 
2280793535  -27.70360    -62.36637     0.11      0.11     0.16     1 
2280793538  -27.70312    -62.26962     0.13      0.12     0.18     1 
2280793541  -27.70258    -62.17286    -0.06      0.15     0.16     1 
2280793542  -27.70238    -62.14061     0.06      0.09     0.11     1 
2280793543  -27.70218    -62.10836     0.32     -0.03     0.32     1 
2280793544  -27.70197    -62.07611     0.15      0.04     0.16     1 
2280793566  -27.69542    -61.36672    -0.08      0.42     0.43     1 
2280793567  -27.69503    -61.33448     0.18      0.22     0.29     1 
2280793572  -27.69300    -61.17330     0.33      0.11     0.35     1 
2280793573  -27.69257    -61.14106     0.41      0.00     0.41     1 
2280793574  -27.69214    -61.10883     0.01      0.05     0.05     1 
2280793575  -27.69169    -61.07659     0.07      0.18     0.20     1 
2280793577  -27.69078    -61.01213    -0.01      0.23     0.23     1 
2280793581  -27.68887    -60.88321    -0.14      0.31     0.34     1 
2280793582  -27.68837    -60.85098     0.01      0.00     0.01     1 
2280793583  -27.68787    -60.81876     0.10      0.02     0.11     1 
2280793584  -27.68736    -60.78653    -0.15     -0.10     0.18     1 
2280793587  -27.68578    -60.68986     0.23     -0.08     0.25     1 
2280793589  -27.68469    -60.62541     0.09      0.04     0.09     1 
2280793606  -27.72959    -62.49527     0.15     -0.09     0.17     1 
2280793607  -27.72947    -62.46301     0.11     -0.04     0.12     1 
2280793613  -27.72858    -62.26945     0.06     -0.14     0.15     1 
2280793617  -27.72784    -62.14041    -0.01      0.19     0.19     1 
2280793618  -27.72763    -62.10815     0.25      0.08     0.26     1 
2280793619  -27.72742    -62.07590     0.09      0.12     0.15     1 
2280793620  -27.72720    -62.04364    -0.17      0.14     0.22     1 
2280793625  -27.72600    -61.88236     0.16      0.07     0.18     1 
2280793626  -27.72573    -61.85010     0.27      0.08     0.28     1 
2280793627  -27.72546    -61.81785     0.02      0.10     0.10     1 
2280793629  -27.72489    -61.75334    -0.00     -0.27     0.27     1 
2280793635  -27.72301    -61.55983     0.30      0.42     0.52     2 
2280793637  -27.72233    -61.49533     0.15      0.06     0.16     1 
2280793641  -27.72086    -61.36634     0.07      0.08     0.10     1 
2280793642  -27.72048    -61.33409     0.10      0.27     0.29     1 
2280793643  -27.72009    -61.30185     0.04      0.09     0.10     1 
2280793644  -27.71969    -61.26960    -0.04      0.10     0.11     1 
2280793646  -27.71887    -61.20511     0.04      0.19     0.19     1 
2280793649  -27.71758    -61.10839     0.05      0.19     0.20     1 
2280793650  -27.71713    -61.07615     0.07      0.01     0.07     1 
2280793651  -27.71668    -61.04391     0.06      0.01     0.06     1 
2280793652  -27.71622    -61.01167    -0.06      0.10     0.12     1 
2280793655  -27.71480    -60.91495    -0.01      0.26     0.26     1 
2280793657  -27.71381    -60.85048     0.08     -0.01     0.08     1 
2280793658  -27.71331    -60.81825     0.16      0.21     0.27     1 
2280793661  -27.71175    -60.72155     0.43     -0.11     0.44     1 
2280793680  -27.75516    -62.52742    -0.09      0.06     0.11     1 
2280793681  -27.75504    -62.49515     0.15     -0.22     0.26     1 
2280793693  -27.75309    -62.10795     0.41     -0.03     0.41     1 
2280793698  -27.75195    -61.94662    -0.25      0.55     0.60     2 
2280793700  -27.75145    -61.88210     0.04      0.11     0.12     1 
2280793702  -27.75091    -61.81757     0.28     -0.07     0.28     1 
2280793705  -27.75005    -61.72079     0.20      0.10     0.22     1 
2280793710  -27.74846    -61.55950    -0.01      0.23     0.23     1 
2280793716  -27.74631    -61.36596     0.30      0.06     0.31     1 
2280793717  -27.74593    -61.33371     0.11      0.12     0.16     1 
2280793718  -27.74554    -61.30145     0.24      0.15     0.28     1 
2280793719  -27.74514    -61.26920    -0.13      0.11     0.17     1 
2280793723  -27.74346    -61.14020     0.08      0.03     0.08     1 
2280793724  -27.74302    -61.10795    -0.01      0.25     0.25     1 
2280793725  -27.74258    -61.07570    -0.09      0.25     0.27     1 
2280793727  -27.74167    -61.01121     0.04      0.17     0.18     1 
2280793728  -27.74120    -60.97896     0.05      0.18     0.18     1 
2280793733  -27.73875    -60.81774     0.02      0.19     0.19     1 
2280793735  -27.73772    -60.75326    -0.02      0.10     0.10     1 
2280793736  -27.73719    -60.72102    -0.01      0.15     0.15     1 
2280793758  -27.78025    -62.43048     0.08     -0.10     0.12     1 
2280793762  -27.77966    -62.30138    -0.31      0.33     0.45     1 
2280793769  -27.77833    -62.07547    -0.02     -0.11     0.11     1 
2280793780  -27.77550    -61.72049     0.16     -0.07     0.17     1 
2280793782  -27.77489    -61.65596     0.19      0.18     0.26     1 
2280793789  -27.77251    -61.43010     0.53     -0.14     0.54     2 
2280793791  -27.77176    -61.36558     0.21      0.02     0.21     1 
2280793793  -27.77098    -61.30106     0.02      0.09     0.10     1 
2280793795  -27.77017    -61.23654     0.14      0.13     0.19     1 
2280793797  -27.76934    -61.17202     0.05      0.07     0.09     1 
2280793798  -27.76891    -61.13977    -0.14      0.12     0.19     1 
2280793802  -27.76711    -61.01074    -0.01      0.04     0.05     1 
2280793803  -27.76664    -60.97849    -0.20      0.21     0.29     1 
2280793804  -27.76617    -60.94624    -0.06      0.11     0.13     1 
2280793807  -27.76469    -60.84949     0.19      0.10     0.21     1 
2280793808  -27.76419    -60.81723     0.02     -0.15     0.15     1 
2280793810  -27.76315    -60.75274     0.17     -0.05     0.18     1 
2280793811  -27.76263    -60.72049     0.11     -0.03     0.11     1 
2280793834  -27.80557    -62.39807     0.17     -0.05     0.17     1 
2280793837  -27.80511    -62.30122     0.20     -0.14     0.24     1 
2280793842  -27.80420    -62.13981    -0.07      0.06     0.10     1 
2280793848  -27.80286    -61.94613     0.28      0.33     0.43     1 
2280793866  -27.79721    -61.36520    -0.28      0.27     0.38     1 
2280793869  -27.79603    -61.26840    -0.14     -0.05     0.15     1 
2280793870  -27.79562    -61.23613    -0.16      0.13     0.21     1 
2280793872  -27.79478    -61.17160    -0.16      0.18     0.24     1 
2280793874  -27.79391    -61.10707     0.09      0.10     0.14     1 
2280793875  -27.79347    -61.07480    -0.03      0.15     0.15     1 
2280793884  -27.78911    -60.78447     0.15     -0.02     0.15     1 
2280793885  -27.78859    -60.75222     0.01     -0.17     0.17     1 
2280793886  -27.78806    -60.71996    -0.03     -0.02     0.04     1 
2280793887  -27.78753    -60.68771    -0.10     -0.05     0.11     1 
2280793907  -27.83129    -62.46251     0.22     -0.03     0.22     1 
2280793911  -27.83073    -62.33335     0.04      0.04     0.06     1 
2280793912  -27.83057    -62.30106     0.18     -0.03     0.19     1 
2280793916  -27.82986    -62.17190     0.12     -0.05     0.13     1 
2280793922  -27.82856    -61.97818    -0.11      0.21     0.24     1 
2280793923  -27.82831    -61.94589     0.03      0.19     0.19     1 
2280793926  -27.82754    -61.84903     0.15     -0.03     0.16     1 
2280793929  -27.82670    -61.75218    -0.58      0.21     0.62     2 
2280793930  -27.82640    -61.71990    -0.11      0.34     0.35     1 
2280793931  -27.82610    -61.68762     0.27     -0.12     0.30     1 
2280793932  -27.82579    -61.65533    -0.09      0.21     0.23     1 
2280793946  -27.82065    -61.20344    -0.03     -0.01     0.03     1 
2280793947  -27.82023    -61.17117     0.10     -0.09     0.14     1 
2280793949  -27.81936    -61.10663     0.24      0.06     0.25     1 
2280793950  -27.81891    -61.07436    -0.01      0.06     0.07     1 
2280793953  -27.81752    -60.97755    -0.12      0.10     0.16     1 
2280793954  -27.81705    -60.94528     0.05     -0.07     0.09     1 
2280793955  -27.81656    -60.91301    -0.00      0.01     0.01     1 
2280793956  -27.81607    -60.88075    -0.00     -0.17     0.17     1 
2280793957  -27.81557    -60.84848    -0.06     -0.07     0.09     1 
2280793959  -27.81455    -60.78395     0.03     -0.04     0.05     1 
2280793961  -27.81350    -60.71943    -0.07     -0.04     0.08     1 
2280793962  -27.81296    -60.68717     0.06     -0.13     0.14     1 
2280793963  -27.81242    -60.65491    -0.01      0.16     0.16     1 
2280793980  -27.85699    -62.52698     0.13     -0.05     0.14     1 
2280793986  -27.85619    -62.33319    -0.04     -0.29     0.29     1 
2280794020  -27.84651    -61.23531     0.04      0.13     0.14     1 
2280794023  -27.84524    -61.13846    -0.03      0.16     0.17     1 
2280794025  -27.84435    -61.07391    -0.38      0.21     0.43     1 
2280794031  -27.84151    -60.88025    -0.11     -0.44     0.45     1 
2280794032  -27.84101    -60.84798     0.12      0.02     0.12     1 
2280794035  -27.83947    -60.75117     0.04      0.02     0.04     1 
2280794036  -27.83894    -60.71890     0.08     -0.01     0.08     1 
2280794037  -27.83840    -60.68663     0.05     -0.04     0.07     1 
2280794038  -27.83786    -60.65436    -0.00     -0.17     0.17     1 
2280794055  -27.88244    -62.52687     0.08     -0.29     0.30     1 
2280794056  -27.88233    -62.49456    -0.08     -0.10     0.13     1 
2280794060  -27.88179    -62.36534    -0.27      0.21     0.34     1 
2280794083  -27.87637    -61.62241     0.09      0.44     0.45     1 
2280794099  -27.87024    -61.10574    -0.07      0.02     0.08     1 
2280794101  -27.86934    -61.04117     0.06      0.04     0.07     1 
2280794102  -27.86888    -61.00889     0.07     -0.15     0.16     1 
2280794113  -27.86329    -60.65381    -0.10      0.21     0.24     1 
2280794130  -27.90790    -62.52676    -0.02     -0.10     0.10     1 
2280794152  -27.90363    -61.81592     0.05      0.31     0.32     1 
2280794166  -27.89900    -61.36367    -0.34      0.24     0.41     1 
2280794173  -27.89613    -61.13759     0.02     -0.16     0.16     1 
2280794187  -27.88927    -60.68555    -0.18      0.09     0.20     1 
2280794204  -27.93346    -62.55897    -0.02      0.08     0.08     1 
2280794207  -27.93312    -62.46201    -0.19      0.10     0.21     1 
2280794212  -27.93239    -62.30040    -0.05     -0.18     0.19     1 
2280794218  -27.93127    -62.10649    -0.03     -0.40     0.40     1 
2280794227  -27.92908    -61.81564    -0.07      0.03     0.07     1 
2280794228  -27.92880    -61.78333     0.09      0.08     0.12     1 
2280794232  -27.92759    -61.65407     0.08      0.20     0.21     1 
2280794283  -27.95844    -62.42955    -0.12     -0.06     0.13     1 
2280794284  -27.95831    -62.39722    -0.10     -0.18     0.20     1 
2280794285  -27.95816    -62.36489    -0.21     -0.05     0.21     1 
2280794288  -27.95768    -62.26791    -0.11      0.06     0.13     1 
2280794292  -27.95693    -62.13860     0.01      0.05     0.05     1 
2280794295  -27.95629    -62.04163     0.43     -0.18     0.46     1 
2280794297  -27.95582    -61.97698    -0.11      0.07     0.13     1 
2280794299  -27.95533    -61.91233     0.02     -0.02     0.03     1 
2280794303  -27.95425    -61.78304     0.32     -0.20     0.38     1 
2280794304  -27.95396    -61.75072     0.00     -0.04     0.04     1 
2280794306  -27.95335    -61.68608     0.11     -0.03     0.11     1 
2280794307  -27.95304    -61.65376    -0.05     -0.06     0.08     1 
2280794332  -27.94277    -60.84597     0.08      0.39     0.40     1 
2280794355  -27.98427    -62.52643    -0.29      0.37     0.47     1 
2280794356  -27.98415    -62.49409    -0.30      0.26     0.40     1 
2280794357  -27.98403    -62.46175    -0.02     -0.06     0.06     1 
2280794358  -27.98390    -62.42942    -0.00      0.06     0.06     1 
2280794359  -27.98376    -62.39708    -0.13     -0.09     0.16     1 
2280794360  -27.98362    -62.36474     0.07     -0.36     0.37     1 
2280794361  -27.98346    -62.33241    -0.09     -0.03     0.10     1 
2280794366  -27.98258    -62.17074    -0.26     -0.33     0.42     1 
2280794367  -27.98239    -62.13840    -0.35     -0.08     0.36     1 
2280794370  -27.98174    -62.04140     0.41     -0.23     0.47     1 
2280794372  -27.98128    -61.97674    -0.63      0.02     0.63     2 
2280794377  -27.97998    -61.81509    -0.05     -0.11     0.12     1 
2280794378  -27.97970    -61.78276    -0.07      0.13     0.15     1 
2280794379  -27.97941    -61.75043     0.14     -0.20     0.25     1 
2280794380  -27.97911    -61.71810     0.11     -0.06     0.13     1 
2280794381  -27.97881    -61.68577    -0.09      0.02     0.09     1 
2280794382  -27.97849    -61.65344     0.18     -0.16     0.24     1 
2280794386  -27.97717    -61.52414    -0.36     -0.32     0.49     1 
2280794429  -28.00983    -62.55866     0.23      0.13     0.26     1 
2280794432  -28.00949    -62.46163    -0.02     -0.08     0.08     1 
2280794433  -28.00936    -62.42928     0.06     -0.07     0.09     1 
2280794436  -28.00892    -62.33225     0.16     -0.11     0.19     1 
2280794438  -28.00859    -62.26757    -0.16     -0.26     0.31     1 
2280794439  -28.00841    -62.23522     0.10     -0.48     0.49     1 
2280794441  -28.00804    -62.17054    -0.22     -0.08     0.23     1 
2280794442  -28.00784    -62.13820    -0.07      0.01     0.07     1 
2280794453  -28.00515    -61.78247     0.01     -0.07     0.07     1 
2280794454  -28.00486    -61.75013    -0.02     -0.11     0.11     1 
2280794455  -28.00456    -61.71780     0.05     -0.06     0.08     1 
2280794462  -28.00226    -61.49146    -0.23     -0.60     0.64     2 
2280794503  -28.03539    -62.59091    -0.15     -0.12     0.19     1 
2280794504  -28.03529    -62.55856    -0.08     -0.17     0.19     1 
2280794509  -28.03467    -62.39680    -0.19     -0.27     0.32     1 
2280794510  -28.03453    -62.36445     0.15     -0.05     0.16     1 
2280794512  -28.03421    -62.29975    -0.12     -0.02     0.13     1 
2280794513  -28.03404    -62.26740    -0.11      0.02     0.11     1 
2280794514  -28.03387    -62.23504     0.03     -0.18     0.19     1 
2280794516  -28.03349    -62.17035     0.41     -0.16     0.44     1 
2280794517  -28.03329    -62.13800    -0.37      0.02     0.37     1 
2280794521  -28.03242    -62.00861    -0.19     -0.07     0.21     1 
2280794522  -28.03218    -61.97626     0.30     -0.01     0.30     1 
2280794529  -28.03031    -61.74984    -0.10      0.02     0.11     1 
2280794530  -28.03001    -61.71750    -0.18      0.14     0.23     1 
2280794546  -28.02421    -61.20007    -0.05     -0.18     0.18     1 
2280794578  -28.06084    -62.59081    -0.14     -0.06     0.15     1 
2280794580  -28.06064    -62.52609    -0.12     -0.16     0.20     1 
2280794584  -28.06013    -62.39666    -0.53     -0.15     0.55     2 
2280794588  -28.05950    -62.26722    -0.19     -0.12     0.23     1 
2280794591  -28.05895    -62.17015    -0.33     -0.07     0.33     1 
2280794593  -28.05854    -62.10544    -0.10     -0.25     0.27     1 
2280794603  -28.05605    -61.78190    -0.26     -0.19     0.32     1 
2280794653  -28.08630    -62.59072    -0.05     -0.10     0.11     1 
2280794654  -28.08620    -62.55835    -0.15     -0.19     0.24     1 
2280794655  -28.08609    -62.52598    -0.17      0.02     0.17     1 
2280794656  -28.08598    -62.49361    -0.06     -0.32     0.32     1 
2280794659  -28.08558    -62.39651    -0.09      0.20     0.22     1 
2280794663  -28.08495    -62.26705    -0.23     -0.15     0.27     1 
2280794666  -28.08440    -62.16996    -0.20     -0.28     0.34     1 
2280794667  -28.08420    -62.13759    -0.29     -0.28     0.40     1 
2280794668  -28.08399    -62.10523    -0.41     -0.05     0.41     1 
2280794673  -28.08284    -61.94341    -0.49     -0.30     0.57     2 
2280794675  -28.08233    -61.87869    -0.10     -0.18     0.20     1 
2280794676  -28.08206    -61.84633    -0.04     -0.14     0.14     1 
2280794677  -28.08178    -61.81397    -0.19     -0.02     0.19     1 
2280794681  -28.08060    -61.68453    -0.03     -0.03     0.04     1 
2280794682  -28.08029    -61.65217    -0.08      0.00     0.08     1 
2280794683  -28.07997    -61.61982    -0.16      0.13     0.20     1 
2280794700  -28.07334    -61.06984    -0.23     -0.25     0.34     1 
2280794701  -28.07288    -61.03749    -0.18     -0.22     0.29     1 
2280794731  -28.11143    -62.49349    -0.34     -0.17     0.38     1 
2280794732  -28.11131    -62.46112    -0.28     -0.21     0.35     1 
2280794733  -28.11118    -62.42874    -0.22     -0.12     0.25     1 
2280794735  -28.11089    -62.36400    -0.53     -0.12     0.54     2 
2280794736  -28.11074    -62.33162     0.14      0.51     0.52     2 
2280794742  -28.10966    -62.13739    -0.35      0.11     0.37     1 
2280794743  -28.10945    -62.10502    -0.16     -0.34     0.38     1 
2280794746  -28.10878    -62.00790    -0.06     -0.36     0.37     1 
2280794772  -28.10011    -61.16645    -0.19     -0.08     0.21     1 
2280794813  -28.13586    -62.26670    -0.13     -0.11     0.18     1 
2280794824  -28.13349    -61.91054    -0.13     -0.10     0.16     1 
2280794828  -28.13240    -61.78104    -0.24      0.04     0.24     1 
2280794896  -28.15968    -62.00744    -0.16     -0.32     0.35     1 
2280794897  -28.15945    -61.97505    -0.09     -0.13     0.16     1 
2280794898  -28.15920    -61.94266    -0.46     -0.18     0.50     1 
2280794899  -28.15895    -61.91028     0.02     -0.28     0.28     1 
2280794900  -28.15868    -61.87790    -0.37      0.03     0.37     1 
2280794904  -28.15756    -61.74836    -0.17     -0.38     0.42     1 
2280794909  -28.15599    -61.58646    -0.06     -0.16     0.17     1 
2280794910  -28.15565    -61.55408    -0.22     -0.08     0.23     1 
2280794925  -28.14966    -61.06847    -0.29      0.13     0.32     1 
2280794972  -28.18490    -61.97481    -0.23      0.00     0.23     1 
2280794974  -28.18440    -61.91002     0.13     -0.32     0.35     1 
2280794975  -28.18414    -61.87763    -0.02     -0.21     0.21     1 
2280794976  -28.18387    -61.84524    -0.08      0.01     0.08     1 
2280794977  -28.18359    -61.81285    -0.25     -0.10     0.27     1 
2280794979  -28.18301    -61.74807    -0.12     -0.30     0.32     1 
2280794980  -28.18271    -61.71568    -0.09     -0.30     0.31     1 
2280794982  -28.18209    -61.65090    -0.06     -0.45     0.45     1 
2280795052  -28.20904    -61.81257    -0.19     -0.20     0.28     1 
2280795053  -28.20876    -61.78017    -0.18     -0.39     0.43     1 
2280795054  -28.20846    -61.74777    -0.04     -0.11     0.12     1 
2280795055  -28.20816    -61.71537    -0.17     -0.19     0.26     1 
2280795056  -28.20785    -61.68298    -0.07     -0.16     0.17     1 
2280795057  -28.20754    -61.65058    -0.06     -0.28     0.29     1 
2280795058  -28.20722    -61.61819    -0.06     -0.20     0.21     1 
2280795059  -28.20688    -61.58579    -0.13     -0.29     0.32     1 
2280795060  -28.20654    -61.55340    -0.17     -0.15     0.23     1 
2280795132  -28.23299    -61.65026    -0.05     -0.34     0.34     1 
2280795133  -28.23266    -61.61786    -0.19     -0.46     0.50     1 
2280795135  -28.23199    -61.55305    -0.13     -0.28     0.31     1 
2280795212  -28.25674    -61.48789    -0.11     -0.35     0.37     1 
2280795306  -28.27398    -60.87175    -0.49      0.26     0.55     2 
----------------------------------------------------------------------
---------------------------------------------------
Total correlated GCPs in Upper Left Quadrant: 255

GCP statistics this quadrant only (in Pixels)
Line residual statistics:
  Mean: 0.175
  Median: 0.183
  Standard Deviation: 0.185

Sample residual statistics:
  Mean: -0.072
  Median: -0.061
  Standard Deviation: 0.177

Quadrant RMSE: 0.318

---------------------------------------------------
Total correlated GCPs in Upper Right Quadrant: 578

GCP statistics this quadrant only (in Pixels)
Line residual statistics:
  Mean: 0.062
  Median: 0.053
  Standard Deviation: 0.150

Sample residual statistics:
  Mean: -0.082
  Median: -0.077
  Standard Deviation: 0.162

Quadrant RMSE: 0.244

---------------------------------------------------
Total correlated GCPs in Lower Left Quadrant: 246

GCP statistics this quadrant only (in Pixels)
Line residual statistics:
  Mean: 0.009
  Median: 0.023
  Standard Deviation: 0.196

Sample residual statistics:
  Mean: 0.023
  Median: 0.020
  Standard Deviation: 0.202

Quadrant RMSE: 0.282

---------------------------------------------------
Total correlated GCPs in Lower Right Quadrant: 199

GCP statistics this quadrant only (in Pixels)
Line residual statistics:
  Mean: 0.012
  Median: 0.005
  Standard Deviation: 0.156

Sample residual statistics:
  Mean: 0.038
  Median: 0.046
  Standard Deviation: 0.171

Quadrant RMSE: 0.235

---------------------------------------------------
---------------------------------------------------
Total correlated GCPs in scene: 1278

GCP statistics entire scene (in Pixels)
Line residual statistics:
  Mean: 0.067
  Median: 0.065
  Standard Deviation: 0.178

Sample residual statistics:
  Mean: -0.041
  Median: -0.045
  Standard Deviation: 0.182

Scene RMSE: 0.266

